Timp in Milisecunde
0.0595
0.9664
1.8826
1.114
0.7206
2.0947
0.4669
1.5734
0.8803
0.2196
2.2823
2.5794
0.3733
0.9256
0.493
0.0461
0.0178
1.6744
2.7136
0.9503
2.2858
1.2191
2.6048
2.6411
0.0592
2.3863
1.1998
1.3245
1.6223
0.9034
2.5373
1.4466
0.7039
1.2527
1.2742
2.4398
0.9654
0.3568
2.2919
2.3743
1.8986
1.5017
1.0731
0.9286
2.2026
2.3689
1.2473
1.9308
2.4251
1.4201
1.146
2.2365
0.2313
0.8151
2.4686
0.2423
0.7463
0.3322
1.1287
2.5734
0.7429
0.0814
1.0774
2.5201
0.4695
0.6641
0.8942
0.332
0.1137
1.7079
3.3704
1.9763
0.6014
2.7097
2.3203
0.3126
2.6975
1.4707
1.8523
1.4148
0.964
0.113
0.7774
1.466
0.4348
0.7344
0.4521
1.2243
0.9689
0.6543
0.3791
0.3016
0.8928
1.306
2.5346
0.736
1.7999
2.6463
2.4542
1.57
0.1562
2.696
2.9051
0.6054
2.365
0.8835
2.3899
1.1169
2.2653
0.1943
0.918
1.9632
0.3369
1.2111
1.7168
2.3389
1.8326
2.4126
2.0643
1.9362
0.3781
2.0888
0.6939
2.5915
2.7605
2.5752
0.7357
2.6619
2.4867
2.2316
0.064
1.4287
0.9565
0.1655
0.9713
2.2297
1.8007
2.3349
2.1413
1.5282
1.411
0.6474
1.5311
0.6162
2.1915
1.0152
1.0816
1.4908
2.2391
2.6262
0.2796
1.4268
2.1551
2.5072
1.3441
1.3438
1.3737
1.6386
1.1135
2.5766
1.1036
1.5119
2.3605
0.7778
1.3107
1.6778
0.5618
0.1219
2.3267
1.7998
0.8184
1.3068
1.909
1.1767
2.6292
0.8715
2.2019
0.5922
0.0635
1.2621
0.3981
0.1794
1.3875
2.3778
0.8108
1.4317
2.3924
1.59
1.9984
0.1025
0.6684
0.9052
1.813
2.4202
3.6509
1.0394
2.4533
0.9496
2.5861
0.5681
1.671
1.0226
0.3314
2.3274
1.5614
2.5221
0.2423
2.119
0.9007
2.0721
0.0188
0.1513
0.1497
2.5877
0.5004
1.6442
1.0777
2.6733
2.1619
1.5002
0.765
0.6244
1.2014
2.6974
1.7325
2.6342
1.1101
1.0552
0.0699
0.5617
2.276
0.519
0.7327
1.0092
0.8447
1.2984
1.5188
1.2556
1.3446
1.6471
0.9491
2.634
2.6256
2.437
0.2878
2.0891
1.5594
2.5523
2.1291
0.6559
2.4095
0.8651
1.155
0.1884
2.2314
1.1412
2.6279
1.0841
0.5081
0.9438
0.689
1.3706
1.8115
1.9228
1.4261
0.4623
2.1316
2.4857
1.4346
1.0956
0.9216
1.8867
0.2053
0.6176
1.2718
2.2312
0.6021
1.834
1.0693
0.6925
1.4431
0.5025
2.5545
0.5444
0.2703
2.5959
0.4843
1.3149
0.1907
1.9558
1.1428
2.3986
1.3254
1.1139
0.8256
2.0579
1.7708
2.7005
0.4586
1.2076
2.5072
2.6841
0.6035
0.7284
2.5752
1.6852
2.4192
0.223
2.7106
1.0795
1.7781
1.2122
0.4841
1.2103
1.0919
3.2883
1.7892
0.0045
0.7441
1.8294
2.2095
0.98
1.7261
1.2944
2.0196
1.8723
0.6838
0.5016
3.416
0.4353
0.6307
1.0431
1.1089
2.4793
1.1085
0.221
1.7551
1.0605
0.2342
0.3388
1.567
2.0084
2.6289
1.7499
2.6896
1.034
1.132
1.4372
1.6143
0.6577
1.8514
2.0224
1.0877
0.5493
2.3989
1.1396
0.9992
2.1112
0.7594
2.3575
1.1328
1.9384
2.3284
1.6277
2.3506
1.1428
1.562
2.6758
0.0884
1.1831
0.1968
0.0513
1.051
1.0505
0.9248
0.2044
2.0537
1.1734
0.5956
1.6372
0.5545
2.3618
0.0905
0.8217
2.289
0.2682
0.7251
1.4075
0.806
2.6408
0.7129
1.8846
1.8969
0.903
0.1365
2.4502
1.0644
1.9633
2.4491
1.4571
2.4548
0.929
0.3721
1.1619
0.9334
1.4538
0.7712
2.0565
0.5237
1.5442
1.9781
1.6505
1.1925
0.0482
1.0458
1.0571
1.6166
1.6255
0.0822
1.2237
2.696
2.6982
1.1957
0.2554
2.1178
1.089
1.3212
1.7944
2.4043
0.3445
2.5717
0.2993
0.4683
1.4054
0.3202
2.0896
2.2327
2.4482
1.4057
1.8536
0.0119
2.4888
3.6332
0.1102
1.7655
1.7606
2.5168
2.581
0.7101
2.4817
2.3426
0.7434
0.5626
0.9772
1.545
2.0017
2.6637
1.4231
0.47
1.1466
0.948
1.4868
1.1991
1.899
1.4561
0.8479
1.046
0.0952
1.618
1.3321
0.5962
0.9438
0.3037
1.7231
1.8074
2.4908
1.1994
0.718
0.0815
0.8519
1.0953
1.6094
0.5281
2.0946
1.1993
2.103
0.8079
0.0709
0.5518
1.4463
0.1141
0.9905
0.9645
0.6724
0.2919
1.9611
0.5274
2.1563
1.088
3.473
2.6147
0.8652
1.255
1.4845
0.863
2.0199
0.0136
0.0578
0.4299
1.1046
1.4583
2.2229
0.2917
0.5437
0.5055
0.8515
0.7785
0.107
0.7154
0.8228
1.4513
1.715
2.698
0.5661
1.5238
2.0131
2.5623
0.9514
1.3792
2.1409
0.2685
0.6113
2.4553
0.3482
1.1157
1.6169
2.1721
0.4371
2.5414
1.3463
0.5302
2.1615
1.2417
0.2422
2.3633
1.7113
2.121
1.538
1.9242
2.4666
1.4085
0.9518
1.2004
0.4309
2.441
0.4535
1.5329
2.0563
1.5037
1.5445
1.437
1.7367
0.8037
1.4637
0.1383
2.0673
2.4597
0.4586
1.9806
0.5184
0.1177
0.0695
1.5865
2.6559
0.4119
1.1642
1.7402
0.8441
1.1569
2.1875
2.4212
1.1086
0.3743
0.9027
0.3519
1.2326
1.3171
1.8486
0.0937
0.0363
1.5431
1.0064
2.2429
1.4227
1.7722
0.4946
1.134
0.7441
2.3606
0.74
1.4394
0.5323
0.4555
0.2738
2.3894
0.3058
1.0871
1.4722
2.6224
1.6631
2.1575
2.625
1.3764
0.4494
3.935
0.5695
1.9973
0.5844
1.0562
2.0288
0.9145
0.3437
0.5388
1.2437
1.1167
2.1722
0.2876
2.013
2.4653
0.6777
1.2351
0.7265
0.1782
2.6711
0.1111
1.2371
1.2427
0.2263
0.1853
1.3571
0.4674
1.6812
1.3197
0.2035
0.8027
2.0331
1.3383
1.185
1.1662
0.8138
0.4388
0.666
2.4005
0.0379
1.5538
0.1214
2.6835
1.8335
2.51
1.2055
1.8042
2.4168
2.2977
1.175
1.2339
1.1009
2.2727
1.6506
2.0936
1.7
1.3553
1.1555
0.5084
1.4565
2.1488
2.6338
1.119
0.3225
0.6286
1.3059
2.7508
1.4766
0.4938
0.8801
1.086
0.4637
2.1379
0.5743
1.4446
2.13
1.3997
2.4507
3.2882
0.0712
0.6627
1.8242
2.3777
0.163
2.0259
2.0613
0.6176
0.1622
2.3726
2.4847
0.5141
2.2083
1.4486
0.7319
1.2835
2.0009
2.1401
0.0211
2.2421
2.5615
1.7317
2.1002
0.815
0.7349
2.7045
1.9777
0.1454
0.3333
1.0868
1.423
0.105
0.2277
2.0589
0.4123
0.0334
0.5439
1.7181
0.9483
1.9316
0.0558
1.3656
0.773
2.5593
0.3741
2.0632
0.9896
1.9601
1.0948
1.3299
1.018
1.8402
0.1183
0.7348
2.5679
0.4371
1.5442
1.9522
2.22
2.5094
1.4958
0.7839
0.1888
2.155
0.9148
0.8387
2.1103
0.6096
2.2241
0.6199
0.1068
2.9668
1.0717
0.1474
0.7356
2.673
1.7551
0.0528
2.4866
2.444
0.7192
2.1428
2.5766
1.6602
0.8631
0.399
2.1977
0.9961
1.5313
1.3247
1.267
2.0649
1.3522
0.1458
0.7581
1.8785
1.984
2.2006
1.0275
2.1496
0.9368
1.8516
1.6937
1.6256
1.4744
1.9925
2.4147
0.8726
0.6587
1.8179
2.0738
0.1207
1.219
1.3511
1.2668
1.4402
2.3438
2.6386
0.0033
0.0609
1.2384
1.8011
2.0479
0.39
0.5108
1.7543
2.1419
0.1472
1.9795
1.269
0.6377
2.3102
0.246
1.8379
2.8854
2.3679
0.8348
0.4441
0.4522
1.8251
2.8154
0.6664
0.9843
1.684
2.6702
2.0387
2.4298
1.1836
0.7163
1.6928
1.2705
2.3232
1.6447
2.1319
1.7751
1.3179
0.0748
1.8731
0.821
0.8152
1.267
1.0451
2.1779
1.6618
0.44
0.5679
1.8709
0.9289
2.1882
1.5907
1.0619
0.2926
0.1627
0.2085
1.3275
0.5081
1.7933
0.3881
1.044
0.5815
1.2899
0.4747
0.4724
1.7259
1.9612
1.9596
2.5258
1.4267
1.0418
1.1048
1.195
2.6387
2.0348
1.3587
1.6883
1.6369
0.1008
1.5135
1.2434
1.9656
1.0316
2.5774
1.3919
1.4486
0.322
0.1563
2.2446
0.2139
2.1279
1.536
1.6942
1.8536
1.8604
0.6512
2.172
2.5703
1.8035
1.8925
2.5949
2.3986
1.2374
0.2998
0.6579
0.8429
1.3534
2.5389
0.8124
0.0653
2.3753
2.6288
0.5191
1.1722
1.8231
2.182
1.3131
2.3008
1.1706
0.0919
2.3142
0.1688
0.576
1.4317
1.539
1.2237
0.6136
2.0968
0.1713
0.7287
0.7024
1.9844
0.2205
0.7955
2.2511
1.3689
2.1673
2.6219
0.4294
2.2752
1.7238
2.3112
0.3995
0.0906
0.5073
0.3605
0.3997
0.9037
0.1927
0.1491
2.3346
1.4116
1.1145
0.5422
0.5185
2.0059
1.2732
1.0999
2.5276
0.4742
0.3719
0.3943
1.3268
1.2052
2.3809
2.0783
0.1935
0.5695
2.2009
1.2181
1.8415
2.6342
0.6877
0.8135
0.7904
0.3098
0.7005
2.853
1.2835
0.8513
0.2732
0.8518
1.4119
1.6308
2.0767
0.7285
0.6632
0.4066
1.3966
2.5057
1.1063
0.7845
1.5811
1.0859
2.1077
2.6372
1.4473
2.3852
1.8106
2.3525
0.5901
0.4833
2.4638
2.5042
1.9413
2.6658
1.9386
0.1854
2.1328
0.6047
1.6171
0.0891
0.733
0.4884
0.2464
2.0628
2.5793
0.806
0.4737
2.3385
0.1362
0.2546
1.5304
0.933
0.5903
1.4536
1.228
1.9248
1.3687
0.4555
0.3859
0.2679
2.1159
0.3282
1.5793
1.1286
0.3135
1.476
2.4251
2.4983
1.1613
1.4958
0.4489
2.3914
0.258
0.3354
1.8855
2.6798
0.7
1.115
2.2343
0.7403
1.4921
1.1928
1.2152
1.7464
0.7302
1.2946
0.1298
0.4426
0.9514
2.0511
1.0379
0.7121
0.7267
2.2038
2.0486
1.9003
1.9578
0.739
0.2981
2.3022
0.614
2.1866
1.0039
1.1144
1.2382
0.9209
2.0225
1.3942
1.1128
1.0396
1.0149
1.7732
2.62
2.0457
1.737
2.1093
1.2512
1.1206
0.1351
1.783
0.1949
0.9138
1.794
1.4454
0.8955
2.5337
1.0504
0.2262
0.3413
1.1365
2.3406
1.208
0.1165
2.5598
1.4965
2.2759
1.2029
0.0957
0.6991
1.8055
2.6448
2.5504
0.7479
2.1683
0.4593
0.1796
2.4804
0.2824
2.1876
0.5851
0.1247
1.6486
2.3083
0.9212
2.5822
2.3184
2.0931
0.4956
1.237
1.2521
0.6961
2.0193
0.1596
0.1858
2.4879
2.6593
1.1892
2.6453
0.2953
2.1626
1.6691
2.5127
0.9382
2.012
1.8307
1.1551
1.9735
2.0089
2.4374
0.9704
2.351
1.2021
0.1306
0.1284
1.7912
2.2618
0.0602
2.5386
0.0629
0.3981
1.3359
2.6776
1.3364
1.3704
0.2052
2.6699
1.4425
0.4033
2.0618
1.394
0.3222
1.4473
2.1915
2.0149
1.6527
1.921
0.6569
2.4809
1.0558
0.0873
2.2152
1.8277
1.7391
2.4745
2.0362
1.8506
2.2858
1.7872
2.001
2.0666
1.7159
0.72
1.4866
2.2744
0.0272
0.4561
2.1171
2.4708
1.4537
0.5794
2.6959
1.2842
2.0987
2.5769
2.5461
0.9533
0.3359
1.7873
1.501
3.0969
2.3946
0.6235
0.7995
0.9695
0.5088
1.2366
1.0014
2.2883
0.4793
0.0608
3.4258
0.6592
1.6592
1.1848
1.193
0.9386
2.0349
2.2011
1.7621
1.4399
2.0089
1.9749
2.3996
1.7299
1.1861
1.7525
0.3996
2.4809
2.2812
1.1265
1.9048
2.693
2.2145
2.535
1.5882
2.0961
0.1568
2.0703
0.4096
2.7016
2.4157
0.5619
2.0233
1.8694
0.8532
0.8913
2.4734
0.9436
0.7694
1.2584
0.2889
1.3196
0.775
1.4075
1.8762
1.2648
1.4126
1.1018
2.678
2.5859
0.5325
0.4173
2.3871
0.0215
0.7274
0.2954
1.9336
0.3282
0.0931
0.5066
2.5611
2.0395
0.496
0.7052
1.9628
0.8224
2.6313
0.047
0.8611
1.7871
2.0258
0.5603
2.0142
0.7948
0.2883
1.1911
2.1019
2.5376
1.9829
1.969
1.6543
1.0437
0.8756
1.0695
2.2371
2.0732
0.9649
1.085
0.0899
0.9167
0.748
0.8871
1.8439
0.8732
1.3622
2.0755
1.4837
2.0175
0.0622
2.2577
2.3203
1.9108
1.599
2.1003
1.0115
0.8003
1.3535
0.3787
2.3881
0.3376
1.9433
1.2722
0.1487
0.3568
0.0766
1.2568
2.0837
0.9034
0.2118
2.2413
1.7662
1.6739
1.0367
2.3157
0.2169
1.189
0.8484
0.1827
0.6648
2.2218
0.6906
2.5334
2.3282
0.8183
0.081
0.8546
1.0022
1.6375
0.4932
1.6573
0.2684
1.5101
0.0425
0.6326
2.3445
0.1695
0.8773
2.0719
0.2641
1.4687
1.1853
2.6871
0.1557
0.3914
0.8941
1.6601
1.8389
0.4581
1.1735
0.4355
0.8743
2.0565
1.4115
1.7575
0.674
1.8075
1.3702
0.0691
1.6314
2.5502
1.6162
0.4056
0.4667
1.8261
0.8208
1.5461
0.7666
0.5506
0.3606
1.5329
0.7151
0.4936
0.1354
0.1601
2.4095
2.424
1.3137
1.7427
1.718
2.1655
1.4617
0.1108
0.7856
1.2166
1.3494
3.95
2.6236
1.3947
0.4216
0.3089
1.9609
0.5992
1.7635
0.5058
2.0568
2.0172
1.9479
1.3495
1.0843
0.1261
1.7091
1.8551
2.3829
2.2107
0.4467
3.241
1.8697
1.4018
0.5071
2.2945
0.0972
2.1799
2.0665
1.137
1.0384
1.6379
1.6375
2.5249
0.881
2.1193
2.4336
0.5793
0.7164
1.1606
0.2507
0.1213
1.8767
0.8441
1.933
1.9265
2.4799
0.0241
0.487
1.2963
2.0334
1.881
1.0878
0.1743
2.3214
0.6114
3.1398
0.2021
1.701
0.3592
1.4678
0.867
2.3051
1.6941
2.3162
2.3916
1.3926
0.2902
1.1826
0.9247
1.8686
0.4535
0.262
1.708
0.6319
1.4261
0.1969
1.8361
2.2746
2.6376
1.8409
0.6813
1.1106
1.1881
1.3461
2.3992
1.6452
1.0438
1.293
2.317
1.2931
0.8977
2.6355
2.1135
1.894
2.3891
1.1373
0.834
2.5165
1.9207
0.53
0.1605
1.9332
2.043
2.1177
0.9584
0.1589
0.0093
1.9161
0.3503
2.1291
0.6594
1.9366
0.645
0.8571
1.3779
0.328
1.2314
1.1943
1.9191
0.8615
0.4254
2.0675
0.7382
1.8343
2.2899
2.2321
0.2546
0.4995
0.6138
0.3561
0.7156
1.1024
1.0479
1.3521
2.1
1.9707
0.078
1.0365
0.6792
1.4706
0.8602
0.1227
1.1816
1.7686
1.4375
0.388
2.2402
1.416
0.6699
2.5168
2.5185
1.6678
1.4511
0.4203
1.4416
1.857
2.0781
1.6017
2.2984
0.302
2.6184
1.87
0.7699
1.6092
0.9614
2.0436
2.2873
1.3565
1.3947
0.236
0.4457
2.0631
0.315
1.8961
0.2551
0.6418
2.5171
3.2581
2.3409
0.0773
2.3529
1.9668
1.0489
1.6309
0.207
1.294
1.2208
1.933
1.9982
0.7843
3.8668
0.7524
2.5198
0.8998
0.3731
0.1407
2.6365
1.6845
2.2849
3.5646
2.4235
2.6703
2.4718
1.9052
1.2741
0.4177
0.1024
0.75
1.0172
0.7582
0.0329
0.3489
1.0323
2.2434
1.9123
2.5464
0.2402
0.5409
2.3868
1.7886
1.3925
1.114
2.6755
2.5399
1.8425
2.6794
1.5386
0.2678
1.8128
0.3591
1.7132
0.5174
2.1467
2.2542
0.3582
1.5938
0.7226
0.5837
0.7396
0.2603
0.8369
0.8662
2.6724
1.6989
1.0131
1.3958
1.7396
1.1914
1.101
2.2376
0.9755
0.5182
1.9769
0.1781
1.1996
0.7914
1.3184
0.3592
1.9664
1.9122
0.9287
0.2924
1.1304
1.0012
0.6347
1.0651
1.73
1.0005
2.517
1.2745
0.6787
0.1825
1.1204
2.1416
0.8036
1.9222
0.064
1.2149
0.6307
0.6194
0.8193
2.4638
1.4061
2.0565
2.6643
0.4441
0.0806
1.8501
0.6174
2.5668
1.3764
1.0188
0.5626
0.6485
0.0019
1.1857
0.2428
0.7237
0.5281
0.4563
2.0436
1.1945
1.6753
1.589
0.4497
0.4084
2.1958
1.8887
0.7359
2.0743
0.4814
0.5053
1.1662
2.4432
2.2114
2.2727
1.8701
2.4565
0.1852
1.7162
2.1645
1.0314
1.0618
1.5361
2.5793
1.2183
0.3338
1.4977
0.5974
2.551
2.0546
1.994
1.6199
0.0897
2.579
0.1327
0.0324
1.452
2.3165
1.7818
0.2595
1.5901
0.0865
2.5483
0.6196
1.5625
1.3556
1.3809
0.2314
2.1888
0.134
2.4032
0.1701
0.9867
1.3164
0.1656
0.6101
2.6948
0.7877
2.1047
0.979
2.1234
1.0884
0.403
2.5526
0.2723
1.1773
2.5353
0.4047
1.5263
2.1758
2.0651
2.2592
0.1393
1.1434
0.8996
0.9822
0.5592
1.9027
2.2172
2.2149
1.9866
1.5832
0.2835
1.9168
0.6722
1.4104
1.5764
2.2906
0.2391
1.6297
1.367
1.6177
1.6812
0.521
0.8512
2.6933
0.6461
0.4595
0.7242
2.4915
2.035
1.9958
1.9139
2.6448
0.5691
0.9175
1.8086
0.0627
0.1781
0.9948
1.7094
1.2918
0.116
0.4443
0.4127
0.7343
0.0921
2.0189
2.3026
1.387
2.0568
1.3296
0.8049
0.3248
1.7363
0.6069
1.5254
1.0539
2.4406
1.8844
2.4119
0.5784
2.4012
2.6621
2.5859
0.7111
0.3336
2.1204
0.0223
1.6604
0.2518
1.5016
2.0309
2.5407
1.1163
0.1885
1.2063
2.0216
0.5774
1.7394
1.9188
0.0015
2.1745
0.2222
1.1939
1.5643
0.3402
1.4657
0.2996
1.6808
2.6324
2.0498
2.5597
1.2773
1.9706
1.3961
1.1714
2.7218
1.1548
2.3222
1.6937
1.1964
2.2611
1.4558
2.4938
0.4539
1.3835
2.6082
2.1613
1.204
1.0327
0.7643
1.3684
1.5624
0.5611
0.1778
3.3744
0.5654
2.355
2.353
0.4421
1.4768
0.6308
0.7717
1.0043
0.6199
0.9145
1.0853
0.0198
2.3375
1.6733
1.6567
0.7678
0.6838
1.2125
1.1751
0.0929
2.4557
3.8098
1.8435
0.8141
0.3636
2.3136
0.7192
1.3488
2.6939
1.984
1.914
0.9454
0.6468
1.5183
1.0956
0.0052
1.5762
1.3339
2.6465
0.4057
1.4283
0.4881
0.8468
0.6448
1.8
0.6795
1.4293
0.9387
1.6331
1.0856
0.3049
2.1973
1.4247
1.7902
0.0981
1.1963
0.6141
1.7778
1.6478
2.5331
1.1365
2.3448
0.8028
1.535
2.3259
2.268
0.2416
0.2662
2.2924
1.7358
1.0828
0.9831
1.0711
2.178
2.2238
2.1839
2.0102
2.6936
2.2576
1.4139
0.151
0.7095
2.5581
0.992

