Timp in Milisecunde
0.0822
0.0809
0.1287
0.081
0.0822
0.0839
0.0835
0.0811
0.081
0.0811
0.0812
0.0838
0.0834
0.0809
0.0812
0.0821
0.0833
0.0835
0.0812
0.0853
0.0809
0.0811
0.0809
0.081
0.0814
0.0833
0.0811
0.0831
0.083
0.0826
0.0811
0.0834
0.0809
0.0812
0.081
0.081
0.0834
0.0814
0.0821
0.0843
0.0836
0.0837
0.081
0.081
0.0811
0.081
0.0824
0.0809
0.081
0.0809
0.0823
0.0828
0.0829
0.0815
0.082
0.081
0.0812
0.0842
0.0823
0.0814
0.0809
0.0837
0.0802
0.0809
0.084
0.0825
0.0811
0.0811
0.0814
0.0812
0.0824
0.0825
0.0832
0.0803
0.0807
0.0868
0.081
0.0822
0.0804
0.0811
0.0809
0.0833
0.0823
0.0868
0.0811
0.0811
0.0846
0.0811
0.0811
0.0812
0.0812
0.081
0.0803
0.0821
0.081
0.0835
0.0814
0.0813
0.0815
0.081
0.0813
0.0815
0.0833
0.081
0.081
0.0831
0.0822
0.0833
0.0822
0.0849
0.085
0.0821
0.0832
0.0823
0.0818
0.0809
0.0823
0.0833
0.0842
0.0851
0.0832
0.0855
0.0833
0.0828
0.0875
0.0813
0.0823
0.0848
0.0827
0.0813
0.0813
0.0812
0.0817
0.0813
0.0811
0.0831
0.0811
0.0812
0.0824
0.081
0.0828
0.082
0.0811
0.0871
0.081
0.0809
0.0812
0.083
0.0813
0.0812
0.0812
0.0831
0.0789
0.0821
0.081
0.081
0.0867
0.0825
0.0825
0.0929
0.0813
0.0818
0.0835
0.0808
0.0826
0.0848
0.0842
0.0825
0.0816
0.0866
0.0814
0.0841
0.0837
0.0823
0.097
0.0821
0.0814
0.0849
0.0841
0.0811
0.0845
0.0809
0.0822
0.0933
0.081
0.0834
0.0847
0.0833
0.0812
0.0842
0.084
0.0811
0.081
0.0813
0.0811
0.082
0.0812
0.083
0.0811
0.081
0.0825
0.0814
0.0811
0.0852
0.0843
0.0822
0.0821
0.081
0.0827
0.1193
0.0822
0.0841
0.0814
0.0851
0.0809
0.0809
0.0813
0.084
0.0814
0.0833
0.0854
0.0811
0.0811
0.0821
0.0836
0.0854
0.0812
0.0812
0.081
0.0822
0.0812
0.081
0.0843
0.0843
0.0808
0.0855
0.0808
0.0814
0.0856
0.0859
0.0812
0.0821
0.0811
0.081
0.0838
0.0833
0.0814
0.0817
0.0812
0.0813
0.0822
0.0835
0.0849
0.0847
0.0816
0.0812
0.0813
0.0824
0.0808
0.0812
0.0811
0.0809
0.0816
0.0813
0.0811
0.0823
0.0821
0.0837
0.0836
0.0811
0.0851
0.0824
0.0809
0.082
0.0825
0.0812
0.0837
0.0827
0.0849
0.0859
0.0847
0.0823
0.0835
0.0823
0.0827
0.081
0.0823
0.0836
0.081
0.081
0.081
0.0816
0.0811
0.0811
0.0811
0.0823
0.0832
0.0838
0.081
0.081
0.0811
0.0811
0.0808
0.0833
0.0812
0.0833
0.0834
0.084
0.082
0.0824
0.0809
0.0811
0.081
0.0839
0.0841
0.0839
0.0811
0.0825
0.0813
0.0812
0.0837
0.0815
0.0832
0.0842
0.0838
0.0811
0.0823
0.0812
0.0843
0.085
0.0808
0.0856
0.0811
0.0813
0.0847
0.0849
0.0833
0.0813
0.0812
0.0813
0.081
0.0845
0.0807
0.0809
0.085
0.081
0.0815
0.0812
0.083
0.081
0.081
0.0838
0.0808
0.0815
0.0812
0.0811
0.0833
0.0811
0.0809
0.0809
0.081
0.0812
0.0807
0.0811
0.0809
0.0834
0.085
0.081
0.0812
0.0809
0.0835
0.081
0.0811
0.0838
0.0811
0.0812
0.0847
0.082
0.0809
0.084
0.0811
0.0823
0.0823
0.0809
0.0828
0.0811
0.0811
0.0813
0.0843
0.0813
0.0849
0.082
0.0822
0.0842
0.0813
0.0813
0.081
0.0869
0.0821
0.0816
0.0811
0.0839
0.0825
0.0809
0.0827
0.0822
0.0814
0.0811
0.0811
0.0866
0.0815
0.0812
0.0824
0.0814
0.0823
0.0824
0.0812
0.0833
0.0816
0.0824
0.081
0.085
0.0834
0.0843
0.0811
0.0836
0.0817
0.0849
0.081
0.0809
0.0811
0.0811
0.0812
0.0838
0.081
0.0829
0.0824
0.0822
0.0856
0.0811
0.0812
0.0812
0.0819
0.0813
0.0812
0.0811
0.0828
0.0812
0.0857
0.0855
0.0823
0.091
0.0876
0.0809
0.0835
0.081
0.0809
0.0821
0.0809
0.0811
0.0812
0.0812
0.0845
0.081
0.0846
0.0825
0.0812
0.0811
0.0849
0.0823
0.0816
0.0811
0.0811
0.0809
0.0812
0.0813
0.0808
0.081
0.0811
0.0811
0.0811
0.0878
0.0824
0.0811
0.0842
0.12
0.0811
0.0809
0.0812
0.081
0.0825
0.0813
0.0842
0.0812
0.081
0.0841
0.0837
0.0812
0.0814
0.0823
0.0836
0.0831
0.0811
0.0806
0.0811
0.0811
0.081
0.0811
0.0812
0.0812
0.0814
0.0809
0.0811
0.0811
0.0809
0.0842
0.0809
0.081
0.0812
0.081
0.0812
0.0809
0.0823
0.084
0.0812
0.0823
0.0863
0.0811
0.0843
0.0837
0.0822
0.0791
0.0839
0.0813
0.0824
0.0859
0.0811
0.082
0.0809
0.081
0.0825
0.0989
0.0822
0.0833
0.0908
0.0809
0.0811
0.0823
0.081
0.0846
0.0827
0.0812
0.0823
0.0849
0.0852
0.081
0.0838
0.0814
0.0834
0.0809
0.0844
0.0812
0.0809
0.0852
0.082
0.0823
0.0809
0.081
0.0834
0.0822
0.081
0.0819
0.0809
0.081
0.0838
0.0836
0.085
0.0839
0.0839
0.081
0.0834
0.0846
0.0813
0.0823
0.0822
0.0811
0.0809
0.081
0.0811
0.0861
0.0849
0.0811
0.0834
0.0846
0.0813
0.0868
0.0802
0.0814
0.0809
0.081
0.0841
0.0836
0.0811
0.0822
0.0871
0.0812
0.0827
0.0815
0.0813
0.081
0.1106
0.0814
0.0809
0.0811
0.0846
0.0813
0.0811
0.0821
0.0809
0.0835
0.0812
0.0927
0.0826
0.081
0.0811
0.0812
0.081
0.0812
0.0843
0.0834
0.0825
0.0816
0.0844
0.0811
0.0836
0.0835
0.0849
0.0822
0.081
0.0824
0.0813
0.0843
0.0904
0.0819
0.0815
0.0862
0.082
0.0809
0.0846
0.0811
0.0811
0.0846
0.0816
0.0812
0.0808
0.0811
0.0808
0.0812
0.0844
0.081
0.0811
0.0823
0.0858
0.0835
0.0812
0.081
0.0841
0.0838
0.083
0.0811
0.0823
0.0812
0.081
0.0812
0.081
0.0826
0.081
0.0824
0.081
0.0811
0.0812
0.0821
0.081
0.0863
0.0817
0.0847
0.0812
0.081
0.0812
0.0919
0.0816
0.1181
0.0861
0.0824
0.0843
0.0802
0.0825
0.0811
0.0849
0.081
0.081
0.0808
0.0821
0.081
0.0809
0.0832
0.0823
0.0852
0.0856
0.0815
0.0836
0.0804
0.0833
0.0809
0.0822
0.0839
0.085
0.0811
0.0847
0.085
0.081
0.0811
0.0812
0.0845
0.0838
0.0821
0.0844
0.0813
0.0825
0.0844
0.081
0.1
0.0811
0.0835
0.081
0.081
0.0837
0.0811
0.0866
0.0874
0.0812
0.081
0.084
0.0845
0.0843
0.0812
0.081
0.0844
0.081
0.0849
0.0842
0.0853
0.081
0.0812
0.0854
0.081
0.083
0.0826
0.0812
0.0812
0.0845
0.0818
0.0813
0.0809
0.0822
0.083
0.0814
0.0811
0.0837
0.0813
0.0812
0.085
0.0811
0.081
0.082
0.0825
0.0808
0.0808
0.0809
0.0834
0.0853
0.0835
0.1187
0.0842
0.0812
0.0809
0.0809
0.0813
0.0813
0.0826
0.0819
0.0809
0.0854
0.081
0.0822
0.0813
0.081
0.0825
0.0824
0.0811
0.0821
0.0811
0.0811
0.0812
0.0811
0.0854
0.0825
0.0836
0.0838
0.0835
0.0809
0.0824
0.0813
0.081
0.0809
0.0811
0.0834
0.0813
0.0824
0.0941
0.0835
0.0822
0.0811
0.0839
0.083
0.0822
0.0844
0.0839
0.081
0.081
0.0815
0.0813
0.0842
0.0834
0.0815
0.0835
0.0811
0.0822
0.081
0.0813
0.0832
0.0824
0.0834
0.0839
0.1177
0.126
0.081
0.081
0.081
0.0811
0.0812
0.0812
0.1357
0.081
0.0803
0.081
0.0824
0.0821
0.0849
0.0812
0.0809
0.0825
0.0824
0.0823
0.0844
0.0808
0.0811
0.081
0.0811
0.081
0.081
0.081
0.0847
0.0849
0.0858
0.0854
0.0811
0.081
0.0811
0.0812
0.0842
0.0814
0.084
0.0807
0.0811
0.0809
0.0814
0.0851
0.0812
0.0837
0.085
0.0811
0.0862
0.0848
0.081
0.0836
0.0819
0.081
0.0835
0.0825
0.079
0.0812
0.0817
0.081
0.0811
0.0811
0.081
0.0812
0.0813
0.0836
0.0833
0.0809
0.0814
0.0837
0.0814
0.0848
0.0812
0.0835
0.0825
0.0811
0.0808
0.0815
0.0809
0.081
0.0812
0.081
0.0812
0.0823
0.0812
0.081
0.0837
0.0812
0.0811
0.0811
0.0835
0.0811
0.081
0.0811
0.0824
0.0809
0.0824
0.0853
0.0853
0.0823
0.0883
0.081
0.081
0.0801
0.081
0.0834
0.0811
0.0823
0.0811
0.0854
0.0811
0.0837
0.081
0.0811
0.0811
0.0838
0.1099
0.081
0.081
0.0863
0.0814
0.0809
0.0821
0.0864
0.0822
0.0812
0.0812
0.0815
0.0821
0.0847
0.0829
0.0811
0.0835
0.0811
0.0812
0.0921
0.081
0.0812
0.0838
0.081
0.081
0.0823
0.0836
0.0813
0.0809
0.0835
0.0844
0.0822
0.0847
0.0822
0.0812
0.0813
0.0811
0.0811
0.0827
0.0801
0.0812
0.0812
0.0839
0.0841
0.084
0.0809
0.0837
0.0856
0.0824
0.0824
0.0811
0.0838
0.0812
0.0962
0.0809
0.081
0.0811
0.087
0.081
0.0809
0.081
0.0848
0.081
0.0811
0.0813
0.0811
0.0926
0.0809
0.0835
0.0809
0.0812
0.0818
0.083
0.0811
0.0826
0.0836
0.085
0.0811
0.0801
0.0813
0.0813
0.084
0.0826
0.0812
0.0815
0.0869
0.0815
0.0809
0.0813
0.0812
0.0852
0.081
0.0813
0.0815
0.0836
0.0825
0.0814
0.0849
0.1
0.0824
0.081
0.0809
0.0813
0.0811
0.081
0.0814
0.081
0.0814
0.081
0.081
0.0836
0.0813
0.0811
0.0845
0.081
0.083
0.0829
0.081
0.0822
0.0822
0.0837
0.0809
0.0809
0.0811
0.0835
0.0809
0.0843
0.0812
0.0835
0.0862
0.0811
0.0809
0.0811
0.0789
0.079
0.0867
0.0835
0.0834
0.0982
0.0849
0.0869
0.081
0.0833
0.0809
0.093
0.0814
0.0852
0.086
0.0826
0.0811
0.0813
0.081
0.0814
0.0812
0.082
0.0843
0.2094
0.0812
0.0811
0.081
0.0809
0.0863
0.0814
0.081
0.0835
0.0812
0.0812
0.0834
0.0809
0.0809
0.081
0.0838
0.085
0.081
0.0811
0.0811
0.0814
0.0813
0.0823
0.0811
0.0835
0.0835
0.0823
0.0824
0.0848
0.085
0.0811
0.0809
0.0832
0.0838
0.0813
0.0831
0.081
0.081
0.0868
0.0812
0.0813
0.0811
0.0836
0.0813
0.0812
0.081
0.0813
0.0869
0.0812
0.0846
0.0848
0.0852
0.084
0.0833
0.0809
0.0846
0.081
0.0835
0.084
0.0864
0.082
0.0836
0.0835
0.0844
0.0795
0.081
0.081
0.082
0.0874
0.0831
0.081
0.0824
0.0808
0.082
0.081
0.0812
0.0812
0.0817
0.0849
0.0812
0.0849
0.0812
0.0809
0.0808
0.0809
0.0825
0.0812
0.0839
0.0855
0.0861
0.081
0.081
0.0812
0.0808
0.082
0.0837
0.0834
0.0811
0.0812
0.0833
0.0811
0.081
0.0824
0.081
0.081
0.0823
0.0809
0.0841
0.0834
0.081
0.0816
0.0822
0.0833
0.0833
0.081
0.0842
0.0809
0.0818
0.0845
0.0845
0.0833
0.0835
0.0827
0.0834
0.085
0.0812
0.0838
0.0812
0.0821
0.079
0.0812
0.0821
0.0809
0.0822
0.0821
0.082
0.0812
0.0841
0.0812
0.081
0.082
0.0824
0.0821
0.0816
0.0822
0.0837
0.0865
0.0813
0.0851
0.0811
0.0836
0.0811
0.081
0.0813
0.0826
0.0809
0.085
0.0853
0.0849
0.0809
0.0811
0.0809
0.084
0.0809
0.0849
0.0811
0.0868
0.0861
0.0808
0.082
0.0812
0.0812
0.081
0.0823
0.0833
0.085
0.0831
0.081
0.0812
0.0814
0.0816
0.0813
0.0826
0.0823
0.0822
0.081
0.0817
0.0809
0.0794
0.0819
0.0805
0.084
0.0811
0.0824
0.0811
0.0811
0.0831
0.0811
0.0811
0.0821
0.081
0.081
0.082
0.081
0.0788
0.0834
0.0809
0.0817
0.0811
0.0817
0.0816
0.0811
0.0839
0.086
0.0846
0.081
0.0864
0.0811
0.081
0.0813
0.0847
0.0812
0.0812
0.0812
0.0962
0.081
0.0819
0.0822
0.0809
0.081
0.081
0.083
0.081
0.0813
0.0837
0.0833
0.0833
0.0808
0.0819
0.0834
0.0801
0.0823
0.0812
0.081
0.0811
0.0837
0.0823
0.085
0.0812
0.0809
0.0824
0.0833
0.0813
0.0811
0.0811
0.0811
0.0809
0.0812
0.0847
0.0815
0.0811
0.0823
0.0821
0.0846
0.0864
0.0811
0.0811
0.081
0.0825
0.0812
0.0809
0.084
0.0825
0.0813
0.0826
0.0865
0.0813
0.0853
0.0832
0.0812
0.0822
0.0821
0.0824
0.0811
0.0948
0.0809
0.0822
0.0834
0.0825
0.0827
0.0815
0.0836
0.081
0.0837
0.0811
0.0811
0.084
0.0836
0.0826
0.0822
0.0827
0.0825
0.0811
0.081
0.0813
0.086
0.0841
0.0811
0.0814
0.0823
0.0823
0.0851
0.0852
0.0838
0.0821
0.0809
0.0811
0.0813
0.081
0.1007
0.0811
0.0816
0.0845
0.081
0.0817
0.0827
0.0838
0.0822
0.081
0.0825
0.0838
0.0812
0.0831
0.0809
0.0811
0.0832
0.0822
0.081
0.0813
0.0846
0.081
0.0809
0.0812
0.0812
0.0811
0.0812
0.0812
0.0811
0.0812
0.0851
0.0841
0.0862
0.0812
0.0812
0.0829
0.0812
0.0827
0.0836
0.0836
0.0822
0.0793
0.0809
0.0847
0.0808
0.081
0.0834
0.0811
0.0837
0.0822
0.0834
0.0812
0.0833
0.0826
0.0814
0.0811
0.0811
0.0856
0.0821
0.0833
0.0809
0.0811
0.0839
0.0823
0.0848
0.0811
0.0837
0.0843
0.0834
0.085
0.0809
0.0844
0.0841
0.0861
0.1192
0.0809
0.0808
0.0832
0.0832
0.0836
0.0882
0.0824
0.0835
0.0849
0.0813
0.0846
0.0811
0.0823
0.0812
0.0822
0.0833
0.0824
0.0832
0.0811
0.0809
0.0809
0.081
0.0811
0.0847
0.0809
0.0809
0.0837
0.0832
0.0822
0.0823
0.0813
0.081
0.0846
0.0823
0.0827
0.0822
0.0808
0.0814
0.081
0.0844
0.0811
0.0809
0.0832
0.081
0.0828
0.0811
0.0822
0.0811
0.0847
0.083
0.081
0.0812
0.0809
0.081
0.0824
0.0825
0.0793
0.0859
0.0817
0.0809
0.0841
0.081
0.0833
0.0814
0.0811
0.0823
0.0811
0.081
0.0832
0.081
0.0854
0.0844
0.0809
0.0811
0.081
0.0824
0.0823
0.0811
0.0849
0.0823
0.0829
0.0811
0.081
0.0811
0.0809
0.0811
0.0811
0.081
0.0825
0.0846
0.0838
0.081
0.0811
0.0821
0.0852
0.0847
0.0791
0.0822
0.0957
0.0813
0.0868
0.0811
0.0823
0.0823
0.0896
0.0819
0.0812
0.0824
0.0809
0.0907
0.0811
0.0849
0.0811
0.0803
0.0809
0.0835
0.0842
0.0812
0.0813
0.081
0.0846
0.084
0.0838
0.0973
0.0831
0.0814
0.0861
0.0813
0.0809
0.0818
0.0853
0.0868
0.081
0.0819
0.0815
0.0847
0.0971
0.085
0.0823
0.0845
0.1211
0.0938
0.0828
0.108
0.1316
0.1211
0.1298
0.1238
0.0825
0.0827
0.0811
0.1118
0.084
0.0904
0.0809
0.0808
0.0811
0.085
0.081
0.0864
0.0809
0.0845
0.1212
0.0811
0.081
0.0815
0.0836
0.0861
0.0819
0.081
0.1403
0.0828
0.0824
0.081
0.0811
0.0811
0.0809
0.0834
0.0854
0.0812
0.0822
0.0822
0.0817
0.0814
0.0846
0.081
0.0852
0.081
0.0861
0.0851
0.0808
0.0815
0.0843
0.0809
0.0834
0.0834
0.0848
0.0837
0.0812
0.0812
0.0825
0.0823
0.0812
0.0863
0.081
0.0844
0.0811
0.0809
0.081
0.0809
0.0821
0.0835
0.0824
0.0808
0.0847
0.0834
0.0808
0.0822
0.0851
0.0811
0.0846
0.0832
0.081
0.0868
0.0823
0.0836
0.0833
0.081
0.0821
0.081
0.0856
0.0812
0.0822
0.0812
0.0836
0.0811
0.0811
0.0811
0.0815
0.081
0.081
0.0811
0.0812
0.0833
0.0811
0.0809
0.0862
0.0811
0.0814
0.084
0.081
0.0812
0.0808
0.0825
0.0822
0.0811
0.0789
0.0812
0.081
0.0848
0.0845
0.0808
0.0811
0.0812
0.0835
0.0835
0.0823
0.0839
0.0821
0.081
0.0832
0.0815
0.0809
0.0812
0.084
0.0812
0.0825
0.0825
0.081
0.0824
0.0841
0.0827
0.0834
0.081
0.0811
0.0823
0.083
0.0814
0.0813
0.0811
0.0832
0.0808
0.0823
0.081
0.0871
0.0811
0.0815
0.081
0.0822
0.0812
0.0811
0.0813
0.0813
0.0809
0.0809
0.0814
0.081
0.0834
0.081
0.1006
0.0811
0.0815
0.085
0.0823
0.081
0.0808
0.0823
0.0822
0.0822
0.0857
0.0814
0.0825
0.0846
0.0812
0.081
0.0823
0.0813
0.0825
0.0815
0.0809
0.0821
0.0811
0.0832
0.083
0.0809
0.0843
0.086
0.0827
0.0845
0.081
0.0834
0.081
0.0809
0.0812
0.0812
0.0811
0.0824
0.0809
0.081
0.0812
0.0813
0.0809
0.0812
0.0812
0.0818
0.0811
0.0819
0.0822
0.0837
0.081
0.081
0.081
0.084
0.0824
0.0837
0.0851
0.0813
0.0825
0.084
0.0824
0.0819
0.082
0.0821
0.0834
0.0811
0.0822
0.0812
0.0809
0.0812
0.081
0.081
0.0811
0.0819
0.0809
0.0813
0.0808
0.0809
0.0925
0.0849
0.0811
0.0834
0.081
0.0812
0.0835
0.0823
0.0813
0.0811
0.0811
0.0813
0.0836
0.0808
0.0845
0.0822
0.0838
0.0811
0.087
0.0812
0.081
0.086
0.0831
0.081
0.0811
0.0811
0.0853
0.0824
0.0859
0.0811
0.0813
0.084
0.0838
0.0811
0.081
0.0853
0.0832
0.0814
0.0811
0.1305
0.0814
0.081
0.0809
0.0836
0.081
0.0811
0.0826
0.0824
0.0855
0.081
0.081
0.0828
0.0823
0.0848
0.081
0.0838
0.0812
0.0836
0.0823
0.0868
0.0811
0.0838
0.0808
0.0812
0.081
0.0811
0.0809
0.0822
0.081
0.0824
0.0811
0.0812
0.081
0.0811
0.081
0.0814
0.0812
0.0811
0.0828
0.081
0.0811
0.0813
0.0811
0.0833
0.0811
0.081
0.0811
0.0812
0.081
0.0812
0.085
0.081
0.0816
0.0847
0.0813
0.0812
0.0822
0.0811
0.0822
0.081
0.0812
0.0818
0.0813
0.081
0.0812
0.0813
0.0825
0.0811
0.0811
0.0813
0.0813
0.0814
0.0896
0.0816
0.0838
0.0809
0.0884
0.0834
0.0812
0.0823
0.0827
0.0827
0.081
0.0836
0.0812
0.0834
0.0809
0.081
0.0808
0.0809
0.0948
0.0812
0.0809
0.0812
0.0837
0.081
0.0821
0.085
0.0813
0.0842
0.0823
0.0809
0.0811
0.0843
0.0822
0.0811
0.081
0.0811
0.081
0.0808
0.081
0.084
0.0811
0.0809
0.0823
0.0809
0.081
0.0843
0.0833
0.0809
0.081
0.079
0.0848
0.0811
0.081
0.081
0.0835
0.0837
0.0812
0.0841
0.0841
0.0825
0.0811
0.1292
0.081
0.0982
0.0809
0.0848
0.0792
0.0825
0.0838
0.0822
0.0808
0.0822
0.0813
0.0812
0.0825
0.081
0.0811
0.0833
0.0809
0.0835
0.085
0.0812
0.0858
0.0834
0.0826
0.0837
0.0809
0.0822
0.0812
0.0812
0.0813
0.082
0.0812
0.0849
0.0825
0.0825
0.0823
0.0811
0.0837
0.0813
0.0811
0.0802
0.0811
0.0809
0.0811
0.0847
0.0821
0.0812
0.0794
0.081
0.0833
0.0839
0.0833
0.0823
0.081
0.081
0.0823
0.0826
0.0836
0.0822
0.0853
0.0881
0.0824
0.0838
0.0826
0.0811
0.0889
0.091
0.1272
0.1278
0.083
0.0825
0.0965
0.0814
0.0811
0.0813
0.0813
0.0826
0.0811
0.0835
0.0836
0.0811
0.081
0.0861
0.0822
0.0811
0.0862
0.0851
0.0814
0.0821
0.0822
0.0811
0.0851
0.0812
0.0833
0.0809
0.0824
0.0821
0.0894
0.0812
0.0813
0.0849
0.0825
0.082
0.0862
0.0811
0.0809
0.0837
0.0812
0.0812
0.0816
0.0818
0.0812
0.0814
0.0832
0.0834
0.081
0.0809
0.0812
0.0822
0.0792
0.0861
0.0863
0.0824
0.0822
0.0801
0.083
0.0809
0.0813
0.0812
0.0807
0.0813
0.0811
0.0863
0.0839
0.0809
0.0831
0.0812
0.081
0.0824
0.0812
0.081
0.0811
0.0821
0.082
0.0811
0.0815
0.0811
0.0811
0.081
0.081
0.0812
0.0839
0.0817
0.0813
0.0824
0.0836
0.0811
0.083
0.0811
0.0814
0.0835
0.081
0.0832
0.0823
0.0815
0.0819
0.0821
0.0839
0.0825
0.0948
0.128
0.0823
0.0811
0.0823
0.0853
0.0835
0.0823
0.1609
0.0906
0.0836
0.0823
0.0826
0.0851
0.1236
0.0815
0.0839
0.0849
0.0829
0.085
0.0835
0.0866
0.0808
0.083
0.081
0.0811
0.1163
0.0825
0.0846
0.0857
0.085
0.0814
0.0827
0.0835
0.081
0.0814
0.0835
0.0812
0.0837
0.081
0.0812
0.08
0.0814
0.0811
0.0851
0.0839
0.0823
0.0812
0.081
0.0839
0.0813
0.1325
0.0813
0.0859
0.0813
0.081
0.0823
0.0839
0.0813
0.0814
0.0818
0.0837
0.0813
0.0812
0.0851
0.0832
0.0826
0.085
0.081
0.0826
0.126
0.1483
0.0811
0.0811
0.1215
0.0811
0.1353
0.0872
0.0813
0.1572
0.0811
0.1003
0.0823
0.0813
0.0789
0.0839
0.0811
0.0808
0.0842
0.0812
0.0823
0.0815
0.0835
0.0809
0.0818
0.0809
0.0809
0.0809
0.081
0.0832
0.0822
0.081
0.0811
0.0821
0.0836
0.0837
0.0874
0.0813
0.0813
0.081
0.0838
0.0812
0.0823
0.0831
0.0815
0.0833
0.0904
0.0809
0.081
0.085
0.0824
0.0822
0.0833
0.0818
0.0831
0.0834
0.0847
0.081
0.0811
0.081
0.082
0.0815
0.085
0.0811
0.0813
0.0811
0.0814
0.0852
0.0833
0.0825
0.0811
0.0789
0.0809
0.081
0.0833
0.0812
0.0824
0.0837
0.0832
0.0842
0.0828
0.0811
0.0811
0.0818
0.0833
0.0812
0.081
0.0811
0.0811
0.0818
0.0838
0.0853
0.081
0.0807
0.0836
0.0811
0.0845
0.0822
0.0812
0.0822
0.0811
0.0824
0.0851
0.085
0.0823
0.0835
0.1114
0.0836
0.0812
0.08
0.081
0.0823
0.0811
0.0835
0.1288
0.0811
0.0809
0.0813
0.0823
0.1281
0.112
0.0834
0.0828
0.0811
0.0812
0.0838
0.0811
0.0824
0.0813
0.0834
0.0811
0.0811
0.081
0.0812
0.0822
0.0854
0.0811
0.081
0.081
0.0809
0.0811
0.082
0.0815
0.0821
0.083
0.0816
0.0855
0.0839
0.0824
0.0833
0.0866
0.0815
0.0824
0.0823
0.0804
0.0811
0.0809
0.0825
0.0824
0.0834
0.0832
0.0845
0.0853
0.0814
0.0818
0.0834
0.0823
0.0823
0.0842
0.0819
0.0812
0.0824
0.0881
0.0812
0.0809
0.0824
0.0789
0.081
0.0849
0.0811
0.0841
0.0811
0.0842
0.0809
0.0813
0.0839
0.0843
0.0853
0.0808
0.0819
0.0815
0.0832
0.0849
0.0812
0.0819
0.0812
0.0826
0.0821
0.082
0.0825
0.0843
0.0825
0.0813
0.0811
0.0821
0.0821
0.0844
0.0821
0.0816
0.0859
0.0816
0.0838
0.0808
0.0812
0.0834
0.0833
0.0812
0.0811
0.081
0.0813
0.0812
0.0814
0.0824
0.0812
0.0808
0.0808
0.079
0.0825
0.0812
0.081
0.081
0.0809
0.0826
0.0831
0.081
0.0803
0.0832
0.0812
0.0808
0.0821
0.0836
0.0824
0.0812
0.0841
0.0823
0.0823
0.0825
0.0847
0.0834
0.0859
0.0866
0.0826
0.081
0.1319
0.081
0.0835
0.091
0.081
0.0881
0.0823
0.0818
0.0811
0.0809
0.0812
0.0821
0.0801
0.0821
0.0811
0.0809
0.0822
0.0831
0.0811
0.0813
0.0858
0.0811
0.0812
0.081
0.0813
0.0809
0.0837
0.0832
0.0878
0.0814
0.0811
0.0902
0.0812
0.0847
0.0823
0.0811
0.0985
0.081
0.081
0.0823
0.0837
0.082
0.0811
0.0813
0.0809
0.0817
0.0837
0.0857
0.0837
0.0811
0.085
0.0812
0.0813
0.086
0.0809
0.0809
0.081
0.0821
0.0811
0.0867
0.0851
0.0811
0.0842
0.0815
0.0812
0.0824
0.0812
0.0809
0.0812
0.0833
0.0828
0.0881
0.0822
0.0813
0.0858
0.0808
0.0823
0.0813
0.126
0.0821
0.0852
0.0808
0.1592
0.081
0.0823
0.0834
0.0821
0.0813
0.081
0.0845
0.0811
0.0811
0.0816
0.0823
0.0918
0.086
0.0816
0.0825
0.0819
0.0822
0.0823
0.0821
0.081
0.0842
0.0811
0.0815
0.0828
0.0811
0.0808
0.0812
0.0846
0.0849
0.1299
0.1023
0.0838
0.0859
0.0811
0.0809
0.0826
0.0864
0.0869
0.0831
0.0831
0.0812
0.0814
0.0836
0.0833
0.1118
0.0845
0.0811
0.0815
0.121
0.0811
0.0838
0.0812
0.0811
0.0828
0.0814
0.0834
0.0811
0.0812
0.0836
0.0829
0.0824
0.085
0.0914
0.081
0.0846
0.081
0.0821
0.0842
0.0873
0.0824
0.0811
0.0837
0.0815
0.0984
0.0823
0.0811
0.0812
0.1284
0.0814
0.0811
0.0813
0.0847
0.081
0.0811
0.0815
0.0811
0.084
0.0822
0.083
0.0822
0.0809
0.081
0.0822
0.0812
0.0821
0.0822
0.0811
0.0862
0.081
0.0813
0.0812
0.0836
0.0803
0.0834
0.0811
0.0863
0.0892
0.0822
0.0823
0.0813
0.0824
0.0809
0.0823
0.0844
0.0858
0.081
0.0976
0.0812
0.0845
0.0816
0.0832
0.0812
0.082
0.081
0.0811
0.0815
0.0812
0.0831
0.0809
0.0809
0.0812
0.0835
0.0824
0.0828
0.0809
0.0825
0.0813
0.0829
0.0851
0.082
0.0823
0.0843
0.0813
0.0814
0.0827
0.0835
0.0852
0.0812
0.0809
0.083
0.0812
0.0812
0.081
0.0834
0.0825
0.081
0.0811
0.0809
0.0837
0.0813
0.0833
0.083
0.0814
0.0823
0.0821
0.0821
0.081
0.081
0.0812
0.083
0.0822
0.0811
0.081
0.0812
0.0845
0.0811
0.0851
0.0813
0.0853
0.0835
0.0855
0.0836
0.0829
0.0837
0.0847
0.0811
0.0851
0.0835
0.0813
0.0824
0.0821
0.0842
0.086
0.0821
0.0822
0.0824
0.0812
0.0811
0.0812
0.0838
0.081
0.0809
0.0846
0.0942
0.0802
0.0811
0.0811
0.0823
0.0826
0.081
0.081
0.0813
0.0823
0.0823
0.0823
0.0809
0.081
0.0809
0.0823
0.0812
0.081
0.0833
0.0823
0.0829
0.0822
0.0844
0.0823
0.081
0.0811
0.0819
0.0811
0.0811
0.0812
0.1063
0.0814
0.0831
0.081
0.0811
0.0811
0.0844
0.0808
0.1299
0.0839
0.0866
0.0809
0.0869
0.081
0.0861
0.0817
0.0847
0.0811
0.0812
0.0808
0.0814
0.081
0.0835
0.085
0.0817
0.079
0.0846
0.0812
0.0808
0.0811
0.0808
0.0813
0.0846
0.0809
0.0812
0.0835
0.081
0.0814
0.0812
0.0833
0.0814
0.0866
0.081
0.0842
0.0813
0.081
0.0811
0.0833
0.0811
0.083
0.0822
0.082
0.0834
0.0854
0.0809
0.0809
0.0811
0.0809
0.0846
0.0812
0.0874
0.0825
0.0809
0.0809
0.0809
0.0824
0.081
0.0845
0.0838
0.0812
0.0809
0.0787
0.0821
0.0811
0.0821
0.0792
0.0809
0.081
0.0834
0.0846
0.0851
0.0815
0.081
0.0812
0.0814
0.0822
0.1096
0.0809
0.0809
0.0812
0.0812
0.084
0.0816
0.1423
0.0832
0.081
0.0812
0.0836
0.0809
0.0809
0.0833
0.081
0.089
0.0842
0.0822
0.0811
0.0811
0.0813
0.081
0.0829
0.0809
0.0814
0.085
0.0837
0.081
0.0813
0.0813
0.0847
0.0811
0.0813
0.0815
0.0853
0.0845
0.0811
0.0811
0.0841
0.081
0.0811
0.0898
0.0842
0.0838
0.1315
0.0942
0.0815
0.0812
0.0848
0.0821
0.0854
0.0823
0.0811
0.081
0.0811
0.0824
0.0812
0.0851
0.081
0.0811
0.0808
0.0823
0.0808
0.0825
0.0812
0.0811
0.0811
0.0823
0.0822
0.0833
0.0825
0.0847
0.085
0.0818
0.0848
0.0834
0.0844
0.0811
0.0819
0.0821
0.0822
0.0813
0.081
0.0838
0.081
0.0852
0.0813
0.0811
0.0811
0.0794
0.0815
0.0842
0.0809
0.0823
0.0809
0.0831
0.0823
0.081
0.0812
0.0811
0.0812
0.0842
0.081
0.0812
0.0811
0.0812
0.0846
0.0814
0.0851
0.0814
0.0831
0.0826
0.0809
0.0833
0.0823
0.081
0.081
0.0835
0.081
0.0815
0.0835
0.0809
0.0836
0.0825
0.081
0.0848
0.0817
0.081
0.0846
0.0821
0.0852
0.0812
0.0838
0.0809
0.083
0.0834
0.0812
0.0821
0.081
0.0819
0.0826
0.0847
0.081
0.0819
0.0811
0.0809
0.0809
0.0812
0.0827
0.0823
0.0811
0.0809
0.081
0.0828
0.0816
0.0822
0.081
0.0809
0.0855
0.0811
0.0843
0.0839
0.0864
0.0844
0.0812
0.0836
0.0831
0.0812
0.0809
0.0835
0.0809
0.0824
0.0835
0.0844
0.081
0.0828
0.0824
0.0812
0.0824
0.0811
0.0824
0.0812
0.0841
0.081
0.088
0.1042
0.081
0.0822
0.0811
0.0821
0.081
0.0811
0.0836
0.0814
0.0809
0.0834
0.0843
0.0812
0.0837
0.0812
0.0811
0.0856
0.0821
0.081
0.0809
0.0813
0.0826
0.0812
0.081
0.0808
0.0836
0.0838
0.0828
0.0826
0.0823
0.083
0.081
0.0813
0.081
0.0823
0.0808
0.0809
0.0836
0.0838
0.0832
0.0853
0.0811
0.0833
0.0811
0.081
0.083
0.0814
0.0847
0.0823
0.0812
0.0848
0.0811
0.0824
0.0809
0.0846
0.0812
0.0819
0.081
0.0811
0.082
0.0923
0.0814
0.0849
0.0821
0.0837
0.085
0.0811
0.1238
0.082
0.0855
0.0812
0.0823
0.0844
0.082
0.0812
0.0846
0.0838
0.0809
0.1317
0.1242
0.0825
0.0847
0.0837
0.0822
0.0904
0.0812
0.0824
0.081
0.0849
0.0823
0.0822
0.0811
0.0811
0.0833
0.0812
0.0823
0.0927
0.0834
0.0822
0.1161
0.0813
0.082
0.0834
0.0833
0.0802
0.0825
0.0823
0.081
0.0836
0.0811
0.0812
0.082
0.082
0.0836
0.0824
0.0811
0.0845
0.0849
0.0811
0.0816
0.0811
0.0814
0.1173
0.0854
0.0834
0.0811
0.0849
0.0811
0.0817
0.0863
0.0812
0.0854
0.0894
0.0812
0.0866
0.0812
0.084
0.0817
0.0813
0.0812
0.0845
0.0833
0.0812
0.0825
0.0836
0.0811
0.0811
0.0811
0.0823
0.0827
0.082
0.0821
0.0856
0.0813
0.0812
0.0813
0.0826
0.0834
0.0809
0.0847
0.0822
0.0848
0.0809
0.0836
0.082
0.0854
0.0811
0.0822
0.0812
0.081
0.0823
0.0854
0.0833
0.0812
0.0849
0.0835
0.0846
0.081
0.081
0.0833
0.0838
0.0811
0.0837
0.0855
0.0837
0.0813
0.0845
0.0834
0.0811
0.081
0.0813
0.0791
0.0812
0.0808
0.0831
0.0809
0.0811
0.081
0.0842
0.0811
0.0791
0.0816
0.1221
0.0832
0.0809
0.0812
0.0813
0.0812
0.0843
0.085
0.081
0.081
0.0823
0.0808
0.0814
0.0831
0.0833
0.0833
0.0975
0.0811
0.115
0.1243
0.0811
0.0832
0.0812
0.0822
0.0819
0.0867
0.0848
0.081
0.0813
0.0828
0.0832
0.0883
0.0826
0.0814
0.0811
0.0823
0.081
0.085
0.1011
0.0808
0.081
0.0822
0.0811
0.0838
0.0822
0.0811
0.081
0.0838
0.0812
0.0814
0.0814
0.0822
0.081
0.0835
0.0809
0.0789
0.0849
0.0821
0.0809
0.0809
0.0834
0.0813
0.0814
0.081
0.0811
0.0809
0.0812
0.0815
0.0813
0.0811
0.081
0.0807
0.0828
0.0811
0.0834
0.0841
0.0848
0.0809
0.0833
0.0802
0.081
0.0811
0.123
0.0856
0.0814
0.081
0.0792
0.1196
0.0832
0.0813
0.0987
0.0825
0.0813
0.0831
0.0871
0.0809
0.0821
0.081
0.0847
0.081
0.0834
0.0841
0.0829
0.0812
0.0813
0.0841
0.0832
0.0811
0.0974
0.0846
0.081
0.081
0.0811
0.1055
0.0812
0.0809
0.086
0.0824
0.0816
0.0799
0.0809
0.0837
0.0808
0.081
0.0835
0.0812
0.082
0.0833
0.0813
0.081
0.0861
0.0811
0.082
0.0825
0.0823
0.0831
0.0805
0.0823
0.084
0.0821
0.0821
0.0811
0.0821
0.0812
0.0812
0.0813
0.0812
0.0813
0.081
0.081
0.0853
0.0809
0.0808
0.081
0.0862
0.0854
0.0812
0.0809
0.086
0.081
0.0839
0.0859
0.0838
0.0802
0.0821
0.0874
0.0814
0.0811
0.0836
0.0823
0.0811
0.0835
0.0862
0.0812
0.0857
0.081
0.0836
0.0839
0.0812
0.081
0.0852
0.0803
0.0813
0.0811
0.0823
0.081
0.0812
0.0808
0.0814
0.1038
0.0812
0.0833
0.0814
0.0821
0.081
0.081
0.081
0.081
0.0847
0.0819
0.0821
0.0811
0.0812
0.0821
0.0829
0.0822
0.0822
0.0811
0.0819
0.0812
0.0811
0.081
0.0834
0.0811
0.0811
0.082
0.0853
0.081
0.0808
0.0811
0.0833
0.0811
0.0803
0.084
0.0808
0.0812
0.0823
0.0809
0.0824
0.0853
0.0848
0.0839
0.0848
0.081
0.081
0.0811
0.081
0.0812
0.0825
0.0828
0.0824
0.0851
0.0832
0.0852
0.0811
0.081
0.0822
0.081
0.0812
0.0808
0.0847
0.0821
0.0811
0.0833
0.0825
0.0814
0.0812
0.0835
0.0812
0.0813
0.0823
0.0813
0.0819
0.0849
0.0812
0.0821
0.0812
0.0816
0.0836
0.0803
0.081
0.0809
0.081
0.0836
0.081
0.0811
0.0812
0.0809
0.083
0.0835
0.0835
0.0837
0.0833
0.0811
0.0812
0.0805
0.081
0.081
0.0812
0.0811
0.081
0.081
0.0841
0.0825
0.0812
0.0808
0.082
0.0808
0.0812
0.0835
0.0812
0.0821
0.081
0.081
0.081
0.0812
0.0811
0.081
0.0809
0.081
0.081
0.0841
0.0851
0.0836
0.0835
0.1002
0.0835
0.0813
0.0835
0.1044
0.0837
0.0829
0.0836
0.0809
0.082
0.081
0.0823
0.0839
0.0835
0.0823
0.0818
0.081
0.081
0.0809
0.0813
0.0812
0.0833
0.081
0.0824
0.0825
0.0821
0.081
0.0812
0.0809
0.0811
0.0811
0.081
0.0814
0.0859
0.0814
0.0832
0.0809
0.0823
0.0811
0.0864
0.0821
0.0811
0.0822
0.0811
0.0822
0.081
0.0822
0.0851
0.0852
0.081
0.0815
0.0814
0.0825
0.0813
0.0813
0.081
0.0826
0.0834
0.0812
0.0812
0.0835
0.0833
0.0833
0.0813
0.0832
0.0839
0.0834
0.0834
0.0812
0.0791
0.0812
0.0838
0.081
0.0801
0.0809
0.0809
0.0832
0.083
0.0812
0.0809
0.0822
0.0834
0.0814
0.081
0.0832
0.0847
0.0832
0.082
0.0869
0.081
0.0802
0.0814
0.0825
0.0809
0.0821
0.0794
0.0812
0.0813
0.084
0.0811
0.0843
0.0811
0.0813
0.0835
0.0808
0.0823
0.0821
0.0814
0.081
0.0809
0.0824
0.0811
0.081
0.0809
0.081
0.0821
0.0809
0.0809
0.0833
0.086
0.0814
0.0809
0.0813
0.0823
0.0844
0.0808
0.0824
0.0811
0.082
0.136
0.0812
0.0812
0.0834
0.0809
0.0847
0.0812
0.0826
0.0831
0.0809
0.0813
0.0814
0.081
0.1016
0.0813
0.0812
0.0822
0.0813
0.087
0.0823
0.0811
0.0813
0.0823
0.0809
0.0822
0.0828
0.0811
0.0812
0.0826
0.0814
0.0858
0.0846
0.083
0.0825
0.0812
0.0811
0.0822
0.0834
0.0802
0.081
0.0835
0.0866
0.0845
0.0822
0.087
0.0825
0.0826
0.0813
0.0835
0.0822
0.081
0.0833
0.0813
0.0836
0.081
0.0809
0.081
0.0822
0.0834
0.0813
0.083
0.0835
0.0816
0.0811
0.0841
0.0802
0.0849
0.0857
0.0822
0.0845
0.0811
0.0811
0.081
0.0871
0.0816
0.0791
0.0822
0.0809
0.0811
0.0812
0.0811
0.0809
0.0821
0.0824
0.0836
0.0811
0.0811
0.0839
0.0811
0.0836
0.1042
0.0856
0.0843
0.0833
0.0827
0.0811
0.0841
0.0811
0.0811
0.0811
0.0835
0.0834
0.0813
0.0811
0.0848
0.0818
0.0811
0.0849
0.0811
0.0811
0.0811
0.083
0.0811
0.128
0.0811
0.0836
0.0822
0.0811
0.0809
0.0834
0.081
0.0791
0.0822
0.081
0.0811
0.081
0.0834
0.0838
0.0808
0.0811
0.0812
0.0811
0.081
0.0846
0.0803
0.0811
0.0871
0.0824
0.0814
0.0812
0.0833
0.0809
0.0823
0.0838
0.0836
0.081
0.081
0.081
0.0851
0.0811
0.0835
0.0844
0.0802
0.0881
0.0811
0.081
0.0855
0.081
0.0837
0.0812
0.0836
0.0809
0.0811
0.0836
0.0817
0.089
0.1149
0.0811
0.0812
0.0821
0.0812
0.0834
0.0822
0.0813
0.0822
0.0823
0.0836
0.0826
0.0811
0.0833
0.0813
0.084
0.084
0.0809
0.0811
0.0824
0.0852
0.0813
0.081
0.0861
0.0809
0.0857
0.0808
0.0814
0.0812
0.081
0.0824
0.0809
0.0834
0.0812
0.0849
0.0809
0.0812
0.081
0.0811
0.0811
0.0839
0.081
0.0831
0.081
0.0809
0.0811
0.083
0.0823
0.0811
0.0812
0.085
0.0822
0.0821
0.0866
0.0816
0.0813
0.0819
0.0847
0.0825
0.0844
0.1027
0.119
0.0824
0.084
0.0811
0.0861
0.0931
0.0864
0.0811
0.0811
0.0824
0.0825
0.0812
0.0811
0.0827
0.0819
0.0854
0.0832
0.081
0.0823
0.081
0.0829
0.0811
0.0811
0.0835
0.0817
0.0808
0.0823
0.0811
0.0864
0.0812
0.082
0.0823
0.0824
0.0841
0.0836
0.0811
0.0812
0.081
0.0811
0.0859
0.0862
0.0841
0.0823
0.0849
0.0812
0.0887
0.081
0.0811
0.0823
0.0809
0.0846
0.0811
0.0811
0.0809
0.0812
0.0836
0.0811
0.0811
0.0848
0.0814
0.081
0.0809
0.0835
0.0848
0.0811
0.0811
0.0848
0.0821
0.0808
0.082
0.0977
0.0821
0.0832
0.0811
0.0813
0.0814
0.0832
0.0812
0.0812
0.0829
0.0821
0.0812
0.0821
0.0844
0.0812
0.082
0.0813
0.0812
0.0813
0.0995
0.107
0.0812
0.0812
0.0832
0.0811
0.0838
0.0831
0.081
0.0814
0.0821
0.0812
0.0861
0.0822
0.0812
0.0811
0.0823
0.0815
0.0811
0.0791
0.081
0.081
0.0838
0.0811
0.0841
0.0836
0.0825
0.0824
0.081
0.0811
0.0811
0.0842
0.0825
0.082
0.0809
0.0811
0.081
0.0812
0.0813
0.0823
0.0801
0.0811
0.0822
0.0836
0.0812
0.0809
0.0816
0.0813
0.0825
0.084
0.0842
0.0811
0.0841
0.0846
0.0823
0.0812
0.0811
0.0811
0.0812
0.0811
0.0811
0.0838
0.083
0.085
0.0838
0.0809
0.0791
0.0841
0.081
0.081
0.082
0.0801
0.0823
0.0809
0.082
0.0819
0.0811
0.0811
0.0839
0.084
0.0809
0.0835
0.0835
0.0811
0.0811
0.0837
0.0854
0.0849
0.0813
0.0834
0.0811
0.0838
0.0823
0.0811
0.081
0.0812
0.0838
0.0839
0.081
0.0846
0.0822
0.0852
0.0813
0.0837
0.0809
0.0801
0.0811
0.0812
0.0811
0.081
0.0812
0.081
0.084
0.0811
0.0847
0.0813
0.0812
0.0808
0.082
0.0789
0.0825
0.0861
0.0837
0.0848
0.0811
0.0842
0.0863
0.0847
0.0864
0.0842
0.0822
0.0835
0.0821
0.0812
0.083
0.0859
0.0862
0.0812
0.0811
0.0812
0.0809
0.0812
0.0809
0.0813
0.0815
0.0809
0.0809
0.0822
0.0814
0.0811
0.0811
0.081
0.0811
0.08
0.0815
0.0811
0.0836
0.0844
0.0853
0.0811
0.0801
0.0811
0.0835
0.0838
0.0811
0.0844
0.081
0.0812
0.0954
0.0811
0.0821
0.0821
0.081
0.081
0.0816
0.0833
0.081
0.085
0.0814
0.0821
0.1044
0.0824
0.0828
0.0813
0.081
0.0819
0.0824
0.0824
0.081
0.0811
0.081
0.0811
0.0823
0.0811
0.0825
0.0823
0.0834
0.0824
0.081
0.081
0.0871
0.0837
0.084
0.0833
0.0814
0.0809
0.081
0.085
0.0811
0.0812
0.0813
0.0808
0.081
0.0811
0.0826
0.0811
0.082
0.0836
0.0823
0.0811
0.0823
0.0836
0.0816
0.0884
0.0813
0.0857
0.0807
0.0823
0.0808
0.0833
0.0834
0.0838
0.0811
0.0865
0.0843
0.0816
0.081
0.081
0.086
0.0819
0.0811
0.081
0.081
0.0809
0.081
0.0812
0.0823
0.0809
0.085
0.0809
0.0828
0.084
0.0811
0.0824
0.0811
0.0846
0.0809
0.0826
0.0822
0.0811
0.0811
0.0816
0.0812
0.0863
0.0844
0.0811
0.0836
0.0864
0.081
0.085
0.1189
0.0819
0.0825
0.081
0.0821
0.0812
0.0839
0.081
0.0875
0.0811
0.0811
0.0808
0.0811
0.0811
0.0792
0.0812
0.081
0.0811
0.0825
0.0835
0.0812
0.08
0.0811
0.081
0.0811
0.0847
0.0865
0.0844
0.081
0.086
0.0832
0.0831
0.0813
0.0851
0.081
0.0846
0.0813
0.0822
0.0788
0.0811
0.0822
0.084
0.0856
0.0854
0.0823
0.0866
0.0812
0.0812
0.0821
0.0826
0.0859
0.0814
0.0814
0.0812
0.0804
0.0824
0.0811
0.0822
0.0813
0.0832
0.0812
0.0844
0.0812
0.0812
0.0832
0.0843
0.0838
0.0811
0.0811
0.0833
0.0793
0.0813
0.0823
0.0822
0.0811
0.0828
0.0824
0.0814
0.0824
0.0829
0.0837
0.0837
0.0833
0.0811
0.0812
0.0812
0.0813
0.0789
0.0814
0.0813
0.0821
0.0834
0.081
0.0835
0.0815
0.0836
0.081
0.0822
0.081
0.0837
0.0811
0.082
0.0811
0.0813
0.0845
0.0821
0.0812
0.0824
0.0814
0.0814
0.0847
0.0811
0.0811
0.081
0.0838
0.082
0.083
0.0814
0.081
0.0846
0.0823
0.0828
0.0834
0.0841
0.0811
0.0813
0.0811
0.0835
0.0838
0.0836
0.1058
0.081
0.0819
0.0812
0.0809
0.081
0.103
0.0835
0.081
0.0839
0.0849
0.0792
0.0823
0.0839
0.0811
0.0844
0.0847
0.0808
0.081
0.0818
0.081
0.0808
0.081
0.0834
0.0813
0.0812
0.083
0.0822
0.0812
0.0839
0.0832
0.0821
0.0818
0.1099
0.0822
0.085
0.0877
0.0844
0.0813
0.0826
0.0848
0.0829
0.0854
0.0821
0.081
0.0801
0.0811
0.081
0.0809
0.0811
0.0821
0.0857
0.081
0.081
0.0837
0.0823
0.0821
0.085
0.0808
0.0836
0.0831
0.0831
0.0834
0.083
0.0821
0.0809
0.0833
0.0811
0.0811
0.081
0.0822
0.0812
0.0853
0.0815
0.0809
0.081
0.0831
0.083
0.0812
0.1014
0.0809
0.0811
0.0838
0.0809
0.081
0.0848
0.0812
0.0823
0.0813
0.0812
0.0848
0.084
0.1811
0.0856
0.0813
0.0812
0.0829
0.0836
0.0818
0.081
0.0842
0.081
0.081
0.0863
0.0838
0.0808
0.1164
0.0832
0.0812
0.0809
0.0833
0.0849
0.0809
0.0822
0.0822
0.0814
0.0834
0.0828
0.0812
0.0836
0.0811
0.0812
0.0813
0.082
0.0831
0.0823
0.0811
0.0813
0.0821
0.0825
0.0823
0.0811
0.0838
0.0823
0.0811
0.0844
0.0849
0.0809
0.0832
0.0822
0.0847
0.0811
0.0807
0.0853
0.0822
0.0809
0.081
0.081
0.0831
0.0816
0.0824
0.0846
0.1213
0.081
0.0815
0.0851
0.081
0.0812
0.0813
0.0845
0.081
0.0809
0.0906
0.0813
0.0811
0.0852
0.0838
0.0813
0.0836
0.0857
0.1121
0.0977
0.0808
0.082
0.1047
0.0814
0.0845
0.0812
0.0813
0.0821
0.0823
0.0858
0.081
0.0833
0.0809
0.081
0.0816
0.0863
0.0811
0.0812
0.0812
0.0821
0.0822
0.081
0.0801
0.0844
0.0821
0.0812
0.0812
0.0827
0.0823
0.0813
0.0814
0.0811
0.0813
0.0813
0.0853
0.081
0.0802
0.081
0.0815
0.0824
0.0825
0.081
0.0834
0.084
0.0812
0.0808
0.0823
0.081
0.0862
0.0836
0.0833
0.0814
0.0813
0.0835
0.081
0.0785
0.0823
0.0821
0.0817
0.0811
0.0809
0.0842
0.0808
0.0811
0.0821
0.0863
0.0836
0.0822
0.0827
0.0809
0.0812
0.0824
0.081
0.0822
0.0819
0.0812
0.0811
0.0812
0.0881
0.0808
0.0837
0.0811
0.084
0.0864
0.0807
0.0821
0.0812
0.0831
0.0854
0.0811
0.0875
0.081
0.0849
0.0853
0.0837
0.0849
0.081
0.0812
0.0809
0.0811
0.0809
0.0809
0.0835
0.0837
0.0823
0.0811
0.0812
0.0809
0.0813
0.0814
0.0792
0.0812
0.082
0.0846
0.0822
0.0812
0.0809
0.0824
0.0812
0.0801
0.081
0.0807
0.0821
0.0812
0.0814
0.0812
0.0821
0.0858
0.0811
0.0811
0.0809
0.0794
0.081
0.0818
0.0811
0.0852
0.0811
0.0824
0.0809
0.0822
0.0812
0.0827
0.0832
0.081
0.0813
0.081
0.081
0.0821
0.0839
0.0835
0.0823
0.0827
0.0812
0.0821
0.0811
0.0812
0.0836
0.0824
0.0822
0.0813
0.0808
0.0953
0.081
0.0834
0.0847
0.0822
0.082
0.0809
0.0811
0.0849
0.0808
0.0844
0.0838
0.0854
0.0809
0.0834
0.0813
0.0819
0.0847
0.081
0.0823
0.0811
0.0811
0.0812
0.0823
0.0833
0.081
0.081
0.0837
0.0821
0.121
0.1268
0.0885
0.0813
0.0811
0.0845
0.0812
0.0952
0.0814
0.0812
0.0809
0.0812
0.0833
0.081
0.081
0.0811
0.0811
0.0812
0.0814
0.0808
0.081
0.0816
0.0833
0.0826
0.0844
0.0809
0.0811
0.0845
0.0823
0.1008
0.0822
0.0822
0.0831
0.0811
0.0837
0.0831
0.0809
0.0821
0.0822
0.0821
0.0813
0.0829
0.0846
0.0833
0.0811
0.0822
0.0811
0.0822
0.0814
0.0809
0.0856
0.0833
0.0831
0.083
0.0823
0.0821
0.0824
0.0848
0.0845
0.0839
0.082
0.0809
0.0811
0.0937
0.0812
0.0813
0.0812
0.0815
0.0849
0.0813
0.0836
0.0809
0.0846
0.0822
0.0823
0.0811
0.0863
0.0808
0.0812
0.082
0.081
0.0811
0.0836
0.0834
0.0812
0.0811
0.0814
0.0812
0.082
0.0822
0.0812
0.084
0.0811
0.0844
0.0846
0.085
0.081
0.0811
0.0814
0.0824
0.081
0.0813
0.0846
0.0815
0.0809
0.084
0.0832
0.0821
0.0814
0.0831
0.0839
0.0813
0.0813
0.0815
0.0814
0.0814
0.0836
0.081
0.0809
0.0811
0.0838
0.0838
0.0812
0.0838
0.0815
0.0832
