Timp in Milisecunde
0.8428
0.8107
0.8093
0.8254
0.8109
0.9423
0.8221
0.8099
0.8117
0.8249
0.8106
0.8224
0.8132
0.8211
0.812
0.8233
0.8021
0.8137
0.809
0.8109
0.8321
0.8118
0.8251
0.8262
0.8334
0.8089
0.8144
0.8099
0.8148
0.8226
0.81
0.8235
0.8232
0.8238
0.81
0.8115
0.8135
0.8234
0.8236
0.8216
0.8223
0.815
0.8106
0.8419
0.8094
0.8233
0.8108
0.8109
0.8106
0.8108
0.8118
0.8102
0.8107
0.8106
0.8104
0.8097
0.8108
0.8245
0.8127
0.812
0.8251
0.8134
0.8307
0.8117
0.8102
0.8112
0.8113
0.8222
0.8095
0.8272
0.8086
0.8093
0.817
0.8212
0.8152
0.8088
0.8107
0.8224
0.8226
0.8159
0.8297
0.8121
0.8106
0.8163
0.8093
0.8122
0.8129
0.8232
0.8225
0.828
0.82
0.8104
0.8118
0.8112
0.8223
0.8113
0.8329
0.8086
1.2938
0.821
0.81
0.8111
0.8352
0.8129
0.8096
0.8224
0.8102
0.823
0.8286
0.8286
0.8334
0.8095
0.8098
0.8259
0.8129
0.8126
0.8149
0.8099
0.8104
0.8113
0.8093
0.8113
0.8103
0.9296
0.8135
0.8229
0.8245
0.8215
0.8102
0.8308
0.8094
0.8147
0.8106
0.8244
0.8105
0.8089
0.8099
0.827
0.8104
0.8117
0.8109
0.8234
0.81
0.8227
0.823
0.8483
0.8144
0.8112
0.8104
0.8102
0.8114
0.8095
0.8155
0.8114
0.8104
0.8136
0.8348
0.8144
0.8131
0.8108
1.1734
0.8125
0.8114
0.825
0.8223
0.8297
0.8112
0.8108
0.8093
0.824
0.8211
0.8102
0.8133
0.8114
0.8125
0.8359
0.8092
0.8105
0.8116
0.8146
0.8228
0.8657
0.8102
0.8106
0.8115
0.85
0.8146
0.8227
0.8106
0.8222
0.8112
0.8164
0.8226
0.8106
0.8111
0.8108
0.8084
0.8531
0.8221
0.823
0.8242
0.8109
0.8108
0.8091
0.8103
0.8094
0.823
0.8102
0.811
0.8095
0.8118
0.811
0.8144
0.8402
0.8147
0.8103
0.8112
0.8104
0.8103
0.8105
0.8092
0.8111
0.8129
0.8133
0.8093
0.8229
0.8224
0.8538
0.8122
0.8109
0.826
1.2771
0.8214
0.8094
0.8019
0.8126
0.8102
0.8103
0.8105
0.8235
0.8112
0.8097
0.8108
0.8099
0.8136
0.8187
0.8109
0.8432
0.8148
0.8117
0.8102
0.8305
0.8247
0.8241
0.8099
0.8128
0.8101
0.8124
0.8104
0.8105
0.8098
0.8154
0.8114
0.8146
0.8118
0.8108
0.8181
0.8086
0.8131
0.81
0.8255
0.8143
0.8273
0.8091
0.8118
0.8111
0.8229
0.8226
0.8234
0.8125
0.8226
0.8108
0.8504
0.811
0.8103
0.812
0.8233
0.836
0.826
0.9514
0.8277
0.8813
0.8111
0.8237
0.8257
0.8248
0.8185
0.8284
0.8215
0.8227
0.8256
0.8267
0.8214
0.8295
0.8238
0.8103
0.8369
0.8165
0.8103
0.8514
0.8113
0.8268
0.8254
0.8263
0.8227
0.8276
0.8099
0.8239
0.8091
0.8287
1.1533
0.8233
0.8108
0.8229
0.8262
0.8236
0.8107
0.8228
0.8091
0.8229
0.8087
0.8245
0.8231
0.8106
0.814
0.8095
0.8102
0.8132
0.8129
0.8237
0.8121
0.81
0.8126
0.8247
0.8144
0.8155
0.8129
0.821
0.8226
0.8113
0.8552
0.8095
0.8362
0.8094
0.8245
0.8109
0.8221
0.8145
0.8132
0.8225
0.8092
0.8106
0.8286
0.8223
0.834
0.8157
0.8116
0.8111
0.8149
0.9403
0.8229
0.8098
0.8242
0.8158
0.8127
0.812
0.8186
0.8111
0.8193
0.8142
0.8099
0.8107
0.8155
0.8138
0.8255
0.8095
0.8109
0.825
0.8111
0.8173
0.8111
0.8089
0.8157
0.8113
0.81
0.8095
0.822
0.8238
0.8123
0.8111
0.8227
0.8271
0.8119
0.8159
0.8359
0.8121
0.8294
0.8091
0.8107
0.8585
0.8116
0.8101
0.81
0.8201
0.8134
0.8304
0.8323
0.8155
0.8143
0.8127
0.8148
0.8095
0.8155
0.8411
0.8106
0.821
0.814
0.8136
0.8104
0.8137
0.83
0.8456
0.8154
0.8083
0.8109
0.8109
0.8145
0.8095
0.8103
0.8104
0.8382
0.8247
0.8093
0.8103
0.8231
0.8234
0.8148
0.8028
0.8103
0.8054
0.8222
0.8276
0.8324
0.8235
0.822
0.8228
0.8227
0.8119
0.8111
0.8248
0.8433
0.8224
0.8102
0.8375
0.8252
1.2586
0.811
0.8221
0.815
0.8088
0.8105
0.8228
0.9672
0.8119
0.8101
0.8257
0.8094
0.8211
0.8237
1.1606
0.8252
0.8357
0.8242
0.8087
0.8115
0.81
0.8111
0.8226
0.8209
0.8218
0.8122
0.814
0.809
0.8102
0.8104
0.8104
0.8093
0.8102
0.8179
0.8419
0.8142
0.8135
0.8237
0.8099
0.8313
0.8138
0.8146
0.8115
0.81
0.8129
0.8231
0.823
0.8093
0.8501
0.8232
0.8119
0.8188
0.8123
0.8227
0.8083
0.823
0.8146
0.8246
0.8142
0.8235
0.8093
0.8127
0.8101
0.8215
0.8115
0.8096
0.8036
0.8228
0.8114
0.8154
0.837
0.8117
0.8087
0.811
0.8125
0.8231
0.8259
0.8232
0.9324
0.8223
0.8131
0.8282
0.8108
0.8204
0.8122
0.8219
0.8236
1.2898
0.8092
0.8219
0.8347
0.8109
0.8244
0.8214
0.8229
0.8104
0.8231
0.8127
0.8155
0.8113
0.8222
0.8098
0.8102
0.8131
0.8093
0.8252
0.8233
0.8464
0.8258
0.8101
1.0602
0.8231
0.8131
0.8219
0.8119
0.8224
0.8232
0.8172
0.822
0.8819
0.9142
0.814
0.8113
0.8231
0.8234
0.8231
0.8249
0.824
0.8303
0.8198
0.8224
0.8236
0.8087
0.8109
0.8103
0.8193
0.8251
0.8104
0.8101
0.8211
0.831
0.8228
0.8232
0.8231
0.811
0.8157
0.922
0.8106
0.8652
0.8592
0.8126
0.832
0.8135
0.824
0.8128
0.8827
0.828
0.8117
0.8131
0.8135
0.8223
0.8103
0.8242
0.8088
0.8336
0.8584
0.8128
0.8242
0.8155
0.8223
0.811
0.8099
0.8113
0.8103
0.8123
0.813
0.825
0.8141
0.8233
0.8236
0.8239
0.8244
0.8108
1.082
0.8523
0.8248
0.8166
0.8136
1.0188
0.8142
0.8088
0.8104
0.8102
0.8233
0.8112
0.8331
0.8209
0.8184
0.8126
0.8373
0.8139
0.8257
0.8121
0.8131
0.8148
0.8106
0.8231
0.8231
0.8237
0.8158
0.8111
0.8822
0.9672
0.8138
0.8228
0.8677
0.8135
0.8237
0.8209
0.8332
0.8217
0.8217
0.8108
0.8112
0.8426
0.8151
0.8033
0.8225
0.8101
0.8218
0.8275
0.8103
0.8094
0.811
0.8252
0.8236
0.8235
0.8345
0.8109
0.8191
0.809
0.8107
0.8102
0.8136
0.8235
0.8118
0.8248
0.8226
0.8291
0.8096
0.8149
0.8176
0.8149
0.8108
0.8233
0.8088
0.823
0.822
0.8235
0.8117
0.8114
0.8139
0.8123
0.8243
0.8215
0.8233
0.822
0.8133
0.8108
0.8088
1.0204
0.826
0.8115
0.8086
0.823
0.8641
0.8148
0.8135
0.8226
0.8132
0.8084
0.8673
0.8138
0.8143
0.813
0.8266
0.8117
0.8114
0.8115
0.8096
0.8092
0.8084
0.8141
0.8275
0.8128
0.8232
0.806
0.8218
0.815
0.8132
0.8147
0.8228
0.8141
0.8107
0.81
0.8137
0.8151
0.8214
0.8109
0.8104
0.8258
0.8095
0.8121
0.8242
0.8103
0.8223
0.814
0.8117
0.8308
0.8171
0.8128
0.8222
0.8152
0.8132
0.8388
0.8235
0.8355
0.8134
0.8107
0.81
0.8106
0.823
0.8148
0.8137
0.8095
0.8159
0.8243
0.8087
0.8152
0.8009
0.8234
0.8056
0.8225
0.8109
0.8233
0.8234
0.8119
0.8135
0.811
0.8224
0.8096
0.8102
0.8106
0.8297
0.809
0.8232
0.8214
0.8232
0.8222
0.8103
0.8208
0.8105
0.8125
0.809
0.823
0.8142
0.814
0.8166
0.8093
0.8097
0.8225
0.815
0.8217
0.8092
0.814
0.811
0.8708
0.8143
0.8445
0.8101
0.8233
0.8112
0.8153
0.823
0.8189
0.8143
0.8126
0.8107
0.8107
0.8312
0.8114
0.8113
0.8112
0.8217
0.8139
0.8131
0.8145
0.8116
0.8146
0.8231
0.8102
0.8108
0.8114
0.8108
0.8172
0.8118
0.81
0.8102
0.8208
0.8103
0.8266
0.8233
0.8319
0.8108
0.8217
0.8081
0.8117
0.8251
0.8238
0.8097
0.8111
0.8235
0.8103
0.8232
0.8107
0.8091
0.8129
0.8232
0.8109
0.816
0.8105
0.8106
1.1006
0.8233
0.8217
0.8221
0.8094
0.9585
0.8099
0.8117
0.8139
0.8347
0.8104
0.8143
0.8137
0.8091
0.8114
0.8119
0.8144
0.8103
0.8142
0.8126
0.8137
0.8107
0.8492
0.8138
0.815
0.8347
0.8214
0.8105
0.8105
0.8171
0.815
0.8093
0.8146
0.814
0.8129
0.8133
0.8163
0.811
0.8125
0.811
0.8096
0.8148
0.8102
0.8296
0.8131
0.8092
0.8232
0.8113
0.809
0.8737
0.8101
0.8213
0.81
0.8217
0.8109
0.8101
0.8147
0.8372
0.8262
0.827
0.8106
0.8099
0.8103
0.813
0.8092
0.8097
0.8114
0.8102
0.8027
0.8358
0.8106
0.8219
0.8117
0.8218
0.8088
0.8121
0.8102
0.8106
0.8205
0.8231
0.8224
0.8112
0.8214
0.811
0.8112
0.8242
0.8105
0.8099
0.823
0.8215
0.8117
0.8133
0.81
0.8025
0.824
0.8101
0.8092
0.8219
0.8184
0.8613
0.8027
0.8123
0.8124
0.8352
0.8113
0.8112
0.813
0.8201
0.9166
0.81
0.8143
0.8098
0.8119
0.8465
0.8245
0.8111
0.8108
0.8032
0.8091
0.8233
0.8093
0.8229
0.8768
0.8101
0.8132
0.8235
0.8098
0.8284
0.8236
0.8273
0.8224
0.8218
0.8208
0.8251
0.8092
0.8271
0.8128
0.8103
0.8105
0.8107
0.8116
0.8107
0.8131
0.81
0.8154
0.8185
0.8322
0.8096
0.8144
0.8119
0.81
0.8143
0.8259
0.8242
0.8226
0.8235
0.809
0.8227
0.8097
0.8115
0.8114
0.8107
0.8087
0.8106
0.8091
0.8108
0.8101
0.8259
0.8142
0.8107
0.8227
0.8278
0.8131
0.8223
0.8089
0.8142
0.8131
0.823
0.8231
0.8258
0.8104
0.8238
0.8127
0.8246
0.8107
0.8107
0.8137
0.8228
0.8137
0.8108
0.8099
0.8109
0.8093
0.8117
0.8124
0.8241
0.8108
0.8105
0.8158
0.8125
0.8113
0.8143
0.8287
0.8283
0.8122
0.8138
0.8106
0.8213
0.8104
0.8094
0.8255
0.811
0.8247
0.8237
0.8145
0.8093
0.8235
0.8092
0.8111
0.8634
0.8405
0.8108
0.8107
0.8233
0.814
0.8216
0.8213
0.8236
0.8124
0.8245
0.8235
0.8086
0.8235
0.9175
0.8103
0.8242
0.8249
1.2891
0.8231
0.8231
0.8216
0.8106
0.8362
0.8753
0.8104
0.8222
0.8105
0.8234
0.8245
0.8011
0.8272
0.836
0.8238
0.8101
0.8114
0.8109
0.8239
0.809
0.8098
0.8247
0.8157
0.8254
0.8226
0.8244
0.81
0.8123
0.8246
0.8101
0.8118
0.8139
0.8231
0.8106
0.8113
0.8314
0.8102
0.8096
0.8113
0.8098
0.8113
0.8182
0.8104
0.8137
0.8096
0.8133
0.8287
0.8088
0.8114
0.8246
0.8251
0.8304
0.822
0.8104
0.8227
0.81
0.811
0.81
0.8259
0.8241
0.8102
0.8106
0.8225
0.8113
0.8312
0.8253
0.8121
0.8129
0.8109
0.8705
0.8607
0.8094
0.8109
0.8118
0.8248
0.8125
0.8108
0.8345
0.8098
0.8091
0.81
0.8622
0.8083
0.8118
0.8142
0.814
0.8113
0.8131
0.8253
0.8106
0.8092
0.811
0.8146
0.8096
0.822
0.8113
0.8095
0.8089
0.8112
0.8199
0.8236
0.8096
0.8123
0.8232
0.8094
0.8144
0.8102
0.8137
0.811
0.8246
0.8277
0.8368
0.8029
0.8105
0.8103
0.8123
0.8311
0.8093
0.8107
0.8128
0.8041
0.9594
0.8372
0.8219
0.81
0.8109
0.8114
0.8028
0.8241
0.8231
0.8101
0.8233
0.8085
0.8193
0.8216
0.8229
0.8225
0.8135
0.8092
0.8101
0.8106
0.8418
0.8238
0.8106
0.8138
0.812
0.8312
0.8224
0.8233
0.8095
0.8107
0.8229
0.8031
0.8253
0.8229
0.8589
0.8224
0.8109
0.8109
0.8226
0.8237
0.811
0.8231
0.8122
0.8102
0.8207
0.8212
0.8175
0.8118
0.8245
0.8145
0.823
0.822
0.8245
0.8111
0.8113
0.8259
0.8094
0.8222
0.8238
0.8088
0.8998
0.822
0.814
0.8089
0.8018
0.824
0.8217
1.1886
0.8113
0.8091
0.8105
0.8115
0.8183
0.8227
0.8086
0.8108
0.8228
0.8233
0.8254
0.8105
0.841
0.822
0.8107
0.8219
0.8114
0.8238
0.8245
0.8112
0.8093
0.8162
0.8109
0.8633
0.8096
0.8029
0.8132
0.8109
0.8133
0.8249
0.8358
0.8227
0.8085
0.8226
0.8247
0.8227
0.8113
0.8648
0.8233
0.8123
0.8113
0.8114
0.8248
0.8218
0.8141
0.8103
0.8339
0.8238
0.8128
0.8101
0.8089
0.8141
0.9268
0.8101
0.8161
0.8194
0.8101
0.8259
0.8095
0.8109
0.8134
0.8115
0.8112
0.833
0.8235
0.809
0.8231
0.8108
0.8107
0.8094
0.8089
0.7896
0.8619
0.8225
0.8108
0.8119
0.807
0.8282
0.8276
0.8255
0.8216
0.8103
0.8108
0.8216
0.8085
0.8251
0.846
0.8025
0.8228
0.8106
0.8233
0.8254
0.8302
0.8246
0.8121
0.8108
0.8105
0.8241
0.8125
0.8101
0.8143
0.8102
0.811
0.8131
0.8095
0.8229
0.8278
0.814
0.8107
0.8231
0.8164
0.8229
0.8246
0.8125
0.8121
0.812
0.8142
0.8107
0.8112
0.81
0.8221
0.8091
0.8241
0.8092
0.8108
0.8092
0.8131
0.8233
0.8124
0.811
0.8245
0.8099
0.8088
0.811
0.8237
0.8236
0.811
0.8436
0.8103
0.8108
0.8308
0.811
0.8258
0.8104
0.825
0.8092
0.8108
0.8246
0.812
0.8018
0.8095
0.8089
0.8101
0.8119
0.8104
0.811
0.8217
0.8353
0.8087
0.8322
0.847
0.8328
0.8104
0.8238
0.8248
0.8122
0.808
0.8166
0.8106
0.8259
0.8307
0.8353
0.8127
0.8113
0.811
0.8164
0.8087
0.8231
0.8253
0.8107
0.8143
0.8113
0.8237
0.8228
0.8104
0.8101
0.8115
0.8253
0.83
0.811
0.8688
0.8104
0.8234
0.8122
0.8117
0.8227
0.8093
0.8339
0.8086
0.8107
0.8102
0.8113
0.8147
0.8344
0.8032
0.8229
0.802
1.272
0.8016
0.8259
0.8229
0.8106
0.8111
0.8231
0.8092
0.8105
0.8091
0.8108
0.8115
0.8127
0.8214
0.8228
0.8233
0.8107
0.8255
0.8134
0.8119
0.8092
0.8234
0.8104
0.8113
0.8138
0.811
1.2206
0.8102
0.8104
0.8234
0.8099
0.8434
0.8236
0.8093
0.8107
0.8107
0.8104
0.8101
0.8106
0.8243
0.8007
0.8144
0.8109
0.8402
0.8109
0.8105
0.8111
0.8243
0.8105
0.823
0.809
0.8097
0.8244
0.8103
0.8163
0.8254
0.8211
0.8103
0.8422
0.8309
0.8285
0.8222
0.8099
0.8104
0.8086
0.815
0.8233
0.8209
0.8215
0.8316
0.8229
0.8109
0.8143
0.8248
0.8094
0.8115
0.8108
0.8483
0.8105
0.8234
0.8112
0.8134
0.8111
1.2939
0.8109
0.8104
0.8217
0.8102
0.8154
0.8288
0.8249
0.8115
0.8109
0.8302
0.8138
0.8102
0.824
0.8105
0.8311
0.8112
0.8159
0.825
0.8245
0.8099
0.8234
0.8105
0.8231
0.8223
0.811
0.8117
0.8105
0.8231
0.8098
0.8105
0.8212
0.8116
0.8277
0.8109
0.8233
0.8114
0.8109
0.8111
0.8226
0.8282
0.8109
0.8362
0.8103
0.8234
0.8126
0.8138
0.8221
0.8264
0.8138
0.8091
0.8117
0.8216
0.8261
0.8107
0.8093
0.8094
0.8166
0.8107
0.8103
0.8237
0.8124
0.825
0.8253
0.8106
0.8111
0.8104
0.804
0.8495
0.8106
0.8029
0.9186
0.826
0.8111
0.8236
0.8273
0.8107
0.8102
0.8249
0.8104
0.8113
0.824
0.8217
0.8019
0.8226
0.8275
0.8106
0.8223
0.8103
0.8147
0.811
0.8085
0.8112
0.8134
0.8106
0.8094
0.81
0.8222
0.8105
0.811
0.8108
0.8127
0.8098
0.8102
0.8106
0.81
0.858
0.811
0.8361
0.8235
0.8109
0.8252
0.8093
0.8099
0.8307
0.8231
0.8118
0.8088
0.8225
0.7816
0.8091
0.8091
0.8097
0.8251
0.8239
0.8107
0.8229
0.8217
0.8105
0.8105
0.8236
0.8354
0.8093
0.8266
0.8093
0.8116
1.2887
0.8126
0.8144
0.8232
1.2928
0.8135
0.8218
0.8134
0.8116
0.8116
0.8108
0.8229
0.8121
0.8112
0.823
0.8188
0.8108
0.8293
0.8103
0.8107
0.8102
0.8102
0.8321
0.8212
0.8109
0.8216
0.8149
0.8103
0.8229
0.8029
0.8107
0.8108
0.8094
0.8093
0.8095
0.8133
0.8318
0.8093
0.8105
0.8117
0.8108
0.813
0.8139
0.8162
0.809
0.8099
0.8198
0.8141
1.2514
0.8517
0.8141
0.8424
0.8127
0.813
0.8126
0.8246
0.8237
0.8095
0.8142
0.818
0.8145
0.8228
0.8112
0.8111
0.8333
0.8436
0.8111
0.8332
0.8182
0.8147
0.811
0.8178
0.8232
0.811
0.8143
0.813
0.8271
0.8092
0.8142
0.8126
0.8106
0.8147
0.8145
0.8105
0.8167
0.811
0.8133
0.8154
0.8137
0.8149
0.8127
0.8122
0.8238
0.8084
0.8106
0.8218
0.81
0.8229
0.814
0.827
0.8322
0.811
0.815
0.8137
0.8139
0.811
0.8134
0.8262
1.1216
0.8138
0.81
0.8281
0.8227
0.8144
0.813
0.8225
0.8157
0.8231
0.8106
0.8127
0.8093
0.8127
0.8112
0.8273
0.814
0.809
0.8101
0.8215
0.8093
0.8136
0.8143
0.8246
0.822
0.7933
0.8144
0.8145
0.8131
0.811
0.8112
0.9146
0.8234
0.812
0.8472
0.8122
0.8113
0.8211
0.8103
0.812
0.8008
0.8106
0.8239
0.7849
0.8233
0.8098
0.8228
0.8108
0.8095
0.8099
0.8099
0.809
0.813
0.8939
0.8353
0.8223
0.81
0.8093
0.8114
0.8221
0.844
0.8307
0.8122
0.8031
0.8226
0.8095
0.8262
0.824
0.8271
0.8185
0.8137
0.8238
0.8101
0.8093
0.87
0.8322
0.8241
0.8092
0.8113
0.8102
0.8099
0.8221
0.8107
0.8113
0.8108
0.8323
0.8103
0.8117
0.8109
0.8263
0.8097
0.8166
0.8103
0.81
0.8077
0.8136
0.8091
0.8224
0.8112
0.8657
0.8108
0.8283
0.8116
0.8108
0.8302
0.8092
0.8134
0.824
0.8231
0.8297
0.8213
0.8235
0.8096
0.8235
0.8153
0.8194
0.8123
0.8132
0.81
0.8093
0.8083
0.8135
0.8135
0.8183
0.8102
0.8111
0.8229
0.8415
0.8182
0.8129
0.8242
0.813
0.8183
0.8241
0.8111
1.282
0.812
0.8137
0.8517
0.8122
0.8289
0.8111
0.8223
0.8171
0.8184
0.8096
0.8152
0.814
0.8108
0.8146
0.8148
0.8097
0.8123
0.839
0.8142
0.8325
0.824
0.8105
0.8097
0.822
0.8246
0.8149
0.8225
0.8224
0.8246
0.8393
0.8708
0.8106
0.8095
0.8208
0.8156
0.8133
0.8136
0.8125
0.8279
0.8088
0.8276
0.8123
0.8144
0.8118
0.8111
0.823
0.8088
0.8252
0.8108
0.8167
0.8155
0.8128
0.8275
0.823
0.814
0.8143
0.8139
0.8096
0.8197
0.814
0.8134
0.8227
0.8126
0.8107
0.8231
0.8097
0.8225
0.8262
0.8147
0.8229
0.8314
0.8088
0.8106
0.811
0.8147
0.8161
0.8174
0.8284
0.8641
0.8118
0.8254
0.8252
0.8101
0.8203
0.8085
0.8119
0.8109
0.8106
0.8135
0.8207
0.8208
0.823
0.8225
0.811
0.8124
0.8125
0.8147
0.9532
0.809
0.8141
0.8113
0.8221
0.8034
0.8111
0.8226
0.8257
0.8232
0.8109
0.8108
0.8138
0.8223
0.8107
0.8111
0.8232
0.8088
0.8105
0.8212
0.8234
0.8264
0.8236
0.8093
0.8134
0.8228
0.8251
0.8109
0.8105
0.8352
0.8095
0.8129
0.8239
0.8096
0.8231
0.8221
0.8498
0.8215
0.8139
0.8348
0.8094
0.8096
0.811
0.8111
0.8116
0.8115
0.8226
0.811
0.8236
0.8108
0.8204
0.8114
0.8113
0.8117
0.8113
0.8096
0.8115
0.8408
0.8105
0.8181
0.8375
0.8244
0.8119
0.8124
0.8417
0.8094
0.8117
0.8112
0.8102
0.8101
0.8252
0.8104
0.811
0.8215
0.8089
0.8135
0.8144
0.8092
0.8179
0.81
0.8257
0.8108
0.8112
0.8113
0.8224
0.8103
0.8117
0.8238
0.8107
0.8102
0.8133
0.8318
0.8118
0.8123
0.904
0.8528
0.8229
0.8092
1.2406
0.8296
0.8039
0.8089
0.8103
0.8274
0.8097
0.8096
0.8106
0.822
0.8104
0.8112
0.825
0.8109
0.8104
0.8104
0.8103
0.8109
0.8237
0.8108
0.8108
0.8109
0.8248
0.823
0.8098
0.825
0.8088
0.8221
0.8109
0.8106
0.8109
0.8133
0.9195
0.8226
0.8136
0.8098
0.8224
0.8124
0.8171
0.8228
0.8235
0.8235
0.8171
0.8246
0.8615
0.8123
0.8141
0.814
0.8112
0.8119
0.814
0.8097
0.8092
0.8108
0.8121
0.8119
0.816
0.8143
0.8291
0.8082
0.8222
0.8168
0.811
0.8239
0.8136
0.8092
0.8252
0.8107
0.8114
0.8292
0.8555
1.2752
0.8151
0.8113
0.8138
0.8132
0.8202
0.8129
0.8144
0.8103
0.8225
0.8106
0.8096
0.8163
0.8094
0.8208
0.8113
0.8254
0.8265
0.8115
0.8125
0.8224
0.8168
0.8327
0.8111
0.8252
0.8412
0.8162
0.8144
0.8094
0.8145
0.8155
0.8233
0.8131
0.9266
0.8135
0.81
0.8109
0.8125
0.9873
0.8127
0.8089
0.8027
0.8094
0.81
0.8139
0.81
0.826
0.8514
0.8084
0.8092
0.8115
0.8286
0.8111
0.8208
0.8108
0.8091
0.8112
0.8711
0.8238
0.8104
0.8108
0.8108
0.8903
0.8132
0.8102
0.8117
0.8142
0.8108
0.8116
0.8115
0.8138
0.8152
0.8225
0.8136
0.8126
0.8099
0.8106
0.8231
0.8207
0.8106
0.8156
0.8103
0.8146
0.8104
0.8112
0.8103
0.8497
0.8132
0.8234
0.8098
0.8106
0.8104
0.8115
0.8101
0.811
0.809
0.8108
0.814
0.8116
0.8144
0.8113
0.824
0.8109
0.8089
0.8111
0.8089
0.8107
0.811
0.8105
0.811
0.8221
0.8106
0.8108
0.8226
0.8106
0.8104
0.8174
0.8119
0.8101
0.8094
0.814
0.8096
0.8105
0.8142
0.8209
0.823
0.8095
0.8099
0.8131
1.1979
0.8211
0.8237
0.8117
0.8433
0.8105
0.8105
1.0186
0.8107
0.8228
0.8358
0.8453
0.8111
0.8111
0.8105
0.8107
0.8566
0.8131
0.8141
0.8104
0.8104
0.811
0.8154
0.81
0.8113
0.8107
0.8102
0.8204
0.8088
0.8128
0.8093
0.8131
0.809
0.8108
0.8208
0.8397
0.8118
0.8107
0.8137
0.8082
0.8226
0.8517
0.81
0.8106
0.8447
0.8267
0.8105
0.8915
0.8213
0.8102
0.8228
0.8211
0.8108
0.8113
0.8141
0.8159
0.8108
0.8123
0.811
0.8618
0.8101
0.8112
0.8102
0.8097
0.8083
0.8108
0.8108
0.8498
0.8108
0.8095
0.8235
0.8132
0.8109
0.8086
0.8139
0.8224
0.8108
0.81
0.8107
0.8116
0.8104
0.8256
1.2919
0.8111
0.8218
0.8104
0.81
0.8101
0.81
0.8229
0.8108
0.8282
0.8352
0.8111
0.8098
0.8244
0.8097
0.8094
0.8099
0.8234
0.8233
0.811
0.8289
0.8131
0.8101
0.8111
0.8105
0.8099
0.823
0.8379
0.8359
0.8229
0.8128
0.8087
0.8373
0.8231
0.8092
0.8105
0.8125
0.8112
0.8105
0.8114
0.8117
0.8135
0.8095
0.8219
0.8157
0.8132
0.8109
0.8233
0.8144
1.0566
0.8223
0.8135
0.815
0.8125
0.8198
0.8104
0.8161
0.8203
0.8235
0.8112
0.8132
0.8138
0.8378
0.8161
0.8174
0.8139
0.8224
0.8152
0.8233
0.8109
0.8123
0.8193
0.8154
0.814
0.8083
0.8112
0.8238
0.8278
0.8247
0.8263
0.8106
0.8234
0.8141
0.8222
0.8108
0.8248
0.8114
0.8128
0.8093
0.8168
0.8231
0.8114
0.8134
0.8102
0.8094
0.8215
0.8228
0.8094
0.8143
0.8161
0.8103
0.8147
0.8147
0.8146
0.8158
0.8138
0.8108
0.8141
0.8094
0.8103
0.8102
0.8131
0.8109
0.814
0.8157
0.8113
0.887
0.8178
0.8098
0.8094
0.8131
0.8125
0.8141
0.8228
0.8136
0.8143
0.8114
0.8271
0.8232
0.8253
0.813
0.8156
0.812
0.8234
0.8258
0.8139
0.8152
0.8162
0.8107
0.8115
0.8227
0.8153
0.8112
0.8226
0.8435
0.8258
0.8169
0.824
0.8129
0.822
0.8059
0.8156
0.8173
0.8237
0.8344
0.8105
0.8102
0.8089
0.811
0.8159
0.8093
0.8105
0.8035
0.8157
0.8008
0.8232
0.8112
0.8092
0.8145
0.8137
0.8162
0.8116
0.8147
0.813
0.8125
0.8268
0.8205
0.8347
0.8025
0.812
0.812
0.8109
0.8133
0.8112
0.8121
0.7944
0.8157
0.8238
0.821
0.8147
0.8086
0.8136
0.811
0.8468
0.8156
0.8097
0.8222
0.8114
0.8225
0.811
0.81
0.8119
0.8229
0.8224
0.8203
0.8751
0.8142
0.8242
0.8115
0.8239
0.7963
0.8181
0.8112
0.812
0.8231
0.8119
0.8515
0.8226
0.8113
0.8161
0.8692
0.8106
0.8178
0.8141
0.8201
0.8344
0.8127
0.8157
0.8131
0.8135
0.8276
0.8133
0.8238
0.8111
0.8315
0.8095
0.8142
0.8138
0.8778
0.8261
0.821
0.8158
0.8134
0.8244
0.8108
0.8132
0.8246
0.8219
0.8101
0.8232
0.8139
0.8848
0.8341
0.813
0.8098
0.8135
0.8214
0.8094
0.8135
0.8117
0.8089
0.8425
0.8134
0.8088
0.935
0.814
0.8139
0.8101
0.8453
0.8375
0.825
0.8097
0.8099
0.8095
0.8307
0.8261
0.813
0.8421
1.1147
0.8143
0.8215
0.8119
0.8253
0.8233
0.8227
0.8133
0.8104
0.8101
0.8133
0.814
0.8147
0.815
0.812
0.8214
0.8144
0.8133
0.8137
0.8235
0.8233
0.8117
0.8123
0.8229
0.8106
0.8222
0.8115
0.8231
0.8273
0.8136
0.8124
0.8111
0.8269
0.8141
0.8217
0.8147
0.8223
0.8101
0.8339
0.8135
0.8101
0.8143
0.8133
0.8149
0.811
0.8172
0.8135
0.821
0.8108
0.8239
0.8166
0.8474
0.813
0.8221
0.8124
0.8234
0.809
0.8095
0.8119
0.8434
0.815
0.8106
0.8232
0.8356
0.8256
0.8141
0.8132
0.8301
0.8139
0.8311
0.8238
0.8103
0.8406
0.8156
0.8146
0.8128
0.8188
0.8426
0.8137
0.8232
0.8229
0.8237
0.8253
0.8301
0.8104
0.8116
0.8131
0.813
0.8163
0.8187
0.81
0.8137
0.8091
0.8235
0.8103
0.8246
0.8114
0.8123
0.8178
0.8144
0.8165
0.8254
0.8208
0.8251
0.814
0.8138
0.8097
0.8234
0.8212
0.8142
0.8105
0.8138
0.8237
0.815
0.8241
0.8131
0.8113
0.8151
0.823
0.8199
0.8126
0.8413
0.815
0.8087
0.8096
0.8214
0.8105
0.8141
0.8108
0.8224
0.821
0.8229
0.8146
0.8242
0.8677
0.8103
0.8105
0.8155
0.8184
0.821
0.8095
0.8368
0.8227
0.8013
0.8094
0.8089
0.8107
0.8106
0.9095
0.8141
0.8233
0.8114
0.8247
0.8157
0.8155
0.8137
0.8513
0.832
0.8251
0.8109
0.8134
0.8226
0.8115
0.8106
0.8236
0.8119
0.8259
0.8219
0.8228
0.8225
1.1113
0.8219
0.8227
0.8105
0.8212
0.8091
0.8226
0.823
0.8088
0.8108
0.8231
0.8258
0.8232
0.8242
0.8121
0.8282
0.8109
0.8257
0.8264
0.8245
0.8281
0.8178
0.8252
0.836
0.8273
0.8235
0.8396
0.8094
0.828
0.81
0.8108
0.8109
0.8253
0.8115
0.8131
0.8225
1.2859
0.8089
0.8218
0.8107
0.826
0.8284
0.8116
0.8901
1.7137
0.811
0.8264
0.8119
0.8224
0.8216
0.8113
0.8133
0.8209
0.841
0.883
0.8226
0.8115
0.8093
0.8223
0.8237
0.8126
0.8365
0.814
0.8093
0.811
0.8135
0.8111
0.8229
0.843
0.8139
0.8304
0.8128
0.8224
0.815
0.8094
0.8221
0.8035
0.8648
0.8411
0.822
0.8101
0.8325
0.8142
0.8229
0.8222
0.8143
0.8318
0.8129
0.8145
0.8149
0.8126
0.8573
0.8097
0.8353
0.8132
0.8259
0.8109
0.8226
1.076
0.8221
0.8133
0.8285
0.8157
0.8097
0.8212
0.8228
0.8156
0.8225
0.8233
0.8231
0.8121
0.8363
0.8154
0.8114
0.8298
0.8235
0.8145
0.8129
0.8092
0.8089
0.8152
0.8105
0.8336
0.8229
0.8114
0.8141
0.8124
0.8102
0.8232
0.8123
0.8143
0.8134
0.8105
0.809
0.859
0.8116
0.8101
0.8225
0.8352
0.8135
0.8131
0.827
0.8355
0.8117
0.8139
0.8534
0.8506
0.8522
0.8369
0.8253
0.8094
0.8235
0.9165
0.8153
0.862
0.82
0.8278
0.8099
0.8465
0.8233
0.8516
0.8224
0.8155
0.8116
0.8647
0.817
0.85
0.8125
0.939
0.8161
0.8222
0.8213
0.8103
0.8108
0.8103
0.8088
0.8108
0.8238
0.8232
0.8318
0.8125
0.8143
0.8308
1.2692
0.8142
0.8093
0.8139
0.827
0.8242
0.8514
0.8106
0.8234
0.8137
0.8101
0.8373
0.8238
0.823
0.8231
0.8131
0.8127
0.8231
0.8103
0.8235
0.8681
0.8134
0.8134
0.8168
0.8209
0.8238
0.8222
0.8091
0.8226
0.8356
0.8113
0.8235
0.8245
0.8116
0.8228
0.8114
0.8103
0.8095
0.8108
0.8171
0.8206
0.8114
0.811
0.8096
0.8098
0.8087
0.8109
0.8093
0.8106
0.809
0.8094
0.8105
0.8098
0.9057
0.8107
0.8217
0.8281
0.8345
0.8124
0.8272
0.8473
0.8098
0.8239
0.8103
0.8123
0.8227
0.8215
0.8227
0.8098
0.8057
0.8398
0.8221
0.8373
0.8219
0.8219
0.8119
0.8218
0.8628
0.8107
0.8263
0.8226
0.8108
0.824
0.8249
0.8216
0.8107
0.823
0.8121
0.8216
0.8104
0.8119
0.8111
0.8112
0.8127
0.8301
0.8104
0.81
0.8029
0.8392
0.8109
0.8227
0.8276
0.8124
0.8128
0.8101
0.8103
0.8105
0.823
0.811
0.8357
0.827
0.8129
0.8236
0.8206
0.8091
0.8545
0.8225
0.8085
0.825
0.8008
1.2728
0.8279
0.9074
0.8103
0.8108
0.8247
0.8108
0.8104
0.8096
0.8244
0.8094
0.8235
0.8214
0.8409
0.8287
0.8216
0.8101
0.8105
0.8222
0.8108
0.8022
0.8178
0.8224
0.879
0.8148
0.8109
0.8292
0.8476
0.8227
0.8142
0.8121
1.1715
0.8112
0.8212
0.8122
0.8129
0.8184
0.8254
1.2056
0.8119
0.8117
0.8234
0.8115
0.814
0.8235
0.903
0.8105
0.8529
0.8148
0.8245
0.8345
0.8108
0.8017
0.8231
0.8201
0.8144
0.8246
0.81
0.8101
0.8237
0.8375
0.8355
0.8104
0.826
0.8109
0.8098
0.8206
0.8109
0.8399
0.8531
0.8245
0.8166
0.8101
0.8227
0.8219
0.8912
0.813
0.8227
0.8143
0.8145
0.8225
0.9748
0.8235
0.8141
0.814
0.8358
0.8106
0.828
0.8126
0.808
0.8125
0.8127
0.8212
0.8084
0.8351
0.8231
0.8108
0.8108
0.8022
0.8303
0.8102
0.8101
0.811
0.8103
0.8089
1.1175
0.8168
0.8237
0.8222
0.8119
0.8105
0.8305
0.8097
0.8098
0.8232
0.8229
0.8107
0.8104
0.8257
0.8369
0.8092
0.8114
0.8085
0.8087
0.8242
0.8095
0.823
0.8234
0.8032
0.8146
0.8233
0.8239
0.8123
0.8366
0.81
0.8107
0.822
0.8136
0.8359
0.8093
0.81
0.8231
0.8107
0.8327
0.8103
0.8233
0.8267
0.8392
0.8263
0.908
0.8227
0.8281
0.8096
0.8103
0.8253
0.8221
0.8112
0.8149
0.8238
0.8239
0.8111
0.8099
0.8313
0.8104
0.8112
0.8099
0.8274
0.8228
0.8089
1.1965
0.8139
0.8103
0.8122
0.8224
0.8109
0.8109
0.8086
0.81
0.8098
0.8133
0.8252
0.816
1.2958
0.8801
0.8235
0.8233
0.833
0.8327
0.8105
0.8229
0.8089
0.8353
0.8465
0.8229
0.809
0.8147
0.8221
0.8329
0.8238
0.827
0.8127
0.8085
0.8118
0.8113
0.822
0.8124
0.8113
0.8104
0.8158
0.8152
0.818
0.8279
0.8629
0.8551
0.8255
0.812
0.8226
0.8103
0.813
1.296
0.8579
0.8146
0.8114
0.8296
0.822
0.8103
0.8109
0.8537
0.8217
0.8588
0.8091
0.8121
0.8222
0.8098
0.8101
0.8231
0.8104
0.8084
0.8096
0.8241
0.8227
0.8117
0.826
0.8104
0.8105
0.8245
0.8151
0.8102
0.7829
0.8115
0.8097
0.8107
0.8136
0.9387
0.821
0.8233
0.8108
0.8105
0.8236
0.8114
0.8601
0.8425
0.8133
0.8053
0.8108
0.8365
0.8112
0.8116
0.8323
0.8117
0.8211
0.8096
0.8331
0.8263
0.8125
0.8241
0.861
0.8119
0.8151
0.8246
0.8225
0.833
0.8233
0.8093
0.8168
0.8226
0.8088
0.8249
0.8153
0.8097
0.8241
0.8166
0.8115
0.8242
0.8251
0.8106
0.811
0.8128
0.8217
0.8099
0.8122
0.809
0.8113
0.8225
0.8148
0.8215
0.8482
0.8226
0.8206
0.8101
0.8113
0.8104
0.8102
0.8106
0.8505
0.81
0.8152
0.82
0.8133
0.8226
0.8227
0.8264
1.2791
0.827
0.8344
0.8318
0.874
0.8238
0.8253
0.8218
0.8144
0.8086
0.8227
0.8111
0.8107
0.8115
0.8088
0.8145
0.8125
0.8242
0.8347
0.8228
0.8126
0.8256
0.8293
0.8254
0.8122
0.8119
0.8092
0.8248
0.8229
0.8131
0.8015
0.8122
0.8543
0.824
0.8089
0.8102
0.8236
0.8115
0.9498
0.8258
0.8218
0.8088
0.8228
0.8114
0.8226
0.8249
0.813
0.8107
0.8088
0.8142
0.8146
0.9165
0.8232
0.8145
0.8255
0.8176
0.8213
0.8236
0.8132
0.8031
0.8104
0.8105
1.2867
0.8121
0.839
0.8118
0.8227
0.8253
0.8145
0.8102
0.8087
0.8114
0.8116
0.81
0.8115
0.8225
0.8254
0.8212
0.8105
0.8134
0.834
0.8148
0.8105
0.8103
0.8154
0.8348
0.8236
0.8144
0.81
0.8116
0.8237
0.8261
0.8104
0.8846
0.8107
0.8117
0.8117
0.8274
0.809
0.8097
0.8122
0.8317
0.8101
0.8249
0.8111
0.8227
0.8213
0.8226
0.8167
0.8143
0.8113
0.8142
0.8728
0.8123
0.8111
0.8107
0.8239
0.8328
0.8171
0.8143
0.8237
0.816
0.8437
0.8132
0.8022
0.8233
0.8136
0.8239
0.8256
0.8165
0.8107
0.8229
0.8547
0.8119
0.8271
0.8232
0.8093
0.8441
0.8123
0.8254
0.81
0.8174
0.8276
0.8104
0.8152
0.8117
0.8418
0.8271
0.8149
0.8243
0.8133
0.8192
0.8234
0.8424
0.81
0.8103
0.8309
0.8482
0.8126
0.8152
0.831
0.8133
0.8222
0.8216
0.8091
0.8112
0.8107
0.8258
0.8103
0.826
0.8102
0.8235
0.8144
0.8482
0.8143
0.8113
0.8104
0.8131
0.8258
0.8176
0.8267
0.8115
0.8183
0.8105
0.8081
0.8234
0.8113
0.8101
0.8104
0.8092
0.83
0.8111
0.8692
0.8108
0.8164
0.8226
0.809
0.8231
0.8106
0.8381
0.8232
0.8116
0.8134
0.8109
0.8465
0.8131
0.8084
0.8114
0.8137
0.8106
0.8133
0.8143
0.8093
0.8255
0.8225
0.8093
0.8097
0.8158
0.8132
0.8249
0.8138
0.83
0.8148
0.8125
0.8207
0.8248
0.8215
0.8237
0.8107
0.8095
0.8308
0.8146
0.8251
0.8008
0.8053
0.8128
0.8129
0.8238
0.8254
0.8114
0.8129
0.8129
0.8098
0.8091
0.8148
1.196
0.8117
0.8138
0.8095
0.812
0.8087
0.8115
0.8235
0.8108
0.8279
0.8263
0.8112
0.8234
0.8316
0.8223
0.8249
0.8092
0.8105
0.8143
0.873
0.8158
0.8231
0.8088
0.8098
0.8251
0.8107
0.809
1.2344
0.8262
0.8114
0.8437
0.8112
0.8131
0.8126
0.8233
0.8118
0.809
1.1965
0.8095
0.8118
0.8345
0.8236
0.8233
0.829
1.1928
0.8097
0.8233
0.814
0.8114
0.8096
0.8112
0.8302
0.8094
0.9768
0.809
0.8094
0.8192
0.8025
0.8102
0.8275
0.8093
0.9956
0.8234
0.8216
0.8098
0.8141
0.8219
0.8125
0.8166
0.8235
0.8254
0.9266
0.8226
0.8101
0.8121
0.823
0.8091
0.8249
0.8129
0.8671
0.8107
0.8118
0.8122
0.8128
0.8229
0.8105
0.8325
0.8124
0.8256
0.8103
0.8108
0.8334
0.8218
0.813
0.8121
0.8286
0.8267
0.8103
0.8098
0.8107
0.8104
0.8108
0.8917
0.8114
0.8009
0.8343
0.8511
0.8772
0.8137
0.8094
0.8244
0.8212
0.8097
0.8087
0.8263
0.8103
0.8264
0.811
0.8269
0.8222
0.8233
0.8231
0.8093
0.8237
0.8103
0.811
0.8269
0.811
0.8108
0.8099
0.8136
0.8228
0.8106
0.8232
0.811
0.8275
0.8228
0.8145
0.8285
0.8107
0.8115
0.8234
0.811
0.8106
0.8285
0.8094
0.8207
0.8241
0.8158
0.8139
0.8673
0.8645
0.8105
0.8097
0.8145
0.8142
0.811
0.8231
0.8112
0.8351
0.8877
0.8215
0.8096
0.8219
0.8065
0.8086
0.8126
0.8235
0.8096
0.8106
0.8267
0.821
0.8249
0.8118
0.8123
0.823
0.8537
0.822
0.8126
0.8103
0.8147
0.8108
0.8133
0.8258
0.8136
0.8469
0.8415
0.8213
0.8137
0.8211
0.8629
0.8125
0.8153
0.8222
0.808
0.8361
0.8117
0.8199
0.8093
0.8205
0.813
0.8104
0.81
0.8095
0.8127
0.8156
0.8005
0.8213
0.8102
0.8113
0.8124
0.9189
0.8142
0.816
0.8182
0.8592
0.8131
1.2905
0.8126
0.8453
0.8121
0.8172
0.8886
0.8161
0.8134
0.8175
0.8213
0.8123
0.8222
0.826
0.8134
0.8106
0.8087
0.8123
0.813
0.7918
0.8224
0.8238
0.8187
0.8194
0.8294
0.8115
0.9142
0.8265
0.8147
0.8108
0.81
0.8275
0.8258
0.8115
0.809
0.8128
0.956
0.8176
0.8233
1.275
0.9441
0.8286
0.811
0.8114
1.0208
0.8097
0.8134
0.8228
0.8102
0.8112
0.8743
0.8281
0.8148
0.814
0.8226
0.8159
0.8226
0.795
0.8157
0.814
0.8153
0.8145
0.821
0.8074
0.8125
0.8116
0.8192
1.2102
0.8403
0.8109
0.8247
0.8441
0.8118
0.8136
0.8463
0.8064
0.8218
0.8128
0.813
0.8234
0.8238
0.8218
0.8109
0.8145
0.8426
0.8294
0.8152
0.8101
0.811
0.8256
0.8115
0.8146
0.8152
0.8117
0.8107
0.8108
0.8113
0.819
0.8244
0.8107
0.831
1.0453
0.8145
0.8175
0.8417
0.8098
0.8282
0.8252
0.8138
0.8104
0.8625
0.8095
0.8112
0.8048
0.8213
0.8106
0.8573
0.8093
0.936
0.8424
0.8247
0.8264
0.8134
1.27
0.8256
0.8094
0.8396
0.8247
0.8303
0.8393
0.8623
0.8105
0.8093
0.8245
0.8099
0.812
0.8098
0.8103
0.8229
0.8141
0.8254
0.8103
0.9176
0.8377
0.8256
0.823
0.817
0.8242
0.8668
0.8463
0.8233
0.8227
0.8245
0.8225
0.8114
0.8142
0.8087
0.8126
0.826
0.8137
1.1965
0.8295
0.8104
0.8108
0.816
0.8103
0.8109
0.8121
0.801
0.8239
0.8111
0.8231
0.8105
0.8118
0.9066
0.8025
0.8103
0.8105
0.812
0.8108
0.8116
0.8305
0.81
0.8522
0.8102
0.8136
0.8109
0.8162
0.818
0.8104
0.8138
0.8116
0.8112
0.8222
0.8104
0.8103
0.8142
0.8111
0.8222
0.8104
0.8222
0.8112
0.8264
0.8102
0.8114
0.8025
0.8218
0.8211
0.8199
0.81
0.8103
0.8228
0.8254
0.8248
0.8224
0.8188
0.8033
0.8211
0.8212
0.8146
0.8246
0.8109
0.8107
0.851
0.828
0.8219
0.8111
0.8116
0.8231
0.8229
0.8118
0.8116
0.8097
0.8231
0.9624
0.8962
0.8149
0.8094
0.8152
0.8191
0.8099
0.8103
0.8213
0.8106
0.8109
0.8113
0.8436
0.8094
0.8225
0.8153
0.813
1.2942
0.8131
0.8252
0.8113
0.8219
0.8098
0.83
0.811
0.8272
0.8472
0.811
0.8231
0.8129
0.8231
0.8144
0.8116
0.8097
0.8137
0.8102
0.8592
0.8145
0.8098
0.824
0.8116
0.8216
0.8141
0.8232
0.8145
0.813
0.8141
0.8491
0.8191
0.823
0.8229
0.8101
0.8224
0.8405
0.8225
0.8235
0.8109
0.8105
0.8133
0.823
0.9837
0.8227
0.8242
0.8216
0.8102
0.8144
0.8257
0.8219
0.8087
0.8284
0.8226
0.8102
0.8098
0.8112
0.8106
0.8155
0.823
0.8087
0.8143
0.8109
0.8114
0.8139
0.8102
0.8235
0.8145
0.8125
0.8116
0.8109
0.8218
0.8243
0.8256
0.8248
0.813
0.8145
0.8233
0.8228
0.8275
0.8322
0.8109
0.8121
0.8224
0.823
0.8112
0.8129
1.1838
0.8119
0.8221
0.8095
0.8141
0.8263
0.8247
0.822
0.8295
0.81
0.8213
0.8103
0.8139
0.8439
0.8278
0.8222
0.8138
0.8131
0.8184
0.8307
0.8083
0.84
0.8415
0.8114
0.8095
0.8143
0.8217
0.8437
0.8409
0.8134
0.8247
0.8487
0.8093
0.8218
0.8134
0.8096
0.8132
0.8115
0.8231
0.8225
0.8654
0.8024
0.8337
0.8132
0.81
0.8222
0.8234
0.8224
0.8336
0.8226
0.8106
0.8088
0.8144
0.8152
0.8088
0.8109
0.8256
0.8131
1.2823
0.8179
0.8139
0.813
0.8105
0.821
0.81
0.8103
0.832
0.7908
0.8515
0.8278
0.8665
0.8104
0.8276
0.8116
0.8111
0.8662
0.809
0.8233
0.8116
0.8121
0.8119
0.821
0.8098
0.8294
0.8234
0.8102
0.8089
0.8129
0.8247
0.8309
0.8106
0.81
0.8098
0.8101
0.8084
0.8127
0.8086
0.8094
0.8222
0.8103
0.8115
0.8243
0.8118
0.8266
0.8095
0.8253
0.8193
0.8216
0.8108
0.8114
0.8214
0.8088
0.8097
0.8117
0.8143
0.8111
0.823
0.857
0.8104
0.8118
0.8109
0.8155
0.8224
0.8121
0.7912
0.81
0.8019
0.8102
0.829
0.8126
0.8107
0.8105
0.8545
0.8112
0.8108
0.8217
0.8107
0.8251
0.8497
0.8111
0.823
0.8121
0.8588
0.8103
0.8178
0.8148
0.8224
0.823
0.8238
0.8222
0.8114
0.8029
0.8231
0.8371
0.8338
1.0986
0.8529
0.8102
0.8214
0.8245
0.8097
0.812
0.8085
0.818
0.8237
0.8119
0.8103
0.8126
0.8142
0.8103
0.8214
0.8759
0.815
0.8159
0.8111
0.81
0.8138
0.81
0.8102
0.8117
0.8097
0.8105
0.8249
0.8267
0.8093
0.8101
0.8232
0.8138
0.8228
0.8134
0.8029
0.8219
0.8094
0.8102
0.811
0.8243
0.8208
0.8105
0.8108
0.8247
0.8244
0.8103
0.8227
0.8089
0.8097
0.8226
0.8136
0.8101
0.8102
0.8037
0.8126
0.8587
0.8091
0.8031
0.8244
0.8119
0.8115
0.8229
0.8108
0.8115
0.8101
0.8105
0.8225
0.8112
0.8134
0.8299
0.8311
0.8125
0.8128
0.849
0.8113
0.8098
0.8951
0.8133
0.801
0.8123
0.8099
0.8106
0.8092
0.8234
0.8107
0.8123
0.8134
0.8118
0.8103
0.8344
0.825
0.8104
0.8242
0.8316
0.8106
0.8113
0.8229
0.8282
0.8254
0.8311
0.8242
0.8218
0.8136
0.81
0.8242
0.8245
0.8097
0.8244
0.8127
0.8203
0.8102
0.8226
0.811
0.811
0.8105
0.825
0.8264
0.8099
0.81
0.8213
0.81
0.813
0.8607
0.8105
0.9267
0.8102
0.8112
0.8117
0.8098
0.8217
0.8111
0.8111
0.8126
0.8102
0.8104
0.8134
0.8127
0.8108
0.8241
0.8107
0.8201
0.8242
0.8111
0.8217
0.8104
0.8105
0.813
0.8237
0.8117
0.8118
0.8136
0.8166
0.8219
0.8248
0.8117
0.8134
0.8114
0.8105
0.8105
0.8096
0.821
0.8019
0.8112
0.823
0.9162
0.8286
0.8221
0.8015
0.8131
0.8109
0.81
0.8111
0.8092
0.8272
0.8106
0.8099
0.8059
0.8094
0.8299
0.8103
0.8341
0.8212
0.8107
0.8223
0.8132
0.8139
0.8112
0.8208
0.8232
0.8257
0.8259
0.8093
0.8243
0.8154
0.8108
0.8091
0.812
0.8115
0.8136
0.8095
0.8226
0.8259
0.811
0.8117
0.8249
0.8106
0.8222
0.8215
0.8243
0.812
0.8435
0.8101
0.8116
0.8215
0.8106
0.8224
0.8605
0.8218
0.809
0.8318
0.8321
0.8112
0.8239
0.8332
0.8023
0.81
0.8108
0.822
0.8105
0.8105
0.8227
0.8267
0.8325
0.8185
0.842
0.8091
0.8109
0.8344
0.8427
0.8228
0.8112
0.8137
0.8108
0.8106
0.8261
0.8108
0.8127
0.8093
0.808
0.8106
0.8102
0.8016
0.8236
0.8088
0.8109
0.8097
0.8109
0.8142
1.0101
0.8101
0.8096
0.9252
0.8237
0.8331
0.8396
0.8119
0.8214
0.8177
0.8401
0.8102
0.8108
0.8243
0.822
0.8097
0.811
0.8143
0.8107
0.8131
0.8208
0.8267
0.8113
0.8281
0.8313
0.8232
0.8223
0.8136
0.8346
0.8123
0.8252
0.833
0.8613
1.2866
0.8377
0.8598
0.8219
0.8237
0.8214
0.8109
0.8116
0.7893
0.8217
0.8304
0.8114
0.8108
0.8098
0.8354
0.8348
0.8288
0.8158
0.8138
0.8133
0.8104
0.8092
0.8114
0.8106
0.801
0.8245
0.8104
0.8107
0.8106
0.8149
0.8098
0.8349
0.8474
0.8225
0.8116
0.8135
0.8107
0.8105
0.9004
0.8088
0.8094
0.809
0.8089
0.8229
0.8158
0.8202
0.8025
0.8145
0.817
0.8112
0.8105
0.8247
0.8105
0.8104
0.812
0.8233
0.8199
0.8236
0.8207
0.81
0.824
0.8338
0.8231
0.8225
0.8106
1.1312
0.8103
0.8258
0.9808
0.8093
0.8357
0.8196
0.8135
0.8134
1.2982
0.81
0.8121
0.8216
0.8225
0.8264
0.8227
0.8213
0.8256
0.8222
0.8266
0.8105
0.8226
0.8218
0.8757
0.8297
0.8333
0.8107
0.8105
0.8105
0.8099
0.8211
0.8111
0.8239
0.8104
0.8097
0.8215
0.7909
0.8121
0.8128
0.824
0.8598
0.8114
0.8244
0.8232
0.8097
0.81
0.825
0.8094
0.8111
0.8235
0.825
0.8237
0.81
0.822
0.8213
0.824
0.823
0.8101
0.8107
0.8089
0.81
0.8095
0.8088
0.8213
0.827
0.853
0.8103
0.8094
0.8234
0.8113
0.8091
0.822
0.8113
0.8109
0.8209
0.8827
0.8106
0.8111
0.8108
0.8229
0.8215
0.8157
0.816
1.1065
0.8236
0.8104
0.8232
0.8105
0.8119
0.8094
0.8128
0.8214
0.8122
0.8218
0.8095
0.8192
0.8248
0.8318
1.1808
0.8162
0.8261
0.8103
0.8093
0.8242
0.8093
0.8213
0.8385
1.0206
0.8225
0.8105
0.8101
0.8133
0.8318
0.824
0.8231
0.8107
0.8231
0.8243
0.825
0.8117
0.8397
0.8273
0.8234
0.8114
0.8085
0.8129
0.81
0.823
0.8122
0.8091
0.8221
0.8057
0.8251
0.8084
0.811
0.8186
0.8105
0.8091
0.815
0.7909
0.8114
0.8109
0.8111
0.8121
0.809
