Timp in Milisecunde
0.9457
284.338
1165.01
159.64
174.611
1448.89
65.3159
816.954
258.292
13.4885
1713.17
2204.12
42.1054
278.805
75.2192
0.5648
0.0868
930.053
2431.53
296.26
1749.67
479.735
2268.57
2324.6
0.942
1924.46
478.797
570.13
812.531
256.645
2177.87
691.064
157.887
506.834
520.874
1977.99
310.262
38.5314
1748.69
1907.95
1191.47
739.99
370.643
285.534
1394.43
1887.91
509.055
1211.75
1977.98
679.355
434.966
1603.39
15.9483
216.286
2011.29
8.0117
170.503
33.2666
399.603
2212.57
176.538
1.8399
368.072
2077.14
68.3562
137.863
261.777
33.3272
2.872
961.833
1503.72
1310.71
113.705
2455.1
1807.41
29.2118
2438
351.37
1134.23
652.075
298.669
3.3947
199.506
712.467
58.5317
172.434
62.62
490.254
299.622
135.388
43.8042
25.5073
261.562
556.321
2143.1
169.452
985.905
1851.94
2047.44
815.459
6.5588
2424.4
1389.65
116.046
1869.43
250.148
1071.79
296.859
1705.6
5.1358
270.65
1276.38
38.3031
478.756
944.943
1818.51
1128.77
1916.72
1380.13
1249.42
43.2563
1455.63
157.682
2228.96
2430.8
2223.02
179.039
2270.92
2076.65
1667.83
1.0876
675.016
299.349
7.3708
311.54
1654.59
1064.73
1816.12
1517.78
805.795
672.672
132.848
781.306
119.291
1615.28
336.397
377.208
718.164
1686.77
2324.03
23.2887
663.189
1546.28
2109.96
591.881
552.511
619.555
900.752
399.157
2223.89
389.557
712.607
1845.77
190.635
555.102
921.189
98.6849
3.901
1786.84
1043.76
215.206
543.994
1145.72
469.505
2296.74
248.202
1629.11
112.595
1.0718
512.997
49.161
8.9261
630.863
1825.72
206.091
689.813
1887.18
833.197
1341.58
2.7405
140.742
263.452
1066.89
1956.95
1770.98
345.967
2001.34
297.294
2235.46
99.798
914.596
337.748
33.3303
910.254
800.232
2123.67
16.8261
1494.04
266.447
1445.67
0.0943
6.1846
6.0593
2238.66
77.5042
871.127
384.245
2208.72
1536.5
738.244
190.533
120.968
474.91
2406.62
1004.8
2346.34
410.876
362.424
0.6114
98.5798
1753.7
83.8391
176.723
337.626
244.354
553.657
377.447
517.097
600.917
862.992
291.342
2334.44
2259.11
1983.71
24.8917
1447.26
792.367
2248.37
1496.78
133.978
1963.49
238.268
443.658
9.9448
1662.72
419.679
2308.87
395.354
75.178
285.313
152.561
609.593
1073.6
1230.89
672.176
73.698
1460.53
2047.59
672.046
391.953
271.825
1181.78
11.5978
120.697
545.105
1641.4
113.058
1123.92
373.101
150.404
675.664
85.9329
2175.08
93.2159
21.418
2228.52
72.8745
222.368
9.8864
1270.36
420.699
1915.9
575.32
422.961
218.134
1345.93
1027.82
2451.89
29.0829
468.422
2069.98
2418.44
110.067
170.308
2227.42
918.527
1940.42
14.1271
2432.24
379.8
1050.72
466.358
72.644
489.212
388.176
1442.67
1052.23
0.0059
175.878
1108.14
1612.03
305.077
979.161
538.515
1342.13
1151.83
149.416
78.8076
1932.8
57.5253
125.694
352.212
411.644
2010.13
390.452
13.6433
1015.64
372.122
15.5863
14.7752
803.073
1332.42
2293.13
1005.43
1332.93
353.624
425.273
628.301
832.542
135.624
1136.55
1344.28
388.836
92.9296
1908.95
423.293
320.302
583.622
184.57
1871.74
421.614
1190
1815.18
881.818
1827.57
438.763
794.183
2399.41
2.0983
451.552
10.6673
0.7051
146.216
370.638
275.003
11.7054
1447.37
451.681
119.932
883.28
95.6643
1822.08
2.1599
227.08
1693.71
20.9311
169.005
637.579
208.037
2333.43
160.846
1178.55
1191.8
269.771
5.1711
1998.55
357.647
1252.41
2005.22
690.646
2027
267.163
43.4933
428.071
278.956
691.449
190.222
1407.47
83.4945
802.345
1293.15
907.187
475.969
0.6113
350.498
358.8
875.752
862.955
1.7732
494.38
2418.49
2439.6
456.397
20.1734
1486.63
380.166
582.177
1062.19
1954.16
35.618
2178.04
29.2512
68.6002
644.839
30.2067
1441.53
1355.78
1992.74
637.224
1133.98
0.0403
2104.47
2230.94
3.2588
1011.87
1019.43
2105.36
2233.52
164.834
2063.41
1839.83
176.589
102.037
302.087
784.418
1316.28
2341.84
669.031
69.6485
428.537
289.24
728.328
452.44
1198.74
700.124
241.074
353.824
2.4452
859.091
570.557
111.691
293.714
27.0432
986.342
438.887
2056.01
232.163
168.882
1.7495
234.095
397.203
835.61
86.2983
1460.14
464.98
1432.03
210.497
0.6609
94.9077
681.879
1.4335
314.861
303.19
155.824
25.107
1258.34
88.081
1544
382.742
1648.45
1731.28
237.749
497.343
733.187
239.539
1376.46
0.0511
0.9066
56.5553
276.717
702.521
1645.75
25.1024
95.8341
79.7667
237.409
81.041
2.9829
161.665
215.309
685.629
598.953
2456.02
50.817
765.161
1346.01
2112.41
291.045
609.303
1501.5
21.2464
118.732
2002.42
36.5328
411.938
841.761
1572.4
58.6368
2174.63
604.087
87.6618
1536.88
502.35
16.8707
1856.62
958.927
1502.72
776.557
1217.21
2029.42
643.799
293.305
480.366
57.4947
1931.7
62.8496
755.574
1387.9
746.505
781.451
661.294
1022.07
207.651
557.317
5.0595
1420.29
1988.05
65.2551
1292.1
83.2587
3.6843
1.2144
825.502
2362.45
51.8906
440.738
1007.77
231.539
436.889
1589.68
1914.42
409.851
42.3051
267.909
36.9063
512.052
560.863
1137.66
2.2572
0.5065
748.109
322.817
1143.67
664.277
1037.65
75.574
417.818
92.1643
1845.41
171.795
687.001
91.426
63.5027
21.9405
1896.13
13.1243
396.809
703.275
2313.02
904.746
1550.98
2300.64
612.308
62.5049
2433.96
101.518
1344.67
107.587
364.523
1380.62
147.166
35.8778
90.3593
497.841
400.593
1554.28
24.861
1327.35
2001.36
144.864
446.087
167.811
8.7179
2378.61
3.1706
525.955
504.106
14.7703
9.3703
606.967
67.1574
933.724
570.973
11.4686
205.545
1372.37
580.149
455.661
439.844
209.775
59.6324
139.298
1919.37
0.3443
795.312
4.0208
2373.79
1131.63
2117.56
467.978
1076.25
1965.74
1770.77
448.335
489.185
403.177
1703.55
888.43
1422.86
951.967
592.269
434.047
81.396
695.909
1528.75
2308.44
404.776
30.7922
128.585
551.802
2437.01
693.063
75.7102
249.398
380.85
65.7765
745.78
108.109
678.368
1441.43
624.751
2008.96
1821.59
1.3285
54.9027
1116.6
1858.65
7.1118
1375.73
1269.59
110.697
7.2966
1870.7
2057.61
83.0821
1628.5
700.732
170.775
423.018
1335.78
1434.37
0.0589
776.271
2210.05
992.725
1471.75
212.688
175.918
2349.24
1291.29
6.2236
32.8614
397.022
670.615
2.9507
15.0119
1396.76
52.6504
0.2982
91.8754
997.921
296.483
1228.16
0.8174
596.024
188.504
2417.06
42.2022
1403.18
313.124
1260.45
424.379
577.407
338.212
1128.84
3.6492
84.2753
2262.87
58.4943
643.736
1228.95
1620.71
2106.74
734.137
197.99
9.8812
1486.44
274.016
224.823
1463.81
116.924
1653.22
124.823
2.9678
1489.93
338.517
5.7705
171.611
2386.97
1013.45
0.7393
2055.8
1979.99
171.102
1547.76
2145.56
894.22
238.827
48.8193
1596.34
223.403
773.325
563.278
245.695
1417.56
600.395
5.6516
184.395
1170.24
1301.95
1384.67
348.713
1584.3
280.894
1130.03
943.914
881.999
709.521
1124.08
1936.63
213.901
138.25
1100.9
1434.71
3.955
483.667
599.647
530.319
675.135
1826.51
2281.77
0.0028
0.9757
506.526
1071.85
1391.46
45.9607
85.2833
1020.2
617.748
5.7488
1290.08
522.743
128.201
1769.91
17.4707
1114.11
1304.43
1841.87
222.359
61.4834
62.6866
1093.55
1068.97
142.503
304.07
926.845
2383.2
1367.3
1975.73
454.189
161.784
942.038
538.959
1777.19
891.015
1506.69
1021.72
557.534
1.3795
1155.98
214.234
211.753
533.596
357.133
1577.68
918.965
60.6608
107.762
1168.37
283.276
1578.83
836.291
363.896
26.0129
3.2413
5.4335
555.111
87.352
1078.36
46.0319
356.795
113.22
519.239
69.307
68.8421
997.022
1249.68
1295.8
2126.45
673.246
347.101
395.656
483.258
2327.89
1375.99
595.226
915.647
875.644
2.6368
778.51
501.759
1277.13
348.644
1919.6
637.648
693.121
31.1091
6.5776
1666.21
13.0846
1491.94
776.867
948.297
1166.26
1164.48
136.004
1699.29
2268.18
1077.95
1172.36
2261.24
1908.49
499.224
27.8403
137.082
253.355
666.913
2242.2
211.334
1.1396
1920.26
2404.93
84.6319
450.759
1105.17
1591.96
568.016
1770.34
444.79
2.2277
1773.42
7.8323
103.874
687.905
790.353
499.084
120.328
1472.69
7.985
172.666
157.213
1292.22
14.9093
202.293
1675.16
618.876
1567.7
2305.46
57.1727
1749.08
970.307
1767.66
50.289
2.2173
79.8694
39.3255
49.2414
263.508
13.8996
6.0918
1810.83
649.479
405.615
92.4765
77.088
1342.29
526.176
401.843
2159.9
71.383
44.459
47.654
577.522
472.491
1888.2
1429.86
10.3683
105.353
1597.78
488.287
762.766
2347.02
148.86
210.328
199.365
28.7461
157.324
2157.21
525.792
231.319
21.9698
230.987
648.418
864.532
1442.12
168.538
150.519
50.4123
637.582
2130.65
393.478
198.683
628.225
384.44
1467.23
2319.2
710.762
1973
1081.3
1849.99
109.292
79.3975
1576.54
2114.16
1039.61
2379.61
1248.07
9.7192
1517.6
115.036
858.785
2.1258
172.856
73.4399
17.9525
1410.14
2226.66
209.675
69.1994
1823.67
4.9495
18.805
766.963
284.316
110.36
683.428
497.698
1227.69
614.359
66.3243
45.5315
20.8505
1446.1
34.058
821.335
425.819
29.4455
728.614
1968.1
2073.79
445.845
743.286
23.7568
1883.17
19.205
33.707
1170.17
2426.74
153.5
400.744
1682.45
180.371
736.705
474.141
481.245
1005.13
169.75
550.96
4.4812
60.3319
297.535
1413.07
351.763
161.914
166.937
841.064
1394.06
1201.64
1275.06
174.47
26.8755
1758.89
118.758
1585.57
328.578
423.601
499.587
279.446
1379.84
647.321
394.743
356.562
331.414
871.634
2261.11
1396.99
1007.55
1460.23
509.233
404.594
4.8647
1050.17
10.8465
270.663
1073.65
690.65
258.45
2137.65
357.012
14.4544
34.6203
423.018
1836.23
467.631
3.6621
2171.44
742.341
1728.37
472.042
2.3584
158.157
1068.11
2291.44
2178.64
181.055
1565.13
65.2267
8.7708
1782.23
23.6348
1595.35
113.896
4.6188
912.638
1764.31
263.209
2223.14
1802.09
1452.49
84.0648
499.169
503.32
57.8075
1370.39
6.8172
9.4823
2066.78
2385.88
463.107
2359.94
25.9381
1540.98
925.812
2089.53
289.374
1348.25
1100.27
436.61
1280.21
1340.92
1926.03
303.651
1847.59
468.208
4.4854
4.3406
1039.69
1690.82
0.9417
2147.8
1.0616
47.7931
613.657
2379.51
596.254
623.976
11.7714
2398.13
701.063
51.2069
1400.28
622.2
31.0413
697.667
1598.86
1352.19
888.425
1213.39
135.993
2056.62
362.467
2.0032
1605.96
956.212
992.27
2042.18
1384.99
1153.76
1732
1056.77
1330.5
1426.88
983.839
164.814
726.411
1734.45
0.1958
64.8377
1459.83
2035.96
699.131
112.171
2438.05
541.606
1431.19
2078.34
2119.31
291.755
33.8504
1047.67
735.743
2015.81
1924.17
124.064
209.959
308.802
82.8363
501.709
329.023
1725.4
71.7662
0.9734
1886.89
148.345
903.373
455.52
460.27
295.57
1371.64
1611.9
1030.72
684.854
1336.09
1335.81
1918.96
990.181
447.265
1018.75
48.8229
2050.85
1800.31
423.615
1199.98
2420.68
1625.79
2166.47
826.848
1454.66
6.8061
1451.87
52.2271
2436.99
1939.11
98.989
1370
1150.73
236.226
260.118
2029.09
299.565
105.317
522.938
24.5911
568.504
192.15
653.974
1167.22
534.779
653.197
408.705
2221.65
2259.23
90.345
53.3386
1896.94
0.1274
166.526
25.7957
1239.97
33.5317
0.8589
80.1957
2188.34
1405.08
76.6031
157.101
1311.49
219.186
2339.31
0.5601
241.779
1049.95
1366.54
98.3172
1352.93
207.523
24.1682
469.591
1473.29
2219.4
1307.64
1311.25
898.637
360.811
246.001
371.17
1646.06
1434.13
303.336
382.128
2.0374
264.474
178.836
255.287
1135.64
247.173
585.467
1419.25
719.423
1318.06
1.0121
1684.34
846.337
1201.3
856.389
1519.76
331.348
204.772
597.813
43.7768
1892.72
34.4896
1248.19
527.256
5.908
36.3101
1.5515
515.203
1435.87
274.931
12.4293
1686.86
1052.15
935.755
341.399
1795.13
13.5839
454.009
234.743
9.384
149.261
1653.99
152.973
2156.86
1808.48
217.285
1.7612
240.254
331.011
885.552
76.1061
898.262
20.6547
781.893
0.4676
127.602
1867.19
9.6709
259.881
1424.09
18.0727
695.691
454.054
2447.5
7.4735
49.3303
251.764
906.78
1111.09
64.2681
450.476
59.0929
245.203
1389.11
650.156
1040.13
144.667
1081.82
612.34
1.2082
891.352
2171.86
866.151
55.1447
67.8495
1103.54
215.667
753.24
189.251
96.2123
39.7351
773.931
161.206
74.937
4.9037
6.9911
1935.67
1943.4
573.225
996.475
979.328
1549.25
702.904
3.2473
201.004
485.711
607.944
2108.85
2303.63
297.226
54.6847
25.7288
1274.24
117.611
1027.28
80.4753
1414.1
1357.93
1278.08
599.168
381.554
4.4278
976.181
1134.73
1936.5
647.252
60.832
1422.23
1159.8
614.154
79.8254
1761.49
2.4188
1598.17
1418.69
417.87
346.276
890.597
889.482
2159.4
249.191
1483.95
801.655
105.37
162.29
401.733
18.0747
3.9668
1011.08
227.497
1241.24
1206.18
2056.59
0.1566
73.4323
547.842
1349.33
1193.42
388.041
8.6055
1785.71
126.2
1550.54
11.4456
934.408
39.3502
703.756
242.027
1745.49
938.403
1789.54
1908.37
652.17
25.2631
454.877
281.004
1138.09
63.8259
20.0829
952.778
136.942
663.403
10.6953
1107.44
1709.41
2331.18
1083.07
151.492
401.03
459.623
592.197
1928.92
897.744
355.803
548.685
1826.71
542.758
259.806
2337.08
1458.93
1203.78
1896.51
168.775
228.411
2128.22
1239.29
87.9594
6.9929
1169.48
1382.98
1482.33
298.275
6.893
0.024
1205.52
36.5696
1521.06
141.311
1249.73
132.957
240.266
626.838
32.3653
467.371
461.472
1252.74
245.232
55.8916
571.59
174.438
1114.21
1703.59
1670.39
18.897
76.8173
118.737
38.2013
162.314
161.686
356.604
607.527
1421.26
1295.94
1.619
352.061
152.688
715.06
242.646
3.957
416.729
1025.11
672.254
46.3321
1677.25
659.86
142.54
2114.15
2090.37
905.065
693.391
54.0121
705.554
1123.31
1421.23
837.792
1750.34
26.9417
2288.92
1166.38
195.935
851.489
299.753
1385.05
1740.19
602.327
633.201
16.2154
55.817
1411.95
29.6946
1170.97
19.0078
129.955
2126.93
1665.77
1821.47
1.5789
1871.18
1303.61
372.537
888.673
11.9952
580.838
368.26
590.12
1341.98
195.038
2049.7
184.171
2152.45
257.995
42.0364
5.275
2311.81
952.858
1777.6
2402.87
1960.27
2367.01
2064.3
1231.41
559.904
52.9358
2.7664
179.916
219.043
182.097
0.2966
35.6735
342.613
1710.91
1213.34
2237.54
16.4787
91.8753
1870.22
1017.34
641.448
407.733
2427.8
2196.62
1111.85
2366.72
782.587
20.7022
1100.89
39.6282
967.356
88.1371
1634.32
1733.53
38.5434
846.548
170.724
107.139
179.124
19.5954
232.714
240.526
2444.42
937.801
332.244
616.144
1032.26
461.48
399.074
1716.09
308.083
83.554
1296.47
9.6961
463.9
212.382
545.747
41.2497
1282.5
1240.4
284.742
25.1268
443.207
328.502
126.856
373.628
1016.26
349.467
2160.92
528.255
147.941
12.2034
422.383
1487.16
208.561
1256.99
1.0859
495.167
134.638
124.76
219.705
2004.22
647.835
1422.22
2278.96
60.9729
1.6381
1130.39
120.725
2220.98
509.795
334.169
63.3498
132.045
0.0008
480.432
16.8526
169.932
88.3894
65.3271
1385.68
457.713
942.259
821.553
61.9457
57.4693
1613.85
1231.81
173.64
1466.3
72.2177
80.9916
456.161
2008.84
1613.45
1736.07
1171.16
2085.81
9.5346
971.585
1359.63
386.627
372.124
787.747
2250.47
485.249
33.4082
764.211
117.038
2180.07
1427.64
1342.41
880.794
2.1356
2238.94
4.7569
0.2858
690.906
1781.98
1036.21
18.9902
842.264
2.0029
2201.59
127.172
814.104
241.859
624.3
15.0025
1620.39
4.7643
1963.73
7.8657
270.583
564.066
9.3611
118.965
2429.3
196.697
1495.14
322.782
1504.45
394.278
50.195
2178.98
26.2666
460.876
2161.46
52.4726
779.813
1592.24
1396.85
1725.96
5.2851
419.692
269.488
319.558
97.4059
1214.95
1666.75
1662.73
1308.09
826.32
24.1182
1222.56
144.564
659.316
814.221
1746.94
16.4933
885.137
603.266
865.678
935.693
84.9172
234.248
2483.48
132.568
65.0788
169.649
2066.81
1373.6
1315.16
1171.17
2392.44
103.368
275.248
1144.81
1.0527
8.7598
323.926
939.886
574.473
3.5622
60.3543
51.9265
171.988
2.1698
1292.29
1767.13
638.996
1400.47
591.078
209.16
31.4089
1010.36
115.271
772.569
365.181
2019.95
1211.58
1971.61
108.169
1944.75
2418.31
2248.9
162.599
33.1432
1496.85
0.1335
937.333
19.6557
732.514
1386.16
1233.41
406.426
10.0089
471.894
1318.89
104.865
984.619
1248.48
0.0005
1579.28
13.9227
475.285
812.875
36.7207
715.7
29.3361
953.375
2368.14
1424.72
888.156
533.522
1285.11
642.372
448.604
2470.48
449.042
1791.45
917.952
486.577
1725.15
730.16
2135.98
63.5807
609.701
2248.46
1592.1
480.081
344.59
191.1
620.296
811.986
100.884
8.7875
1476.76
109.65
1899.51
1863.9
61.7107
733.951
127.208
190.509
333.868
120.639
282.918
386.757
0.1065
1811.58
934.324
914.171
190.169
145.698
497.297
448.279
3.136
2038.66
2330.66
1159.37
216.902
39.9284
757.623
168.951
591.438
2469.54
1302.94
1209.19
302.831
135.911
765.906
398.393
0.0036
818.922
599.287
2411.76
58.7607
667.925
73.7242
233.811
142.384
1086.4
156.074
679.505
307.947
923.376
388.251
27.6746
1595
693.587
1062.84
2.5762
375.89
118.696
1038.73
903.312
2154.94
420.045
1833.58
208.848
816.733
1820.31
1745.34
16.6933
20.3726
1740.36
987.661
387.178
342.696
389.265
1579.79
1657.44
1608.15
1352.95
2462.6
1753.88
661.088
6.2783
161.064
2233.37
328.83
