Timp in Milisecunde
1.8205
1.7971
1.8125
1.7486
1.7961
1.8278
1.8416
1.8191
1.806
1.8006
1.8049
1.8651
1.9069
1.8106
1.8287
1.7962
1.8368
1.8154
1.7984
1.7783
1.9125
1.8134
1.8218
1.8139
1.8091
1.7608
1.8075
1.7981
1.8007
1.8098
1.7988
1.8096
1.7807
1.8287
1.8008
1.7955
1.7895
1.8225
1.7711
1.8084
1.8133
1.7957
1.8444
1.8094
1.7938
1.8339
1.8202
1.8148
1.8
1.8091
1.7957
1.8189
1.7861
1.817
1.8237
1.8295
1.819
1.787
1.8132
1.8148
1.8235
1.8056
1.8418
1.8088
1.8062
1.8215
1.789
1.808
1.8066
1.7879
1.7988
1.8075
1.8288
1.8009
1.8446
1.81
1.8229
1.7886
1.8194
1.817
1.8229
1.8194
1.8408
1.8153
1.8856
1.8086
1.8071
1.9395
1.8475
1.821
1.7878
1.8203
1.8205
1.7828
1.8177
1.8197
1.8023
1.7928
1.8024
1.8135
1.8891
1.7956
1.8253
1.8093
1.8015
1.806
1.8031
1.8032
1.8023
1.8135
1.8254
1.798
1.822
1.8047
1.8024
1.8196
1.7937
1.8171
1.8078
1.8027
1.7992
1.7892
1.8149
1.806
1.8246
1.7996
1.7801
1.7945
1.7872
1.8246
1.8653
1.788
1.7922
1.8082
1.8192
1.7965
1.8015
1.8127
1.7939
1.8366
1.7985
1.8853
1.8276
1.8233
1.7957
1.7975
1.8131
1.8233
1.7907
1.7954
1.8119
1.909
1.8093
1.8318
1.8191
1.7846
1.8002
1.7839
1.8042
1.8251
1.787
1.8156
1.813
1.825
1.832
1.8027
1.8025
1.7983
1.82
1.7835
1.7997
1.8111
1.8324
1.8015
1.8249
1.8076
1.8086
1.7899
1.7815
1.8216
1.8122
1.7984
1.8141
1.8163
1.8118
1.8016
1.8036
1.7893
1.8124
1.7779
1.8158
1.9386
1.7999
1.8259
1.8821
1.8129
1.7934
1.8042
1.7953
1.8102
1.8076
1.7988
1.8055
1.799
1.8292
1.8176
1.7881
1.8181
1.8099
1.7778
1.8223
1.8089
1.7933
1.8046
1.8149
1.8051
1.8219
1.8303
1.8166
1.8024
1.7861
1.8032
1.8069
1.8134
1.825
1.805
1.8341
1.7954
1.8117
1.8164
1.8145
1.8039
1.8188
1.798
1.7968
1.808
1.8334
1.8371
1.8139
1.8146
1.8048
1.8026
1.8088
1.8158
1.8004
1.8176
1.8098
1.9202
1.802
1.8002
1.7872
1.8072
1.8111
1.8095
1.7988
1.8083
1.8083
1.813
1.7925
1.8161
1.8047
1.8055
1.8118
1.815
1.8013
1.8071
1.7969
1.7744
1.8107
1.8619
1.8213
1.7911
1.8072
1.8201
1.8098
1.7705
1.7887
1.7915
1.9467
1.8051
1.804
1.8112
1.7892
1.833
1.7936
1.8021
1.7798
1.8213
1.7849
1.7919
1.8073
1.8213
1.8147
1.8093
1.7944
1.8701
1.7995
1.7892
1.8121
1.8495
1.8414
1.7944
1.8148
1.7976
1.8071
1.8047
1.808
1.8122
1.8156
1.8074
1.7938
1.7871
1.8272
1.7976
1.8134
1.8033
1.7913
1.7915
1.8098
2.0507
1.8293
1.8058
1.7918
1.802
1.805
1.7969
1.8107
1.7962
1.8113
1.8101
1.8083
1.8007
1.8189
1.847
1.7971
1.7915
1.8471
1.8129
1.9702
1.7803
1.8211
2.0185
1.8234
1.8028
1.8187
1.8017
1.7992
1.7862
1.8009
1.8533
1.8153
1.8187
1.7836
1.8114
1.7855
1.8164
1.7962
1.8006
1.8012
1.7988
1.7996
1.7894
1.8131
1.8768
1.8313
1.8983
1.7936
1.8268
1.7961
1.7971
1.7944
1.7891
1.8245
1.794
1.7969
1.801
1.8211
1.8183
1.8394
1.8152
1.801
1.819
1.8047
1.8033
1.8267
1.8139
1.7791
1.7801
1.8181
1.7948
1.8124
1.8175
1.7827
1.79
1.801
1.8142
1.8313
1.7987
1.8115
1.7937
1.8012
1.8095
1.7894
1.8052
1.8161
1.8147
1.7944
1.8083
1.822
1.8257
1.9532
1.8316
1.8203
1.828
1.8015
1.8082
1.7961
1.8024
1.8274
1.8248
1.846
1.7896
1.8154
1.8131
2.0097
1.803
1.7966
1.8154
1.7965
1.8024
1.8709
1.8023
1.827
1.8082
1.7897
1.7818
1.8154
1.815
1.8836
1.8113
1.7782
1.7909
1.8274
1.8113
1.7932
1.7888
1.7996
1.8119
1.7969
1.8111
1.8124
1.8026
1.812
1.8224
1.8309
1.7978
1.8149
1.8291
1.8056
1.8129
1.802
1.8022
1.8172
1.8107
1.7933
1.812
1.854
1.8006
1.8402
1.7789
1.8097
1.8207
1.7947
1.8181
1.7786
1.8055
1.8038
1.811
1.8276
1.8014
1.8015
1.8251
1.7972
1.7872
1.8274
1.8113
1.804
1.7962
1.8354
1.7933
1.8108
1.8428
1.8037
1.8091
1.863
1.7974
1.8173
1.8416
1.7949
1.8434
1.814
1.8086
1.7997
1.797
1.9103
1.8106
1.7837
1.8179
1.7998
1.7901
1.8147
1.8361
1.7991
1.8048
1.7895
1.7947
1.7963
1.8055
1.8844
1.8109
1.8208
1.7955
1.8221
1.8149
1.8056
1.8085
1.8176
1.8176
1.7964
1.8053
1.7818
1.8097
1.8174
1.7932
1.7972
1.7922
1.8105
1.8202
2.6767
1.8323
1.7818
1.8112
1.8193
1.7979
1.8047
1.7878
1.7795
1.8188
1.8022
1.7984
1.8028
1.7761
1.7936
1.8012
1.7967
1.7922
1.814
1.7958
1.8054
1.7914
1.8026
1.8012
1.8174
1.7862
1.8086
1.8208
1.8185
1.7748
1.8026
1.7729
1.8121
1.8301
1.8124
1.8004
1.8016
1.8039
2.3642
1.8151
1.7835
1.7946
1.7896
1.7943
1.8233
1.82
1.859
1.8156
1.8038
1.8148
1.8092
1.8335
1.7871
1.7946
1.847
1.8079
1.8168
1.8274
1.8252
1.8074
1.7888
1.8216
1.7973
1.8072
1.8091
1.8094
1.7952
1.8019
1.7728
1.7939
2.0112
1.8269
1.8125
1.8309
1.7992
1.7969
1.8228
1.8009
1.7863
1.8149
1.7808
1.8063
1.7888
1.8036
1.7981
1.7999
1.8169
1.8228
1.7929
1.8204
1.8269
1.847
1.8351
1.7982
1.8027
1.7999
1.8078
1.9936
1.7462
1.7911
1.9709
1.7915
1.8032
1.8227
1.8651
1.819
1.7867
1.8204
1.8116
1.9792
1.7912
1.7942
1.7961
1.7899
1.7606
1.7855
1.7888
1.7904
1.8108
1.7874
1.7937
1.7967
1.7991
1.8163
1.8264
1.7889
1.7904
1.8415
1.7944
1.786
1.7958
1.8009
1.802
1.797
1.8103
1.8142
1.8128
1.8396
1.8153
1.8172
1.8197
1.8324
1.822
1.822
1.8064
1.7994
1.7899
1.7845
1.7802
1.8159
1.8108
1.7974
1.7755
1.8068
1.8223
1.817
1.7902
1.8065
1.8165
1.7902
1.8041
1.8038
1.798
1.8071
1.8049
1.7883
1.8372
1.7867
1.7915
1.8249
1.8676
1.787
1.8041
1.8325
1.8116
1.7927
1.809
1.7994
1.7883
1.8161
1.7907
1.7882
1.9533
1.8213
1.8219
1.7788
1.81
1.8329
1.7907
1.8039
1.8172
1.8095
1.8158
1.833
1.8179
1.827
1.8012
1.8627
1.8098
1.7992
1.8182
1.7934
1.8074
1.8034
1.8042
1.8007
1.7859
1.8465
1.8583
2.3222
1.8038
1.791
1.8236
1.8347
1.7946
1.7949
1.7982
1.8275
1.8208
1.8242
1.8095
1.7696
1.82
1.818
1.8407
1.782
1.8168
1.802
1.7987
1.9957
1.8056
1.8015
1.7926
1.7729
1.7947
1.8042
1.8006
1.8195
1.7994
1.8232
1.7996
1.8192
1.8113
1.7888
1.8137
1.7952
1.8008
1.7827
1.8127
1.804
1.8089
1.7878
1.8279
1.7911
1.8134
1.7906
1.7911
1.8084
1.8325
1.8099
1.8176
1.8192
1.8825
1.8729
1.7767
1.7973
1.804
1.8074
1.7845
1.7938
1.8022
1.7898
1.8039
1.793
1.7906
1.8018
1.8085
1.8029
1.8216
1.8
1.8062
1.7836
1.8142
1.7805
1.8592
1.8428
1.8025
1.7894
1.8297
1.8072
1.7948
1.8142
1.8069
1.7835
1.8929
1.8128
1.7981
1.8177
1.8056
1.8114
1.8221
1.8133
1.7782
1.8024
1.8054
1.8899
1.7952
1.8088
1.7971
1.8225
1.7902
1.8053
1.8031
1.7928
1.8036
1.7805
1.786
1.8207
1.7985
1.8098
1.8135
1.8114
1.8133
1.8354
1.8098
1.7865
1.8255
1.8145
1.8052
1.8054
1.7799
1.832
1.8051
2.0649
1.7949
1.8054
1.8095
1.8116
1.8067
1.8335
1.8102
1.8317
1.7909
1.7788
1.8646
1.8204
1.8043
1.7948
1.7955
1.8358
1.7976
1.8324
1.7989
1.8118
1.8151
1.8335
1.8122
1.8127
1.81
1.8129
1.8765
1.8331
1.8005
1.8112
1.8824
1.809
1.8092
1.8208
1.8069
1.7987
1.8653
1.865
1.8207
2.1869
1.8068
1.8087
1.8196
1.9056
1.8087
2.2082
2.0098
1.7967
1.8259
1.8012
1.8034
1.8021
1.8208
1.8088
1.8837
1.8232
1.8008
1.8036
1.8562
1.8027
1.7927
1.7977
1.8301
1.8094
1.777
1.8226
1.8354
1.8046
1.7947
1.7891
1.8035
1.8194
1.8194
1.7993
1.8131
1.7767
1.8041
1.8131
1.8535
1.8022
1.7958
1.83
1.8115
1.8309
1.78
1.7989
1.8008
1.7917
1.8177
1.8504
1.8163
1.8059
1.834
1.8343
1.8152
1.8044
1.8185
1.7834
1.8023
1.7932
1.8156
1.83
1.8001
1.8071
1.8134
1.8043
1.811
1.7947
1.8122
1.8045
1.822
1.7895
1.8038
1.8076
1.7953
1.788
1.8063
1.807
1.7939
1.8129
1.7928
1.7943
1.8221
1.7935
1.7986
1.8353
1.789
1.7992
1.7935
1.8088
1.7965
1.8031
1.8161
1.7933
1.8123
1.912
1.7993
1.8217
1.8488
1.8352
1.7961
1.7996
1.8228
1.8602
1.8012
1.8175
1.79
1.8188
1.806
1.8643
1.789
1.8348
2.0231
1.8127
1.7956
1.8204
1.8348
1.8169
1.7418
1.7905
1.8352
1.8029
1.8176
1.7876
1.8143
1.8098
1.792
1.8031
1.7966
2.6509
1.8273
1.8034
1.8025
1.8124
1.8185
1.8037
1.8137
1.7911
1.8006
1.8093
1.8064
1.8133
1.7885
1.7934
1.8088
1.796
1.8649
1.8083
1.7945
1.7783
1.7994
1.8083
1.7975
1.7816
1.816
1.8074
1.7915
1.7933
1.8042
1.8202
1.8209
1.7882
1.8248
1.7889
1.9985
1.7825
1.8026
1.8005
1.7855
1.8129
1.8211
1.9778
1.7689
1.8203
1.8064
1.8025
1.8477
1.8045
1.8018
1.8001
1.79
1.8244
1.8066
1.8102
1.7986
1.7782
1.7876
1.7984
1.7875
1.7941
1.8048
1.8071
1.8212
1.7983
1.7932
1.7975
1.8026
1.7942
1.8321
1.8115
1.8196
1.8212
1.8141
1.8244
1.8066
1.7892
1.7882
1.8039
1.8152
1.8158
1.8123
1.8028
1.7936
1.7918
1.8087
1.8066
1.7997
1.8673
2.1298
1.8016
1.8496
1.8197
1.8104
1.78
1.8068
1.8212
1.8088
1.7986
1.9262
1.7909
1.8062
1.7988
1.8215
1.7735
1.7975
1.8042
1.8034
1.8151
1.8304
1.8276
1.8158
1.8018
1.7969
1.7956
1.7777
1.9052
1.8127
1.8111
1.8024
1.8037
1.808
1.7888
1.7873
1.8584
1.8088
1.8101
1.7996
1.8006
1.8126
1.7782
1.8206
1.7818
1.7989
1.7525
1.8168
1.7854
1.8103
1.7803
1.7944
1.7845
1.8199
1.8012
1.7945
1.7996
1.8363
1.7972
1.8007
1.7986
1.8107
1.7906
1.8172
1.8369
1.7926
1.839
1.7949
1.7939
1.8096
1.8129
1.8042
1.7947
1.8079
1.7933
1.906
1.8448
1.7995
1.8733
1.8161
1.8046
1.8046
1.8168
1.8055
1.8121
1.8156
2.6221
1.7927
1.8086
1.8072
1.8164
1.8057
1.8181
2.3434
1.8039
1.8035
1.8197
1.8037
1.7918
1.7998
1.7876
1.8129
1.9058
1.8003
1.8029
1.8075
1.7907
1.8353
1.7964
1.7778
1.8138
1.8147
1.8013
1.7951
1.803
1.8024
1.8135
1.7953
1.8142
1.8073
1.8163
1.8069
1.8406
1.8044
1.7965
1.8115
1.7783
1.8076
1.8045
1.8105
1.817
1.828
1.7952
2.3055
1.7919
2.0057
1.8094
1.8237
1.8066
1.8192
1.8133
1.8085
1.8154
1.8239
2.0117
1.8222
1.8081
1.7715
1.8282
1.8098
1.8108
1.7955
1.7993
1.9737
1.8289
1.7981
1.809
1.8268
1.8085
1.7861
1.8435
1.83
1.8277
1.7936
1.8879
2.0713
1.819
1.9564
1.8213
2.3243
1.8054
1.8439
1.8081
1.8845
1.8254
1.8405
1.8045
1.8094
1.8231
1.8115
1.8017
1.8373
1.7716
1.816
1.8165
1.8257
2.4523
1.7949
2.639
1.8091
1.8048
1.8012
1.7702
1.8374
1.7971
1.8166
1.8187
1.807
1.8083
1.8042
1.8301
2.7073
2.4338
1.8103
1.7895
1.822
1.8105
1.8055
1.8353
1.8061
1.798
1.8166
1.8154
1.819
1.8555
1.8052
1.834
1.8179
1.8556
1.7981
1.8114
1.7983
1.8179
1.8831
1.8165
1.7894
1.8077
1.8531
2.5624
1.8131
1.8114
1.814
1.8323
1.8021
1.8223
1.8627
1.8135
1.8001
1.808
1.7986
1.8043
1.7918
1.7985
1.8031
1.7957
1.8107
1.8107
1.7998
1.8009
1.8051
1.8082
1.8017
1.8049
1.8255
1.8325
1.8719
1.8162
1.8147
1.8097
1.8016
1.8129
1.8104
1.8114
1.8245
1.8289
2.1491
2.4321
1.7954
1.9398
1.9574
1.8901
1.785
1.826
1.8115
1.7819
1.7825
1.8683
1.8061
1.7896
1.8386
1.8057
1.7997
1.8046
1.7925
1.8039
1.8565
1.807
1.8185
1.7876
1.9454
1.8083
1.8543
2.6986
1.8238
1.8115
1.8239
1.8124
1.791
1.8166
1.7867
1.8257
1.8403
1.7955
1.7857
1.834
1.8054
1.8092
1.8093
1.8011
1.8059
1.7974
1.7876
1.8027
1.7918
1.8263
1.7849
1.8029
1.8031
1.8795
1.7993
1.8025
1.8002
1.8048
1.7949
1.8217
1.8111
1.794
1.7986
1.8697
1.7901
1.7998
1.795
1.7978
2.4772
1.9846
1.8533
1.7897
1.8085
1.7892
1.812
1.8028
1.8086
1.7864
1.791
1.7849
1.802
1.7878
1.8136
1.8172
1.8135
1.7921
1.8083
1.8516
1.8224
1.8198
1.8778
1.971
1.8678
1.8385
1.7979
1.8175
1.8518
1.8121
1.782
1.7719
1.8008
1.8385
1.8037
1.814
1.7961
1.8028
1.7806
1.9558
1.7996
1.8155
1.8026
1.8203
1.8255
1.8093
1.7848
1.8157
1.8068
1.809
1.8358
1.8054
1.8219
1.7957
1.8116
2.1738
1.8013
1.7886
1.8355
1.798
1.7887
1.8017
1.8081
1.8171
1.8263
1.9632
1.8015
1.7974
1.832
1.8021
1.8013
1.7948
1.8073
1.8092
1.7903
1.8212
1.7987
1.7935
1.8118
1.821
1.8229
1.8065
1.8129
2.1228
1.8114
1.8118
1.7928
1.8344
1.7853
1.812
1.7929
1.8178
1.7973
1.8085
1.8236
1.8041
1.7858
1.7698
1.8291
1.7887
1.7831
1.8219
1.7908
1.7938
1.788
1.8112
1.801
1.8287
1.8073
1.8304
1.7902
1.7887
1.7937
1.7809
1.9623
1.8099
1.7975
1.8273
1.7967
1.8165
2.2312
1.7852
1.8057
1.7971
1.7913
1.7952
1.7799
1.8129
1.8065
1.8009
1.8163
2.1631
1.7972
1.8143
1.7964
1.8341
1.8206
1.8085
1.8297
1.8142
1.9578
1.7895
1.8077
1.8117
1.8066
1.8249
1.7941
1.8305
1.8208
1.8201
1.8018
1.7898
1.7959
1.8941
1.8122
1.792
1.789
1.789
1.8045
1.8132
1.7969
1.8037
1.7809
1.7981
1.7938
1.8206
1.8074
1.7853
1.8365
1.8015
1.807
1.807
1.8242
1.987
1.8267
1.7974
1.8128
1.7776
1.8284
1.8343
1.7886
1.8222
1.8215
1.8411
1.819
1.7951
1.7991
1.7919
1.8093
1.8153
1.816
1.8257
1.8077
1.8014
1.7917
1.8251
1.8042
1.7889
1.8074
1.7853
1.7732
1.8098
1.809
1.9183
1.8182
1.809
1.8102
1.7949
1.8461
1.7898
1.7953
1.8396
1.8073
1.8234
1.8057
1.8164
1.7939
1.8091
1.7869
1.7916
1.8801
1.7747
1.792
1.8038
1.81
1.8094
1.8097
1.8287
1.8163
1.8137
1.9906
1.8186
2.146
1.8007
2.1828
1.8244
1.8395
1.7967
1.821
1.8028
1.8
1.7945
1.8086
1.7977
1.8269
1.803
1.7869
1.8022
1.8263
1.8246
1.8093
1.8009
1.8208
1.8076
1.7951
1.795
1.8258
1.7994
1.8137
1.817
1.9278
1.7988
1.7875
1.8051
1.7993
1.7898
1.7873
1.8136
1.7891
1.8239
1.8171
1.7988
1.8007
1.8362
1.7679
1.8056
1.8059
1.8132
2.0349
1.8144
1.924
1.8102
1.7804
1.7972
1.8394
1.8936
1.7903
1.8041
1.7709
1.8078
1.7945
1.793
1.8128
1.803
1.8066
1.8016
1.7994
1.7987
1.7905
1.8135
1.8027
1.7944
1.8235
1.805
1.8041
1.8186
1.8431
1.7706
1.808
1.8554
1.8076
1.8189
2.2865
1.8057
1.931
1.8212
1.9045
1.7958
1.8259
1.7871
2.6952
1.8108
1.8064
1.9154
1.8148
1.8062
1.8253
1.8089
1.8078
1.8113
1.811
1.8112
1.798
1.8244
1.819
1.8307
1.8421
1.949
1.8072
1.7928
1.8392
1.8204
1.8284
1.8084
1.8011
1.7973
1.8268
1.8032
1.7878
1.8258
1.8104
1.7808
1.8107
1.8058
1.7941
1.8043
1.8198
1.7976
1.8127
1.8298
1.8152
1.8058
1.8483
1.8136
1.7842
1.8587
1.8032
1.8648
1.8042
1.8229
1.8474
1.8081
1.8181
1.8043
1.9227
1.8882
1.8033
1.8041
1.8004
1.7855
1.8003
1.7939
1.8001
1.8545
1.7966
1.8095
1.8195
1.8035
1.8679
1.747
1.8231
1.8354
1.7942
1.8212
1.8102
1.7975
1.8047
1.8101
1.8183
1.8037
1.8008
1.8235
1.8279
1.8243
1.8502
1.8011
1.8006
1.7925
1.8229
1.8006
1.8245
1.7888
1.8053
1.7833
1.7816
1.8062
1.8315
1.7826
1.8018
1.8088
1.8017
1.8183
1.8195
1.8174
1.8083
1.8115
1.7812
1.7913
1.8294
1.8078
1.7719
1.7967
1.8001
1.8375
1.8135
1.7966
1.8385
1.8207
1.8253
1.8377
1.7953
1.7887
1.8078
1.8618
1.8098
1.8176
1.7975
1.8121
1.8115
1.8114
1.8174
1.8211
1.818
1.7996
1.8051
2.5263
1.7869
1.8632
1.8299
1.8049
1.831
1.8094
1.7905
1.7981
1.8264
1.804
2.0121
1.7877
1.8244
1.8222
1.8197
2.0327
1.8161
1.7992
1.8104
1.8087
1.8219
1.8088
1.8441
1.8077
1.8019
1.9601
1.8266
1.8573
1.7867
1.7938
1.7983
1.7981
1.818
1.7457
1.8126
1.7988
1.7964
1.8191
1.792
1.9022
1.8019
1.7963
1.8086
1.781
1.7714
1.7947
1.8036
1.8062
1.8014
1.819
1.8005
1.8097
1.8199
1.8148
1.804
1.8067
1.7941
1.9488
1.833
1.8063
1.7912
1.8477
1.863
2.0014
1.9166
1.808
2.2363
1.8272
1.8638
1.7923
1.7927
1.8009
1.7908
1.8268
1.8358
1.8114
1.8089
1.8063
1.8025
1.8205
1.7903
1.7949
1.8042
1.9822
1.789
1.8142
1.8352
1.801
1.8158
2.671
1.7861
2.3056
1.7918
1.8213
1.9049
1.8064
1.8116
1.7977
1.8172
1.7908
1.8042
1.7824
1.7932
1.859
1.7916
1.8504
1.8115
2.0681
1.7948
1.8257
1.8054
1.8687
1.8269
1.817
1.8167
1.8659
1.8757
2.2544
1.7851
1.8198
1.7984
1.8665
1.8123
1.9887
1.7927
1.8074
1.8022
1.849
2.3083
1.8425
1.8188
1.8185
1.8074
1.8546
1.8119
1.8662
1.8001
1.9333
1.7832
1.7936
1.8233
1.8125
1.8232
1.8101
1.8103
1.8298
1.8469
1.7928
1.8013
1.8235
1.7798
1.825
1.8102
1.7789
1.907
1.8064
1.8222
2.5286
1.7942
1.8123
1.7992
1.8231
1.8336
1.8124
1.8516
1.7937
1.79
1.8014
1.7855
1.8048
1.8173
1.8202
1.8541
1.8179
1.7877
1.8099
1.7971
1.8024
1.7796
1.8324
1.8283
1.795
2.3499
1.799
1.8012
1.7887
1.8078
1.813
1.789
2.1172
1.7917
1.819
1.8072
1.8074
1.8067
1.8104
1.8124
1.8098
1.8223
1.8273
1.8027
1.8092
1.8071
1.7868
1.8232
1.8148
1.8273
1.8113
1.8034
1.7989
1.7867
1.8703
1.7839
1.8167
1.8179
1.8205
1.7939
1.8263
1.804
1.7986
1.8355
1.8314
1.8037
2.0068
1.8138
1.7902
1.8358
1.8308
1.782
1.8208
1.8027
1.8082
1.8663
1.8029
1.8027
1.8059
1.8282
1.8162
1.7913
1.789
1.8285
1.7954
1.8294
1.816
1.9732
2.764
1.8152
1.7992
1.8012
1.7968
1.8018
1.9215
1.9991
1.7983
1.8247
1.8259
1.7841
1.7964
1.8238
1.7896
1.825
1.7863
1.7895
1.8146
1.79
1.8054
1.8046
1.7939
1.7942
1.8236
1.8294
1.7974
1.7997
1.7889
1.8134
1.8079
1.8057
1.8181
1.7978
1.7817
1.8274
1.7941
1.7969
1.7952
1.7978
1.8137
1.7838
1.8199
1.8003
1.7959
1.821
1.8283
1.7933
1.803
1.8273
1.8231
1.7966
1.7801
1.7943
1.817
1.814
1.8149
1.7951
1.8114
1.7913
1.7921
1.8369
1.8361
1.8249
1.8081
1.7763
1.8097
1.7915
1.8014
1.7938
1.8048
1.8025
1.8038
1.8026
1.7935
1.8258
2.0673
1.8061
1.7909
1.823
1.776
1.7821
1.8121
1.8173
1.7797
1.7967
1.8043
1.792
1.8162
1.7942
1.7981
1.7992
1.7913
1.7965
1.8234
1.8245
1.8036
1.8128
1.8159
1.7907
1.7992
1.8854
1.8017
1.8076
1.7876
1.8124
1.8299
1.7811
1.8076
1.8069
1.8589
1.8018
1.7966
1.7891
2.3275
1.8059
1.8035
1.8154
1.7916
1.7787
1.7845
1.8138
1.8031
1.794
1.8073
1.8159
1.8416
1.8057
1.8002
1.8158
1.8207
1.7792
1.8946
1.8039
1.8009
1.8108
1.8119
1.8115
1.8151
1.7836
1.8046
1.7973
1.8172
1.8277
1.8362
1.8331
1.8016
1.8087
1.8316
1.7989
1.7989
1.7985
1.8149
1.8016
1.7981
1.8287
1.7658
1.8239
1.8243
1.8089
1.8202
1.8058
1.8199
1.8142
1.7918
1.8842
1.8087
1.7916
1.8084
1.7976
1.7995
1.8135
1.7958
1.7892
1.8024
1.795
1.8191
1.8226
1.8034
1.7984
1.7807
1.8199
1.8162
1.8019
1.8057
1.811
1.7994
1.7982
1.8257
1.8169
1.7847
1.8025
1.7893
1.8136
1.7998
1.8164
1.8005
1.7688
1.8157
1.7965
1.7966
1.8151
1.8232
1.884
1.7964
1.8032
1.8104
1.802
1.8116
1.7899
1.8032
1.7877
2.0892
1.8095
1.8185
1.7896
1.8038
1.786
1.8082
1.8299
1.819
1.7837
1.8094
1.8056
1.7998
1.8104
1.7988
1.8222
1.7998
1.8009
1.7797
1.8289
1.7947
1.7959
1.8062
1.7873
1.8236
1.842
1.8248
1.79
1.7668
1.8225
1.8453
1.8112
1.8294
1.8146
1.8373
1.8014
1.8135
1.8089
1.7901
1.8034
1.8166
1.7948
1.7916
1.8018
1.8151
1.8143
1.8016
1.9725
1.8567
1.8209
1.81
1.8066
1.8063
1.8104
1.8291
1.9033
1.8053
1.8073
1.8091
1.8031
1.8453
1.8113
1.7966
1.791
1.8123
1.7458
1.7868
1.8099
1.8146
1.7864
1.8144
1.7968
1.8005
1.8033
1.7259
1.8117
1.8285
1.8105
1.7771
1.7689
1.8063
1.8191
1.7898
1.7927
1.8199
1.8169
1.8154
1.7984
1.7906
1.7818
1.7961
1.8093
1.7831
1.8013
1.808
1.7941
1.8006
1.7998
1.8117
1.7913
1.8583
1.7849
1.8349
1.7858
1.8157
1.8164
1.8081
1.8178
1.8079
1.8147
1.8139
1.8093
1.8091
1.8644
1.7958
1.8098
1.7894
1.8093
1.8059
1.7923
1.7827
1.7919
1.7822
1.8111
2.284
1.7937
1.8062
1.826
1.8298
1.8138
1.8057
1.7772
1.8068
1.8431
1.8738
1.9169
1.802
1.7975
1.8014
1.8093
1.7942
1.8068
1.8217
1.8048
1.7948
1.7867
1.8225
1.8111
1.7845
1.7904
1.8048
1.8036
1.8642
1.789
1.8508
1.8011
1.8273
1.8004
1.8059
1.8141
1.8232
1.8074
1.8193
1.8048
1.8108
1.8087
1.794
1.8019
1.8057
1.819
1.8173
1.8067
1.8207
1.8039
1.8064
1.8116
1.8095
1.8102
1.8069
1.8187
1.8113
1.8164
1.8027
1.8079
1.8069
1.8305
1.7934
1.8202
1.7916
1.8186
1.806
1.8977
1.8173
1.7953
1.937
1.805
1.7851
1.8313
1.8097
1.7751
1.8096
1.785
1.7936
1.8045
1.8045
1.7939
1.8005
1.8127
1.7979
1.8041
1.8091
1.8218
1.809
1.8213
1.8201
1.7899
1.9158
1.8047
1.7877
1.8088
1.797
1.7891
1.8593
1.7769
1.876
1.8155
1.8208
1.8263
1.8205
1.7618
1.7975
1.8013
1.8085
1.8194
1.8087
1.7998
1.827
1.8018
1.7992
1.8087
1.8155
1.7949
1.8173
1.8026
1.7755
1.8037
1.7959
1.8111
1.8161
1.8003
1.7959
1.7895
1.7909
1.7598
1.804
1.8092
1.8301
1.7911
1.807
1.7539
1.8129
1.8169
1.7977
1.8016
1.8297
1.8072
1.8687
1.836
1.8124
1.8211
1.8166
1.8143
1.9622
1.8102
1.8171
1.8215
1.8066
1.7928
1.8072
1.7961
2.3324
2.6963
1.8159
1.7991
1.8238
1.8109
1.8113
1.8083
1.7884
1.8001
1.7906
1.8017
1.8107
1.7827
1.9579
1.8007
1.7798
1.8424
1.8072
1.8194
1.8239
1.804
1.8585
1.8248
1.8229
1.8044
1.8061
1.8007
1.8057
1.7934
1.7414
1.7968
1.7879
1.8305
1.7932
1.8024
1.7944
1.8403
1.7998
1.8138
1.7878
1.8193
1.8092
1.8006
1.828
1.8278
1.7884
1.7969
1.7988
1.793
1.7992
1.825
1.8325
1.8211
1.7987
1.811
1.8029
1.7914
1.8032
1.781
1.8153
1.8709
1.7974
1.8091
1.8059
1.8168
1.8167
1.7955
1.8288
1.7698
1.8138
1.7996
1.8191
1.811
1.8203
1.9028
1.7973
1.8235
1.7981
1.8186
1.8191
1.8047
1.8236
1.802
1.7951
1.8178
1.7913
1.7914
1.8325
1.8122
1.8105
1.8008
1.789
1.8271
1.7851
1.8047
1.8201
1.8016
1.8084
1.7984
1.7969
1.7882
1.8043
1.8103
1.8046
1.8139
1.8854
1.802
1.8129
1.8085
1.8083
1.8163
1.8356
1.7988
1.8257
1.8077
2.0422
1.8181
1.8241
1.8121
1.8078
1.8353
1.8228
1.7829
2.0772
1.804
1.7952
1.8086
1.8011
1.7964
1.8162
1.7769
1.784
1.8034
1.8001
1.8043
1.8137
1.8384
1.7859
1.8021
1.7938
1.8019
1.8042
1.8062
1.7965
1.8169
1.8132
1.828
1.7905
1.7947
1.814
1.7842
1.809
1.8317
1.8058
1.786
1.7945
1.8009
1.777
1.8179
1.8071
1.7972
1.8219
1.7763
1.8164
1.8106
1.794
1.8256
1.8004
2.0123
1.7943
1.7967
1.8278
1.7965
1.8233
1.8019
1.8159
1.8158
1.7936
1.7938
1.7906
1.813
1.8123
1.8062
1.8074
1.8042
1.7943
1.9248
1.8196
1.7811
1.8119
1.7764
1.793
1.8184
1.794
1.8005
1.8144
1.8375
1.8113
1.7917
1.8136
1.7895
1.8154
1.8048
1.8119
1.7802
1.8154
1.8244
1.7909
1.7934
1.8024
1.7841
1.8157
1.7986
1.7997
1.7827
1.8052
1.7899
1.8222
1.8134
1.7905
1.8041
1.8041
1.8076
1.806
1.8222
1.8148
1.7709
1.8128
1.8095
1.7899
1.8121
1.8073
1.8165
1.8909
1.7896
1.807
1.8179
1.7978
1.7981
1.8164
1.8662
1.793
1.8189
1.8131
1.7818
1.8012
1.8011
1.814
1.8337
1.8133
1.8373
1.7936
1.7779
1.7784
1.8059
1.7963
1.8333
1.7569
1.7971
1.802
1.8287
1.7873
1.7979
1.8069
1.7962
1.799
1.8377
1.8141
1.8164
1.8057
1.8073
1.7871
1.8033
1.8314
1.9181
1.8206
1.805
1.829
1.8957
1.798
1.7956
1.7996
1.7915
1.7999
1.7921
1.8033
1.8359
1.8129
1.8285
1.8025
1.8133
1.7984
2.4853
1.8341
1.8141
1.7891
1.7862
1.7948
1.7921
1.7737
1.8075
1.83
1.8056
1.8981
1.8086
1.7842
1.7895
1.8065
1.7979
1.803
1.8266
1.8055
1.7819
1.7647
1.7988
1.8015
1.7716
1.7942
1.8215
1.8155
1.7977
1.8112
1.7992
1.8182
1.8078
1.8016
1.8172
1.8282
1.7595
1.7946
1.7823
1.7962
1.8266
1.8059
1.7907
1.8032
1.794
1.8266
1.8145
1.7987
1.8149
1.8225
1.8061
1.8154
1.7737
1.8267
1.8158
1.7961
1.8151
1.808
1.9407
1.785
1.8043
1.8124
1.8097
1.8104
1.7981
1.7999
1.8082
1.8115
1.8165
1.8373
1.8249
1.8101
1.8095
1.8429
1.8001
1.8061
1.8139
1.8127
1.8195
1.7955
1.7942
1.7961
1.8245
1.8152
1.8069
1.8018
1.8639
1.7988
1.7999
1.8267
1.8052
1.84
1.7964
1.8014
1.8066
1.8592
1.8123
1.8508
1.8045
1.8137
1.8174
1.8165
1.8024
1.8175
1.7862
1.8003
1.8017
1.8061
1.7777
1.8039
3.594
1.8019
1.8046
1.8011
1.8359
1.8019
1.8091
1.7768
1.801
1.8137
1.7804
1.8156
1.8022
1.8088
1.8045
1.8149
1.8119
1.8216
1.8046
1.7937
1.8334
1.8273
1.8027
1.8579
1.811
1.8009
1.8344
1.8085
1.8067
1.7998
1.7822
1.8087
1.7871
1.8042
1.835
1.8155
1.7937
1.8178
1.84
1.8103
1.8246
1.8004
1.7368
1.8058
1.8228
1.7945
1.8328
1.8023
1.8317
1.8157
1.8055
1.7858
1.7907
1.7962
1.8145
1.7959
1.8075
1.7953
1.7939
1.9055
1.786
1.8121
1.8
1.7971
1.7819
1.8264
1.8301
1.7933
1.7965
1.8087
1.8258
1.7806
1.8042
1.8108
1.8347
1.8004
1.8011
1.8213
1.7927
1.8258
1.7446
1.8102
1.792
1.8221
1.9419
1.7775
1.7923
1.7909
1.7907
1.7828
1.7987
1.8008
1.9
1.8154
1.8002
1.807
1.8216
1.8294
1.7853
1.8095
1.8071
1.8233
1.7987
1.764
1.7983
1.8262
1.7903
1.8248
1.8067
1.7869
1.8309
1.8067
1.8258
1.802
1.8091
1.7897
1.8016
1.799
1.8119
1.8285
1.9311
1.8068
1.8253
1.8189
1.7783
1.8077
1.7571
1.7954
1.8182
1.7776
1.8289
1.8032
1.8089
1.8283
1.7903
1.8058
1.7875
1.8068
1.9303
1.7771
1.7961
1.7594
1.8011
1.7763
1.7927
1.8
1.7874
1.815
1.8085
1.7845
1.8102
1.8128
1.7928
1.8476
1.8187
1.801
1.7885
1.7914
1.8122
1.8119
1.789
1.8253
1.7946
1.8069
1.8138
1.8158
1.8194
1.7956
1.7961
1.8126
1.8101
1.8288
1.7882
1.7989
1.8118
1.7986
1.8076
1.8251
1.8286
1.7982
1.8292
1.7906
1.8078
1.8004
1.7987
1.8507
1.8
1.7976
1.8234
1.803
1.8176
1.7841
1.7945
1.8048
1.9633
1.7939
1.8054
1.8158
1.7584
1.7962
1.8025
1.8216
1.7906
1.882
1.797
1.8097
1.8037
1.7903
1.8323
1.91
1.8674
1.7623
1.8207
1.8184
1.8164
1.82
1.8245
1.797
1.7931
1.7967
2.0126
1.8056
1.8434
1.8035
1.7932
1.8127
1.7941
1.7927
1.8043
1.7991
1.8356
1.797
1.8167
1.8215
1.8185
1.8079
1.7703
1.8227
1.8124
1.7959
1.7826
1.7986
1.8116
1.8037
1.7976
1.8068
2.0697
1.8183
1.8204
1.7702
1.7997
1.7975
1.7959
1.8055
1.804
1.8143
1.8218
1.8005
1.8095
1.8184
1.8049
1.8025
1.8221
1.7997
1.8155
1.818
1.8163
1.7868
1.8221
1.819
1.7947
1.8185
1.7925
1.7997
1.835
1.8048
1.8718
1.796
1.7949
1.7908
1.8102
1.8129
1.7995
1.801
1.7994
1.9235
1.7975
1.809
1.7894
1.8013
1.8508
1.8545
1.8
1.8035
1.8066
1.81
1.7995
1.8014
1.8191
1.7914
2.0225
1.7722
1.7961
1.7891
1.79
1.8171
1.7975
1.7971
1.7952
1.7999
1.7866
1.8043
1.8214
1.8195
1.8116
1.8081
1.7903
1.8108
1.809
1.7924
1.7956
1.7918
1.8462
1.8159
1.8231
1.7818
1.8001
1.7999
1.7904
1.788
1.8095
1.811
1.799
1.8369
1.8206
1.7986
1.8175
1.8157
1.7914
1.7893
1.7928
1.812
1.8148
1.818
1.9609
2.3546
1.8177
1.8209
1.8016
1.7951
1.7874
1.8255
1.7848
1.7942
1.7847
1.8095
1.8074
1.7958
1.8426
1.8055
1.8151
1.8229
1.8085
1.803
1.8058
1.8064
1.7906
1.8082
1.8324
1.8284
1.7905
1.7987
1.8057
1.7997
1.7938
1.832
1.7942
1.7972
1.7872
1.8002
1.8357
1.7883
1.8318
1.8043
1.8023
1.8313
1.7923
1.7737
1.7896
1.799
1.7953
1.8105
1.8013
1.8839
1.7881
1.8223
1.8093
1.7917
1.7746
1.8158
1.8234
1.8103
1.8245
1.8109
1.8251
1.8127
1.7848
1.781
1.824
1.7951
1.8036
1.8288
1.807
1.8245
1.7929
1.8085
1.8226
1.808
1.7821
1.9338
1.8391
1.8985
1.8088
1.7997
1.7944
1.8277
1.8517
1.7972
1.7987
1.7888
1.8138
1.7978
1.8112
1.7969
1.8053
1.8003
1.7952
1.798
1.8106
1.8286
1.8106
1.8169
1.7988
1.8029
1.801
1.7897
1.7949
1.8282
1.7916
1.7968
1.8301
1.8099
1.8251
1.9256
1.8008
1.8492
1.8123
1.8698
1.7841
1.8134
1.8338
1.7963
1.8048
1.8215
1.8707
1.8073
1.8196
1.8127
1.8026
1.8036
1.7898
1.812
1.8278
1.8119
1.8077
1.7992
1.8026
1.8144
1.8323
1.8198
1.7959
1.8009
1.8191
1.8164
1.8233
1.8129
1.7887
1.7945
1.8216
1.8129
1.82
1.8075
1.8057
1.8273
1.7938
1.811
1.8162
1.8102
1.8019
1.806
1.8126
1.8177
1.8084
1.8104
1.8093
1.8116
1.8074
1.8262
1.8005
1.8492
1.8024
1.7887
1.8183
1.8165
1.7854
1.7649
1.7781
1.801
1.8447
1.8024
1.7954
1.8043
1.7795
2.35
1.8131
1.7922
1.7999
2.0162
1.7823
1.8815
1.8055
1.7938
1.7883
1.8268
1.7963
1.8074
1.8098
1.7896
1.816
1.8117
1.789
1.7831
1.7814
1.813
1.8032
1.8658
1.9552
1.7995
1.7999
1.794
1.7514
1.793
1.7968
1.8087
1.8147
1.8029
1.8092
1.8459
1.7948
1.7892
1.7953
1.8119
1.8094
1.8007
1.8214
1.8121
1.8231
1.817
1.8065
1.7985
1.8155
1.8249
1.8085
1.7926
1.8133
1.8063
1.8022
1.7979
1.8021
1.8026
1.7984
1.8199
1.8051
1.836
1.8209
1.7877
1.8267
1.8159
1.8118
1.8004
1.8096
1.8184
1.7938
1.8034
1.8046
1.7902
1.8179
1.7945
1.8214
1.7875
1.7744
1.8015
1.8109
1.8102
1.8096
1.782
1.8201
1.8215
1.8029
1.8004
1.8068
1.8178
1.8039
1.8111
1.7789
1.8336
1.8104
2.7266
1.7897
1.8078
1.7686
1.8037
1.8117
1.8024
1.772
1.7804
1.7744
1.8029
1.8178
1.8102
1.8004
1.7995
1.8042
1.8037
1.8207
1.7775
1.8211
1.8054
1.7849
1.8048
1.799
1.7909
1.7921
1.7835
1.8041
1.8116
1.8078
1.8091
1.8146
1.827
1.8058
1.8115
1.8007
1.8092
1.7951
1.7982
1.7896
1.8228
1.7973
1.8068
1.8328
1.7829
1.8234
1.8215
1.8021
1.8276
1.7893
1.7955
1.7912
1.8
1.8086
1.7896
2.148
1.8089
1.8226
1.8202
1.7939
1.8028
1.8038
1.7968
1.9253
1.8259
1.7943
1.8301
1.7925
1.8049
1.7939
2.014
1.8216
1.8343
1.8805
1.8029
1.8108
1.7913
1.82
1.8256
1.8076
1.7852
1.8098
1.7952
1.822
1.8071
1.7985
1.8066
1.8191
1.8229
1.8153
1.9448
1.7997
1.8141
1.8141
1.8496
2.0152
1.793
1.9109
1.802
1.7751
1.8089
1.8145
1.8198
1.7875
1.7928
1.8042
1.8447
1.8054
1.7946
1.9218
1.7935
1.7991
1.8245
1.8186
1.7946
1.8068
1.8095
1.8041
1.8157
1.8128
1.8098
1.8174
1.7897
1.7832
1.8117
1.7979
1.785
1.8261
1.7948
1.7922
1.8304
1.8106
1.798
1.8009
1.7847
1.7756
1.8067
1.808
1.8123
1.8041
1.8128
1.8179
1.7925
1.8322
1.816
1.7919
1.7892
1.8592
1.78
1.7982
1.7907
1.8243
1.7982
1.8625
1.8218
1.8226
1.8168
1.8124
1.8001
1.8149
1.8147
1.8091
1.8017
1.8029
1.8212
1.9067
1.8102
1.8204
1.8018
1.8002
1.7852
1.8801
1.8238
1.7938
1.7967
1.7958
1.775
1.7891
1.7931
1.8071
1.8067
1.8129
1.8034
1.8088
1.8121
1.8031
1.7973
1.8181
1.7921
1.81
1.8081
1.8073
1.8011
1.794
1.8061
1.8209
1.8028
1.8186
1.8241
1.8159
1.7905
1.8292
1.837
1.7956
1.8066
1.8002
1.8025
1.8263
1.783
1.7983
1.8
1.8111
1.8214
1.8253
1.8892
1.7845
1.8105
1.8307
1.8159
1.8178
1.7953
1.7941
1.8368
1.8419
1.8136
1.8113
1.8142
1.8447
1.7997
1.8203
2.1406
1.7982
1.7649
1.7916
1.7978
1.8087
1.7737
1.7777
1.7939
1.8128
1.8239
1.8349
1.7954
1.7895
1.8005
1.7994
1.8039
1.8054
1.7897
1.7998
1.817
1.7979
1.7873
1.8028
1.8026
1.786
1.8053
1.8053
1.8554
1.8003
1.8392
1.8036
2.028
1.8275
1.8048
1.7948
1.8686
1.8262
1.8064
2.7606
1.8063
1.784
1.8097
1.8006
1.8108
1.8096
1.8356
1.8227
1.8226
1.7947
1.8014
1.8109
1.8056
1.8129
1.8023
1.793
1.7869
1.8046
1.8138
1.8185
1.8356
1.8074
1.8014
1.7878
1.8026
1.824
1.7875
1.8092
1.8526
1.8074
1.7959
1.8154
1.8121
1.7607
1.8202
1.7967
1.8195
1.8105
1.7968
1.8075
1.8153
1.8355
1.8145
1.7981
1.802
1.7881
1.9647
1.8131
1.7922
1.8058
1.8153
1.8075
1.7978
1.7963
1.8131
1.799
1.7987
1.8401
1.7956
1.8085
1.8158
1.7367
1.8016
1.7751
1.8129
1.8049
1.8143
1.7944
1.8343
1.8026
1.8064
1.793
2.0029
1.7836
1.8015
1.8344
1.8258
1.8059
1.8084
1.8178
1.8024
1.835
1.7942
1.8172
1.8862
1.8019
1.8096
1.8157
1.812
1.7922
1.8389
1.8122
1.8258
1.8164
1.8322
1.8085
1.7901
1.7988
1.7852
1.8275
2.0954
1.7998
1.7946
1.7954
1.7962
1.8041
1.799
1.8142
1.7796
1.8118
1.812
1.8027
1.7945
1.8026
1.8129
1.7994
1.7975
1.7677
1.7939
1.7804
1.8042
1.7957
1.8217
1.8003
1.8066
1.781
1.837
1.8161
1.8223
1.8131
1.8128
1.7978
1.8024
1.7827
1.8216
1.8239
1.894
1.8028
1.7655
1.8052
1.8079
1.8126
1.856
1.8126
1.8195
1.8107
1.8249
1.812
1.8184
1.8216
1.813
1.824
1.7826
1.8139
1.7968
1.7997
1.8012
1.8295
1.8192
1.8021
1.7946
1.8073
1.8927
1.8266
1.7859
1.7513
1.7738
1.8126
1.7963
1.781
1.816
1.7749
1.8186
1.7735
1.8178
1.8005
1.8011
1.8
1.7825
1.8132
1.8114
1.8148
1.8024
1.8048
1.7646
1.8056
1.7959
1.8181
1.815
1.8089
1.7961
1.8166
1.8058
1.8089
1.8128
1.7875
1.8104
1.8087
1.7925
1.8166
1.8169
1.8022
1.807
1.7976
1.8049
1.8333
1.7742
1.7809
1.9549
1.8132
1.8032
1.7981
1.7784
1.8136
1.8009
1.811
1.8166
1.8011
1.8207
1.7906
1.797
1.7933
1.8124
1.7888
1.832
1.8238
1.81
1.8167
1.81
1.7659
1.7869
1.7999
1.815
1.8032
1.8149
1.8016
1.8098
1.8136
1.8167
1.8076
1.8093
1.8041
1.8367
1.7928
1.7991
1.7932
1.8132
1.8131
1.7816
1.7995
1.7922
1.8046
1.8034
1.8196
1.7911
1.8281
1.7859
1.8169
1.8174
1.7677
1.7893
1.7879
1.82
1.8531
1.8254
1.808
1.8223
1.8125
1.8086
1.8097
1.7916
1.795
1.8288
1.803
1.7838
2.056
1.7803
1.8071
1.8112
1.8029
1.8079
1.8032
1.8105
1.784
1.8033
1.8124
1.7695
1.8001
1.7841
1.7991
1.8077
1.7891
1.8086
1.7793
1.814
1.8214
1.8158
1.8064
1.7989
1.8026
1.8142
1.8243
1.8138
1.7928
1.8308
1.7936
1.8059
1.8111
1.7945
1.9177
1.8207
1.796
1.7971
1.7786
1.7875
1.8022
1.8007
1.7962
1.8662
1.8086
1.7981
1.8169
1.8911
1.7811
1.8129
1.8356
1.7904
1.7935
1.8073
1.7846
1.7999
1.8172
1.7757
1.7747
1.8032
1.7675
1.8255
1.7946
1.8025
1.8193
1.7988
1.797
1.7902
1.8341
2.0253
1.8235
1.7955
1.8065
1.8201
1.9527
1.8014
1.7997
1.8183
1.7778
1.8228
1.8144
1.7824
1.7719
1.8188
1.8109
1.7828
1.9236
1.8047
1.8125
1.7973
1.8111
1.8101
1.8585
1.8295
1.8124
1.8205
1.7965
1.8348
1.8006
1.8491
1.8254
1.8091
1.8012
1.7929
1.7876
1.7874
1.8206
1.7969
1.8142
1.792
1.8353
1.807
1.8214
1.8066
1.793
1.8019
1.8276
1.813
1.794
1.7807
1.7807
1.8058
1.7932
1.8008
1.8203
1.7941
1.8055
2.1579
1.8317
1.7539
1.7817
1.8141
1.7976
1.8106
1.8197
1.8064
1.8039
1.7996
1.8014
1.8312
1.8068
1.7824
1.7888
1.9778
1.7745
1.8036
1.8008
1.8071
1.8375
1.791
1.9174
1.8251
1.784
1.795
1.8063
1.804
1.8027
1.7953
1.826
1.8029
1.7995
1.7879
1.796
1.7954
1.7969
1.8344
1.789
1.7856
1.78
1.8143
1.8025
1.8022
1.8601
1.8079
1.7919
1.8046
1.8067
1.8108
1.8603
1.8093
1.7921
1.7964
1.7957
1.8239
1.798
1.8037
1.8021
1.8203
1.7883
1.773
1.8198
1.831
1.8101
1.8321
1.8237
1.8005
1.8128
1.7984
1.7821
1.819
1.788
1.7899
1.7626
1.7991
1.7974
1.8171
1.7995
1.8334
1.7977
1.7976
1.8061
1.7912
1.802
1.7953
1.7994
1.8117
1.8827
1.8233
1.8052
1.7967
1.7942
1.7871
2.6666
1.7988
1.806
1.8206
1.8053
1.7871
1.7978
1.8156
1.8028
1.7821
1.8202
1.7844
1.8138
1.7956
1.8125
1.8183
1.7934
1.7989
1.7958
1.8192
1.8263
1.824
1.8004
1.9121
1.8159
1.8029
1.8022
1.7925
1.8218
1.8569
1.8061
1.8183
1.7887
1.8199
1.7945
1.8006
1.7901
1.8008
1.8153
1.8126
1.7884
1.8116
1.7868
1.802
1.8177
1.8045
1.7948
1.8227
1.8111
1.7976
1.8154
1.8199
1.8038
1.8207
1.8044
1.7958
1.8098
1.8099
1.7958
1.8273
1.798
1.8057
1.8061
1.8204
1.8112
1.784
1.8317
1.7943
1.8202
1.7941
1.784
1.7814
1.795
1.7931
1.7914
1.8031
1.8404
1.8141
1.7932
1.7968
1.8151
1.827
1.8006
1.8034
1.8592
1.7967
1.797
1.7956
1.8153
1.8143
1.8219
1.7749
1.7927
1.8134
1.7873
1.8451
1.79
1.7981
1.825
1.7986
1.7862
1.8338
1.7842
1.8064
1.8056
1.7941
1.7997
1.7949
1.8058
1.8125
1.8346
1.8087
1.8048
1.792
1.8002
1.8344
1.7988
1.7932
1.797
1.7929
1.8085
1.8014
1.8456
2.6475
1.7913
1.8189
1.8064
1.8093
1.7978
1.8123
1.8157
1.8291
1.8467
1.802
1.8112
1.794
1.8049
1.8163
1.7959
1.8037
1.7823
1.8124
1.7905
1.8191
1.8239
1.8297
1.7948
1.8072
1.7939
1.8171
1.8141
2.0128
1.7871
1.8111
1.7967
1.7975
1.8113
1.8128
1.7989
1.7797
1.7899
1.8083
1.8097
1.8256
1.817
1.7802
1.8556
1.8184
1.8288
1.8081
1.8183
1.7969
1.7912
1.8186
1.7955
1.789
1.8237
1.8168
1.8043
1.8039
1.7516
1.7975
1.8066
1.824
1.812
1.8251
1.7917
1.7869
1.7947
1.8218
1.7938
1.8002
1.8224
1.8042
1.8251
2.0031
1.8238
1.8148
1.8248
1.808
1.8127
1.8125
1.8029
1.8044
1.8045
1.8032
1.9054
1.8508
1.8103
1.7977
1.8068
1.8199
1.8076
1.8279
1.8074
1.8143
1.791
1.8147
1.8125
1.8159
1.803
1.8126
1.7821
1.821
1.7956
1.8088
1.779
1.7963
1.7921
1.8059
1.8357
1.8028
1.8069
1.7885
1.7855
1.8061
1.8257
1.8081
1.7904
1.8082
1.8136
1.8002
1.8116
1.8071
1.8125
1.7854
1.7948
1.7976
1.812
1.7944
1.8216
1.7967
1.79
1.812
1.8015
1.8081
1.8304
1.8181
1.8098
1.8
1.8278
1.7935
1.8133
1.8218
1.8037
1.791
1.7955
1.8041
1.8041
1.8038
1.7857
1.8057
1.8102
1.8055
1.8135
1.8017
1.8091
1.8259
1.8051
1.7901
1.8249
1.8605
1.8295
1.8059
1.8926
1.7935
1.8104
1.8041
1.8049
1.8005
1.9617
1.8223
1.8058
1.7878
1.8769
1.7996
1.8247
1.8258
1.8207
1.8023
1.8108
1.798
1.7968
1.7976
1.7939
1.8109
1.8026
1.8297
2.2111
1.829
1.8147
1.7796
1.8378
1.839
1.7986
1.8068
1.8239
1.7893
1.7841
1.7661
1.8246
1.8021
1.8179
1.8272
1.7919
1.8383
1.7896
1.813
1.8434
1.8033
1.8366
1.8123
1.8034
1.829
1.8321
1.7889
1.8359
1.7963
1.8113
1.9633
1.8257
1.8007
2.6479
1.8182
1.7899
1.8188
1.8283
1.8006
1.7978
1.8453
1.8185
1.7797
1.7984
1.7992
1.8246
1.8294
1.8004
1.8038
1.7947
1.8031
1.8055
1.8033
1.8042
1.8005
1.7919
1.7855
1.8036
1.7915
1.8123
1.8131
1.8128
1.8166
1.8422
1.8097
1.8074
1.7936
1.8224
2.353
1.8065
1.7988
1.801
1.8058
1.8008
1.7934
1.807
1.8353
1.8067
1.8212
1.7863
1.7904
1.8114
1.817
1.8177
1.7991
1.8088
1.8198
1.7978
1.9046
1.8197
1.8159
1.8123
1.814
1.8123
1.8099
1.8177
1.8213
1.8676
1.8206
1.8859
1.7948
1.8012
1.8032
1.7995
1.8086
1.8101
1.8069
1.8293
1.8032
1.9001
1.8
1.8173
1.8083
1.795
1.8825
1.8124
1.8029
1.813
1.8125
1.7985
1.7999
1.8205
1.8158
1.7902
1.8042
1.8073
1.8179
1.8537
1.8127
1.7894
1.7901
1.8032
1.7997
1.8304
1.7889
1.8008
1.818
1.7937
1.797
1.8156
1.7909
1.8167
1.8296
1.8195
1.8172
1.8155
1.8035
1.802
1.8
1.8119
1.788
1.8183
1.7908
1.8058
1.8207
1.7848
1.783
1.7942
1.8077
1.7889
1.78
1.7977
1.7801
1.79
1.8201
1.8103
1.813
1.8079
2.1719
1.8183
1.7708
1.7997
1.8182
1.7824
1.7861
1.7899
1.7853
1.8015
1.8107
1.7903
1.8084
1.8454
1.8428
1.8161
1.7609
1.7908
1.7852
1.8015
1.7946
1.8119
1.8033
1.8072
1.7692
1.8295
1.8325
2.293
1.8099
1.7995
1.7966
1.8128
1.8065
1.8035
1.8325
1.7945
1.8016
1.8026
1.7908
1.7963
1.7868
1.7968
1.8526
1.7816
1.7982
1.8137
1.8004
1.8035
1.8054
1.8217
1.822
1.8084
1.8138
1.7972
1.8252
1.8258
1.8009
1.8296
1.809
1.8359
1.7983
1.8153
1.7819
1.7838
1.8106
1.7717
1.8331
1.8049
1.7954
1.8086
1.8073
1.8225
1.7883
1.7899
1.7976
1.8156
1.7956
1.798
1.8075
1.8237
1.8045
