Timp in Milisecunde
217.428
233.29
225.502
219.601
221.419
220.924
216.762
216.598
219.822
216.41
227.741
217.152
216.228
222.438
217.125
216.156
217.79
220.1
220.313
216.146
221.627
223.02
217.333
216.667
223.32
217.496
219.33
217.507
215.998
216.472
217.572
217.486
217.162
217.155
220.919
216.445
216.925
217.227
215.825
227.967
230.897
217.585
217.783
217.101
223.018
218.092
221.359
216.122
217.713
220.51
222.901
216.77
217.883
216.726
217.663
216.349
215.701
221.323
219.625
220.313
216.906
216.455
217.369
216.419
216.771
216.181
217.578
216.048
218.528
219.894
216.549
223.437
217.815
221.194
220.918
219.427
221.68
217.127
217.804
216.423
218.607
219.126
217.185
216.757
222.514
235.648
216.988
215.676
216.782
217.943
219.824
216.751
216.653
218.83
216.904
219.828
219.177
220.927
218.857
224.466
222.717
218.582
218.262
217.542
217.625
217.857
216.008
224.808
225.514
217.309
217.445
219.333
231.579
225.328
222.373
217.87
225.002
222.405
225.154
220.407
217.783
221.64
216.331
217.719
217.697
226.475
217.676
217.733
217.157
216.491
221.303
217.651
216.586
216.788
216.482
218.367
216.37
216.843
216.81
216.335
220.303
217.154
216.706
215.877
216.44
226.388
217.734
215.436
217.008
217.42
217.522
226.844
217.596
217.451
225.43
220.316
215.648
217.544
217.112
224.431
219.553
226.792
223.851
218.202
218.289
218.132
217.375
218.313
215.94
215.698
218.656
220.228
217.246
217.827
216.645
217.07
218.587
218.971
222.065
215.708
217.451
217.496
226.898
220.483
215.903
218.232
220.569
216.432
222.306
217.419
217.378
223.18
220.134
222.59
217.335
221.712
216.683
215.417
219.314
216.566
219.484
217.169
220.261
217.156
216.864
218.456
227.333
216.317
220.132
217.875
217.246
219.542
221.872
218.398
217.666
217.476
218.752
216.974
218.099
215.711
218.087
216.45
219.982
217.723
217.276
215.93
217.406
224.091
217.432
216.081
215.587
221.428
227.962
220.879
218.672
226.662
216.651
219.292
224.833
219.896
222.059
225
224.796
220.219
221.159
218.125
216.794
225.278
215.206
218.291
221.66
217.972
216.196
219.134
216.664
221.075
221.263
217.784
217.916
216.124
224.739
216.428
215.712
222.44
216.618
217.742
218.655
216.71
215.821
221.963
223.269
220.345
223.119
216.693
217.113
216.902
219.155
216.788
217.622
215.853
223.183
217.872
215.681
215.151
216.321
220.704
217.431
217.556
217.416
217.612
218.204
219.962
217.597
230.975
217.642
219.439
218.334
217.292
217.622
216.95
217.884
217.629
219.593
216.247
221.747
221.833
217.246
217.444
216.353
216.387
225.694
217.99
216.893
222.045
215.982
216.745
218.941
224.52
216.654
217.53
227.128
217.557
217.3
221.928
215.815
220.174
218.07
218.901
222.593
217.613
225.594
221.218
216.684
224.874
217.47
232.904
219.616
223.743
219.971
216.682
224.538
230.057
220.584
220.73
228.101
228.964
218.534
223.428
228.334
219.363
217.921
218.218
219.617
220.313
217.75
220.222
233.323
220.836
217.813
218.551
219.947
215.483
220.88
225.893
221.677
216.231
223.578
215.378
240.182
216.202
235.887
218.273
218.839
216.661
219.656
217.328
226.325
217.231
221.652
224.538
217.711
219.486
222.003
217.113
222.659
218.507
215.649
216.426
220.45
221.809
217.088
215.46
218.363
233.339
216.572
223.92
217.129
220.574
220.533
222.05
222.499
220.357
220.183
217.526
218.35
222
228.493
224.457
219.149
217.892
217.07
220.519
216.869
215.834
218.418
218.802
219.469
219.426
224.408
219.341
217.791
218.466
228.272
222.803
219.428
217.78
216.508
215.82
217.439
226.232
217.983
216.528
220.365
219.238
222.917
226.268
223.613
223.62
231.277
220.826
225.174
225.374
223.208
216.732
219.97
216.472
223.316
216.766
217.755
221.991
216.456
221.861
216.742
223.828
224.931
219.835
222.64
222.983
216.954
223.245
225.192
217.345
223.566
216.782
218.114
215.881
218.812
219.74
218.264
225.912
221.05
221.151
218.073
215.959
216.854
219.072
218.403
217.129
217.882
217.78
217.29
221.661
222.587
218.352
217.258
224.001
232.567
222.706
224.075
217.167
217.973
216.921
222.4
224.122
225.668
217.562
221.678
216.652
218.851
218.008
220.092
216.463
218.186
219.345
225.061
221.304
223.243
219.904
224.656
219.388
219.806
226.864
217.712
218.865
217.142
225.802
224.862
221.168
215.61
220.925
216.02
221.542
221.091
223.56
224.254
221.817
217.146
224.023
228.415
217.962
223.04
222.83
227.222
218.61
222.55
225.246
224.835
230.402
224.724
225.198
230.692
217.919
220.228
217.73
221.074
220.93
220.016
217.895
225.359
221.39
218.593
226.441
227.065
218.759
228.105
224.681
219.047
216.417
228.775
229.452
219.191
221.612
235.439
226.725
224.787
220.172
215.243
222.319
223.011
215.813
221.979
223.394
226.926
217.51
218.133
223.189
233.986
218.954
216.872
225.345
220.255
219.213
220.073
226.922
223.317
216.317
230.135
221.372
220.13
224.112
228.406
230.977
224.789
231.167
235.484
218.99
223.039
219.445
219.639
223.951
218.321
217.915
223.165
220.492
219.915
221.195
224.919
222.903
218.244
224.923
219.881
228.768
232.863
214.582
214.638
214.703
223.364
221.235
216.662
220.858
219.17
247.454
214.617
217.403
220.289
235.451
220.382
216.198
216.79
217.467
217.132
219.218
215.582
217.09
213.231
215.081
216.697
224.95
215.034
222.68
217.325
218.003
222.311
220.943
223.806
229.974
215.487
227.238
216.479
223.694
215.999
217.464
213.659
225.43
226.712
215.387
216.673
217.889
222.003
224.196
225.784
234.211
218.72
220.962
222.761
222.432
225.861
219.58
226.519
236.198
224.752
221.279
217.005
217.162
217.281
220.64
216.594
217.173
221.291
216.731
215.997
222.065
218.554
216.669
219.333
218.583
230.708
227.879
216.996
222.645
221.131
225.661
218.689
219.132
229.493
227.132
217.791
235.037
221.304
218.007
220.16
217.454
217.166
225.772
216.088
219.412
221.402
216.327
217.801
217.459
218.413
219.046
222.261
223.381
217.139
221.873
219.581
217.631
218.743
228.303
234.438
218.028
227.215
217.46
219.075
218.691
219.009
217.988
218.018
222.51
218.017
219.607
217.945
216.317
224.596
217.685
221.718
220.391
219.858
224.849
217.215
218.658
216.495
221.976
224.003
223.971
216.577
218.137
219.597
218.092
218.131
222.734
217.052
222.382
221.538
216.071
217.798
217.614
222.284
221.881
219.672
222.247
229.18
219.866
222.577
234.328
218.688
219.19
220.701
217.545
217.455
218.239
216.987
223.032
219.509
217.063
218.467
217.015
218.521
227.741
216.887
223.575
216.816
220.156
223.405
219.868
231.213
218.92
223.976
219.318
233.172
218.29
217.935
216.866
218.6
216.928
218.082
217.788
217.082
219.55
223.507
217.116
225.313
217.712
225.019
216.302
217.439
217.228
235.204
224.291
218.07
217.363
225.411
219.634
217.956
228.831
231.776
231.489
218.602
220.754
217.114
217.792
216.661
218.568
217.094
220.901
225.626
225.418
218.268
221.534
223.24
216.539
221.588
218.463
227.477
218.178
220.551
219.141
228.08
216.51
221.058
217.852
227.398
216.418
224.81
215.351
217.332
218.717
219.706
217.253
218.129
227.147
218.143
217.976
228.116
219.28
225.204
217.116
223.626
216.834
216.421
220.572
218.347
216.756
219.996
228.024
217.308
218.105
219.925
215.418
216.76
219.234
223.013
215.75
221.952
219.224
217.461
226.257
218.497
216.492
220.111
219.46
221.127
218.21
221.567
221.606
216.996
242.919
223.195
224.939
222.747
218.528
216.933
222.087
220.636
223.592
217.062
218.934
219.943
217.993
218.399
217.149
217.206
227.337
225.637
216.185
222.933
216.725
220.693
217.235
224.856
217.545
228.809
216.8
219.421
220.263
218.101
221.35
217.371
218.02
219.943
224.064
218.275
222.208
226.806
220.212
220.6
218.624
219.148
226.176
219.396
217.83
221.124
219.859
218.911
219.94
218.302
218.984
216.851
217.253
216.824
219.889
217.435
216.576
227.803
222.378
217.659
217.977
220.422
217.776
221.884
222.861
218.094
217.668
216.566
224.123
224.796
218.656
217.64
222.147
222.038
219.767
225.203
226.606
223.397
217.253
220.046
222.39
217.602
219.061
218.002
216.171
222.713
220.688
218.102
217.161
219.044
222.337
227.271
229.716
230.532
216.972
225.736
222.648
227.037
220.465
227.281
222.542
219.801
222.161
221.856
218.115
223.376
221.292
227.128
222.882
219.11
224.254
219.051
219.619
217.976
220.695
222.989
217.724
221.313
224.17
216.87
216.56
217.882
222.532
216.828
216.285
221.422
221.51
218.962
222.598
222.13
216.607
217.298
220.97
217.832
220.65
217.505
226.743
221.051
218.659
219.937
217.469
224.341
215.69
216.679
223.679
220.336
219.338
221.422
217.182
217.329
221.077
218.653
220.024
218.095
218.189
221.859
226.652
220.995
216.442
220.048
216.012
220.086
217.198
220.331
223.998
215.816
230.944
219.606
215.705
217.119
217.421
224.19
227.564
217.395
224.886
225.469
216.997
215.648
216.859
217.209
218.735
216.32
218.704
218.673
216.976
225.072
219.133
218.085
231.055
218.477
216.633
221.202
218.091
232.561
222.578
218.212
229.716
217.332
220.044
220.996
215.978
220.488
217.514
217.747
220.123
218.106
217.606
217.854
220.89
223.565
239.025
220.647
217.453
217.11
217.992
219.263
216.824
218.182
216.867
216.977
217.234
219.293
216.029
216.867
219.532
217.162
217.626
218.407
218.656
216.878
216.534
220.784
216.587
215.571
217.986
217.991
216.74
217.52
216.433
244.7
217.544
216.925
221.092
216.975
219.904
221.089
222.117
220.345
216.361
222.666
224.268
221.253
219.168
218.359
219.425
218.914
217.312
218.007
216.65
220.069
217.683
216.853
219.231
221.476
215.983
226.271
216.922
221.25
223.807
222.423
217.421
216.36
217.701
223.957
218.153
217.008
219.582
219.968
219.358
218.191
217.276
224.156
216.461
219.195
216.943
218.047
215.988
218.98
219.043
221.701
232.353
218.533
218.432
219.753
215.722
217.019
224.124
224.855
219.296
219.381
216.7
218.026
229.194
221.67
216.611
226.343
221.883
223.083
220.571
219.859
223.717
217.008
219.542
219.806
219.865
216.42
220.625
224.664
219.296
221.663
217.188
220.159
216.075
228.663
220.574
219.713
224.688
219.433
217.308
221.013
226.1
216.562
224.946
224.208
217.079
229.642
225.254
216.948
217.302
218.712
217.2
219.465
217.786
223.558
219.287
216.611
217.37
223.359
218.041
216.643
222.418
219.531
222.817
216.922
219.012
216.488
222.473
221.591
216.664
218.961
217.469
222.592
220.623
222.654
217.496
219.578
220.569
218.018
220.32
223.608
216.928
239.434
223.081
222.074
219.918
217.266
215.367
220.796
219.567
218.859
216.991
217.197
215.657
216.591
223.898
218.423
219.862
222.34
220.462
218.052
216.965
231.377
220.753
220.989
225.758
217.643
221.378
218.24
216.406
225.326
216.39
217.277
216.33
217.758
221.138
218.476
216.822
216.298
218.878
231.499
218.262
223.403
214.952
221.705
217.3
220.594
221.685
217.142
218.159
221.83
221.815
223.136
216.874
227.262
220.87
217.702
222.813
216.58
230.191
223.68
219.909
223.229
221.038
219.202
221.153
229.068
217.099
221.099
220.838
217.431
227.234
216.944
217.926
216.563
221.642
217.27
231.553
217.014
216.287
219.872
217.306
220.337
217.546
216.806
217.003
224.757
223.147
219.472
219.925
218.54
215.934
218.542
217.386
218.411
217.843
217.163
220.401
219.059
220.569
216.911
227.39
222.702
220.944
218.183
223.066
219.543
225.364
221.3
219.327
218.674
217.154
222.58
222.588
218.421
220.751
227.832
228.593
217.732
216.862
217.254
216.936
219.7
220.679
219.08
217.008
223.954
219.438
241.08
227.406
222.922
222.04
215.222
218.481
215.845
216.85
220.323
217.335
216.907
218.526
217.724
216.422
218.576
217.526
217.486
219.742
216.102
221.587
220.366
216.741
219.298
231.765
217.857
227.059
222.342
216.536
217.171
217.769
216.793
218.247
216.5
219.314
221.806
216.656
217.768
221.532
215.734
217.256
228.436
226.584
220.624
218.808
216.666
221.875
218.234
217.601
217.242
219.372
218.165
229.413
224.08
217.139
218.038
216.529
216.236
218.598
216.957
217.592
221.085
218.185
216.965
218.857
220.156
218.467
225.553
218.332
218.91
225.53
218.605
221.743
220.322
217.779
224.438
219.57
217.227
219.412
221.442
217.283
221.856
224.659
218.884
216.794
216.172
217.752
220.413
216.424
227.085
217.123
215.704
217.763
216.58
216.798
222.712
222.48
217.939
221.638
218.841
217.001
225.419
217.413
221.964
219.223
235.653
217.245
225.614
217.122
216.803
227.022
217.294
221.603
218.789
219.407
220.181
220.01
217.442
215.462
215.784
217.548
220.449
216.427
217.935
216.584
218.557
224.006
218.688
217.083
216.472
220.284
222.224
216.785
218.066
223.369
217.924
219.816
217.798
221.55
215.634
217.116
216.852
216.495
221.604
223.311
217.22
226.077
227.378
234.012
217.649
219.533
216.888
218.859
224.122
219.357
218.468
224.703
216.408
217.044
219.596
218.382
216.833
222.748
216.124
218.292
216.876
221.202
225.379
217.701
223.812
215.817
216.274
222.023
218.357
216.876
228.557
218.134
227.483
217.969
217.162
223.59
221.733
215.9
217.311
217.588
216.779
222.607
215.489
216.16
231.001
218.488
219.561
222.348
217.872
217.234
228.862
216.996
221.738
219.12
216.22
215.647
219.209
219.89
219.015
215.674
221.986
226.581
235.949
217.33
218.52
217.692
216.997
215.726
218.769
219.758
216.178
224.986
232.26
218.299
218.671
222.09
216.557
221.935
217.944
220.481
216.096
220.149
216.873
215.923
218.35
216.656
217.981
224.284
216.912
218.243
228.363
217.152
227.874
218.491
219.523
221.887
225.57
217.385
221.505
218.465
217.801
222.716
218.839
217.412
215.731
217.935
217.014
217.508
217.507
217.406
217.902
215.66
218.202
220.982
218.31
220.273
217.867
217.467
217.604
227.621
224.013
221.957
218.928
222.057
218.458
216.614
220.288
216.472
216.362
216.268
221.614
222.714
217.292
218.525
220.699
222.101
221.634
221.544
222.669
216.269
216.057
221.288
220.058
215.623
222.812
217.464
216.583
217.607
219.228
221.334
218.089
217.884
221.191
216.286
222.508
219.602
221.503
216.769
220.045
216.375
222.888
217.034
216.696
223.432
217.7
216.857
218.097
219.622
216.561
219.424
217.364
219.535
224.936
216.624
220.152
216.808
218.009
219.303
217.961
217.022
215.71
217.784
220.158
215.612
217.027
217.776
217.723
219.371
221.068
217.408
218.881
221.599
221.147
222.367
216.863
217.239
219.976
218.367
224.072
219.494
219.069
217.107
217.792
216.31
216.221
217.572
217.055
218.587
217.783
218.169
217.01
225.171
223.649
218.251
224.261
224.7
217.814
217.177
219.765
225.157
216.51
217.219
217.073
219.794
215.641
219.557
218.789
217.016
218.125
221.862
226.586
217.441
221.133
216.012
223.933
220.229
231.336
223.438
216.724
216.655
218.158
220.219
217.334
228.498
220.161
217.548
216.784
216.818
215.745
217.511
223.214
217.298
218.297
216.874
234.834
220.526
228.998
218.578
229.881
224.204
221.675
220.011
218.889
221.419
222.749
225.371
223.22
217.257
221.2
221.99
226.02
222.524
218.234
215.905
227.438
224.454
217.146
218.882
216.796
223.622
218.826
215.306
223.195
225.063
222.552
217.506
215.937
223.476
218.255
228.299
219.921
232.697
220.326
219.271
220.458
215.538
218.92
219.329
223.18
217.371
223.546
216.65
220.986
225.515
217.454
220.291
216.456
217.499
219.127
223.13
217.952
223.498
216.043
221.756
231.68
218.827
221.93
219.999
220.232
217.624
216.898
214.487
218.587
218.973
216.513
228.184
216.786
226.958
217.293
220.965
216.46
216.749
215.392
221.366
216.807
219.809
216.825
221.538
217.88
217.116
217.816
219.739
216.861
216.914
216.251
225.778
224.904
218.456
217.801
217.397
217.465
220.54
219.867
217.86
218.634
224.044
218.136
227.904
222.26
218.02
219.851
224.025
225.199
217.52
216.087
217.994
218.174
218.095
220.096
220.327
219.006
217.095
219.564
218.253
218.835
217.547
219.365
226.716
217.909
219.946
215.982
228.025
224.151
217.513
226.076
220.597
217.497
219.43
219.01
217.348
217.274
217.56
222.309
216.346
227.281
222.165
216.983
222.176
225.578
221.802
216.991
216.613
220.626
215.979
218.291
217.9
216.43
217.265
217.325
229.092
217.399
217.836
216.721
223.707
226.012
219.683
222.485
222.431
216.264
224.76
223.72
218.314
218.765
220.494
217.095
218.511
224.795
216.646
218.368
216.849
223.989
217.701
219.46
220.416
221.955
219.14
219.342
222.99
218.818
223.29
220.341
218.174
219.533
216.966
218.16
219.598
215.878
217.754
216.859
218.419
217.349
217.653
219.5
217.277
216.893
218.945
222.887
221.394
223.856
222.766
222.41
216.303
223.005
218.149
219.051
218.739
216.813
217.241
216.675
221.75
216.392
219.436
219.044
217.347
225.763
222.065
216.361
219.158
218.135
221.62
225.083
224.272
219.3
227.316
223.32
223.044
219.026
217.292
225.222
220.388
220.573
227.58
216.46
218.32
218.67
218.739
218.257
216.553
220.189
220.152
218.46
218.494
217.566
219.562
218.219
220.781
216.293
216.17
217.368
222.949
232.229
218.216
216.785
217.987
216.735
216.914
225.001
218.944
218.276
220.852
216.194
217.485
217.926
221.861
218.622
217.424
231.439
229.384
223.844
218.795
215.372
216.952
218.609
216.192
221.628
218.029
215.892
224.651
218.804
217.403
223.61
219.796
218.269
217.777
227.268
216.218
221.471
215.32
218.068
218.335
225.117
219.289
217.222
227.94
216.306
218.42
215.288
218.667
216.75
221.442
218.129
218.306
230.054
220.356
217.535
237.195
220.494
216.48
227.361
218.461
215.608
218.212
224.57
221.74
218.414
223.254
217.122
226.335
225.527
219.882
218.579
221.157
217.093
216.111
217.283
221.981
217.157
225.566
217.855
218.044
219.382
220.76
219.1
216.789
219.534
218.565
223.457
221.712
219.439
217.764
215.792
216.472
222.302
216.15
221.187
217.355
220.737
220.908
219.039
226.323
223.447
217.183
217.434
218.289
217.66
217.734
217.319
218.732
215.925
217.066
226.868
218.198
216.465
217.872
217.93
225.785
221.987
216.44
220.057
222.709
219.215
217.981
218.935
226.732
226.246
217.995
221.742
226.83
222.735
218.55
220.578
217.266
222.282
221.464
222.86
220.534
218.047
232.574
217.878
220.283
216.936
217.848
219.316
217.326
218.815
216.288
217.417
217.683
220.857
222.136
217.858
227.273
231.25
231.07
224.465
220.045
228.962
217.476
219.489
222.456
222.699
222.917
216.17
219.713
218.336
217.013
228.353
222.115
228.249
229.839
228.129
231.437
217.703
218.832
228.006
215.983
222.946
236.581
218.148
217.41
217.796
216.561
217
218.334
216.336
217.961
214.384
215.869
221.239
216.194
216.886
221.004
216.554
225.018
216.506
220.337
217.536
217.06
217.352
232.649
224.616
221.884
220.988
216.806
217.39
217.234
233.277
218.375
221.044
221.165
218.676
219.197
216.877
216.977
217.945
217.473
219.557
222.185
219.994
228.475
217.779
216.063
216.553
216.381
216.78
216.682
219.272
220.553
224.179
226.424
219.915
224.585
216.814
216.7
225.972
224.732
218.684
216.727
218.69
217.44
230.645
217.415
223.866
222.296
217.567
218.18
217.6
223.712
224.667
218.665
217.849
219.14
219.962
218.052
227.794
219.055
217.682
217.172
220.713
221.809
216.325
220.398
216.555
216.049
215.93
219.047
217.926
219.28
220.321
218.802
217.828
216.929
216.758
221.743
217.01
218.954
219.263
219.258
215.158
214.954
217.889
233.114
216.561
215.902
222.92
222.44
221.854
216.868
216.405
221.608
222.736
242.832
218.769
218.379
230.373
218.163
223.715
216.155
218.677
222.359
224.993
222.556
216.205
216.252
217.326
223.133
216.574
217.339
216.496
218.179
216.936
220.784
216.599
219.067
225.142
219.607
219.541
216.573
218.08
226.102
218.853
219.691
219.28
217.384
230.789
219.114
220.591
215.986
216.223
218.2
218.217
229.757
222.197
225.884
232.255
228.925
226.809
216.372
221.645
218.268
217.936
222.503
224.82
221.816
217.264
223.424
223.002
221.1
218.941
226.052
216.277
225.024
222.943
226.126
219.613
221.01
216.964
216.946
220.487
218.805
216.335
217.688
220.732
216.915
219.258
216.784
219.469
221.672
220.791
218.768
228.347
223.651
217.244
221.749
216.119
220.687
219.204
216.969
222.894
216.195
217.819
220.418
218.052
217.447
221.36
216.759
221.056
219.574
217.799
221.102
217.9
217.884
221.723
220.59
217.136
224.777
220.053
223.362
223.637
217.202
226.28
216.849
220.995
217.457
216.197
216.611
219.276
224.235
218.607
219.857
218.815
226.712
218.34
220.507
220.631
221.906
216.319
216.603
217.542
216.015
219.133
216.931
217.579
219.147
220.095
221.072
222.868
219.95
219.71
221.967
216.621
216.127
215.332
225.784
227.786
222.901
215.547
220.327
220.62
218.041
222.341
216.389
219.718
217.596
221.309
218.735
217.713
226.646
217.764
218.757
216.904
218.022
219.342
220.332
222.633
216.549
215.96
217.925
220.223
220.611
218.951
216.894
216.884
226.069
216.662
217.354
216.798
216.302
218.208
217.352
221.151
216.64
229.558
216.825
220.603
218.275
216.905
216.864
217.978
222.761
216.715
222.685
218.785
216.324
221.177
218.77
218.304
218.782
218.578
218.288
217.962
219.14
219.898
219.028
220.593
221.839
216.522
216.667
233.028
220.667
227.245
216.171
225.168
216.325
221.568
219.131
218.398
217.822
220.026
217.478
217.973
217.171
217.029
216.741
215.899
215.51
215.554
216.618
220.022
220.423
227.952
219.303
219.463
217.784
218.268
217.691
217.022
216.67
216.045
216.486
217.792
216.887
220.175
220.652
218.396
215.788
221.729
219.414
215.784
219.228
218.857
218.747
220.621
216.858
220.622
220.939
217.009
222.945
219.217
222.267
220.322
239.249
217.103
215.661
218.477
217.02
224.135
221.091
216.764
218.327
224.574
217.888
225.102
224.317
218.945
223.873
215.796
220.499
237.549
228.044
219.632
238.307
222.783
221.826
220.867
246.732
233.33
217.139
218.4
232.271
220.768
228.17
218.918
221.728
226.432
225.206
223.281
221.992
223.699
221.423
232.502
224.858
230.121
223.047
225.059
216.823
229.822
224.373
222.553
229.426
227.672
232.48
238.749
249.626
224.395
226.321
234.101
218.91
217.96
227.928
217.412
217.385
216.581
219.69
226.784
233.57
221.542
221.753
217.692
220.413
218.221
219.929
218.141
222.401
219.484
220.586
225.313
222.174
216.832
225.321
216.44
237.27
220.511
229.889
217.228
217.21
220.072
217.632
219.017
220.291
220.243
224.167
217.253
220.585
216.49
223.478
217.611
225.195
220.288
216.796
223.67
216.825
216.286
219.107
222.687
217.984
218.298
217.216
216.114
221.813
217.699
220.701
215.551
216.673
216.612
217.787
218.257
224.539
218.64
218.105
218.143
228.855
216.721
219.626
221.638
217.466
228.219
215.807
218.129
220.986
224.409
218.983
219.489
216.622
218.571
216.393
224.868
221.542
216.725
217.313
222.288
219.012
221.171
218.786
228.975
216.88
217.866
219.45
216.632
228.674
218.023
221.362
217.301
216.669
221.058
217.352
216.758
217.782
221.732
222.956
217.541
221.562
218.058
219.567
216.686
222.018
217.816
216.66
218.056
227.185
219.453
215.935
221.839
217.635
216.603
218.133
216.615
218.682
216.753
220.798
216.521
218.795
218.455
215.561
224.317
215.814
219.436
220.269
216.026
217.655
220.336
220.413
222.976
222.847
217.507
217.403
215.84
220.47
226.026
217.366
218.634
221.909
219.741
219.368
223.588
216.849
220.722
221.091
216.655
216.613
224.455
222.749
218.585
219.165
218.26
216.973
220.753
227.24
219.411
227.576
216.249
225.059
218.788
228.513
215.807
222.829
222.024
225.059
218.997
218.123
221.185
217.706
223.135
219.145
216.673
217.237
217.798
220.076
217.1
222.074
225.405
231.97
218.349
217.734
218.306
220.539
216.966
218.823
216.228
216.98
217.612
220.63
218.248
218.095
216.128
216.749
222.212
224.887
229.921
218.165
218.775
217.18
217.813
216.194
221.661
221.467
217.223
218.618
228.533
218.124
219.635
223.693
218.883
216.831
221.523
224.253
220.005
219.722
217.268
216.977
218.703
225.367
220.218
216.716
220.674
219.344
229.852
219.718
224.32
216.205
216.786
217.702
218.71
219.434
218.861
227.057
221.926
221.303
218.309
217.192
217.399
220.007
217.384
216.771
231.658
217.297
219.198
217.921
216.281
216.099
220.794
222.461
219.464
217.616
232.24
220.783
221.813
214.975
217.74
219.234
217.996
217.822
218.584
216.852
218.953
220.628
218.314
217.814
216.868
216.349
214.752
219.423
220.776
217.224
217.83
216.291
218.879
217.015
219.604
218.687
217.325
216.825
219.081
218.484
216.686
219.896
218.039
224.393
218.269
219.275
218.496
217.167
216.51
222.244
219.895
219.04
223.435
220.055
219.205
216.855
217.017
219.696
221.779
216.51
216.597
217.169
216.862
220.84
218.203
218.69
223.5
220.749
222.555
223.7
215.259
219.428
222.42
224.783
221.316
219.583
224.216
217.132
215.456
217.161
224.242
218.567
217.279
226.341
220.486
219.03
220.452
224.477
218.667
218.482
223.523
223.525
217.571
218.009
217.897
222.211
215.986
216.732
220.462
216.463
220.677
215.873
229.418
220.979
216.764
218.981
226.159
223.18
220.744
215.932
219.529
216.89
216.682
218.152
215.363
229.598
226.68
220.781
217.301
228.44
219.464
217.693
220.527
217.178
218.272
226.104
222.429
216.377
220.755
221.523
219.555
217.38
219.297
219.039
219.078
218.496
218.62
221.03
217.14
218.483
218.046
223.981
217.622
217.36
222.171
218.19
220.353
219.62
220.367
221.462
218.537
223.816
219.429
217.542
221.946
230.439
218.666
216.539
224.494
216.342
218.671
217.159
218.168
226.508
218.141
215.994
218.383
219.834
218.248
217.237
227.985
221.47
224.9
226.44
219.19
217.823
217.154
218.779
216.911
217.531
219.048
216.486
220.85
219.367
215.942
218.032
214.773
225.619
222.022
217.111
219.065
218.596
222.629
215.959
218.405
217.003
216.968
229.981
218.38
216.794
215.716
219.064
219.421
232.067
218.88
221.525
219.964
218.296
218.863
222.454
223.916
216.822
225.21
218.602
217.905
216.521
218.107
218.096
217.732
215.352
218.791
218.526
221.74
218.913
219.737
217.3
224.133
216.691
216.211
218.331
217.553
219.475
217.876
217.169
220.727
222.55
218.064
218.27
223.652
216.351
217.374
217.997
217.322
219.868
216.59
216.176
218.476
215.014
216.09
226.165
219.375
219.14
220.671
219.306
220.949
220.534
230.064
216.871
218.07
214.969
221.828
217.086
217.172
218.622
218.542
217.782
223.28
227.369
221.156
222.644
217.311
217.351
236.462
221.485
216.144
228.078
215.732
217.71
217.559
227.479
227.805
228.076
218.768
216.236
219.245
219.533
222.706
225.574
218.938
216.563
218.678
218.896
219.234
218.935
218.764
218.12
216.291
217.897
218.32
221.059
226.372
216.518
218.9
216.097
217.03
218.689
218.688
216.866
216.65
218.447
219.851
218.301
218.806
220.647
222.581
219.153
218.044
217.106
225.927
216.206
218.223
218.537
221.141
216.532
218.974
216.658
227.342
226.213
226.886
226.484
217.526
219.845
216.735
225.182
217.417
217.998
222.753
221.135
219.643
216.949
219.028
216.596
217.397
220.344
216.749
217.634
224.625
218.031
219.239
224.782
243.632
220.831
216.667
216.697
218.509
216.438
235.207
217.417
217.977
223.098
217.266
223.838
220.925
217.277
225.718
217.731
227.984
217.67
217.005
219.218
217.153
225.15
216.401
220.798
221.56
217.187
217.764
215.572
216.473
217.555
217.727
216.3
231.378
230.053
226.178
216.871
222.384
221.97
222.442
218.187
215.56
223.292
218.682
222.437
222.626
217.934
216.648
216.639
218.79
218.268
222.913
222.264
221.489
217.888
216.848
219.102
216.229
216.469
216.987
217.337
217.169
216.62
222.612
223.645
221.838
217.921
225.612
223.881
217.247
219.43
217.013
217.084
220.025
216.382
232.735
217.156
219.129
216.242
217.96
218.384
217.197
221.193
220.156
220.878
216.81
239.292
221.398
218.641
216.736
217.268
217.093
217.833
232.751
215.932
216.112
218.368
218.311
217.508
217.719
216.983
224.644
224.351
225.199
223.626
220.827
216.111
220.734
218.782
220.019
219.859
221.804
222.41
228.107
216.732
219.81
224.151
216.197
222.084
217.971
216.335
217.378
219.524
217.55
219.708
221.759
225.987
217.824
216.551
215.908
220.051
229.568
224.486
223.59
220.368
216.671
222.397
221.555
218.752
217.918
217.21
229.982
228.422
220.815
219.65
218.229
219.406
216.999
219.736
216.568
221.247
223.435
221.113
229.33
226.385
228.216
218.092
218.345
219.929
221.987
220.58
220.182
217.736
224.674
218.579
217.377
216.339
217.977
218.467
223.095
221.159
219.111
224.774
219.402
226.042
218.038
217.878
217.044
227.059
219.71
221.467
216.987
217.081
217.503
219.04
217.001
216.791
216.944
221.858
226.749
223.615
216.592
219.012
217.347
229.174
220.804
217.654
218.166
217.338
222.703
217.892
216.056
220.156
217.753
216.57
218.089
222.25
216.656
217.117
217.316
224.709
218.273
219.287
227.163
218.924
217.49
230.916
217.305
232.369
230.254
217.56
216.709
215.84
232.611
219.155
225.507
225.149
219.454
218.754
216.466
220.237
217.679
223.945
222.777
226.008
223.08
216.516
221.136
217.596
216.433
217.735
217.295
217.989
222.479
218.019
217.488
221.415
218.388
218.329
220.515
216.817
219.312
223.911
217.447
215.288
216.092
221.17
217.704
216.958
217.203
221.184
217.209
217.066
215.59
224.097
219.871
226.944
220.63
226.999
216.662
220.383
217.943
220.318
218.031
218
218.476
216.832
219.304
217.196
215.58
217.992
217.067
226.021
217.548
224.914
216.762
228.569
216.379
230.747
232.701
221.649
218.528
222.458
216.725
229.895
220.138
217.086
216.059
217.109
215.994
220.61
216.525
223.611
217.648
215.987
216.372
216.872
217.872
215.671
217.708
227.291
216.915
218.423
219.226
218.063
222.836
217.603
217.172
217.508
216.957
216.34
219.181
220.52
226.406
216.481
220.148
217.76
218.626
220.013
217.22
216.73
220.31
225.466
219.066
217.623
216.445
219.406
228.514
221.576
218.962
221.74
218.122
225.436
217.65
216.978
216.315
216.704
217.624
216.883
218.327
222.227
221.711
221.696
220.098
218.583
216.485
216.939
218.701
225.093
220.838
217.684
224.284
216.613
225.834
219.579
220.839
218.503
219.577
217.886
219.382
223.288
219.934
219.862
217.348
219.463
216.521
228.588
216.447
217.32
217.386
217.342
217.33
218.807
217.069
216.461
217.307
221.213
234.823
217.088
217.141
216.762
215.539
223.944
218.891
219.588
216.956
221.788
217.58
222.083
216.924
217.481
216.557
217.07
220.627
217.285
217.717
220.338
216.528
221.411
216.672
218.438
219.768
220.54
217.194
224.049
216.66
217.374
216.538
218.694
215.893
217.049
217.198
220.36
215.692
217.613
216.772
218.04
217.605
222.676
218.688
220.405
218.145
220.826
215.988
217.193
217.586
217.088
218.992
231.252
221.945
216.217
231.93
217.819
228.147
216.413
216.686
220.434
220.862
224.238
218.976
218.61
216.922
226.463
224.179
221.727
230.718
217.788
217.493
218.046
216.399
216.167
217.775
215.867
221.99
215.701
216.93
220.829
219.362
221.734
218.935
221.979
221.807
221.295
219.096
217.221
219.029
216.62
218.173
217.74
235.362
217.711
218.8
223.82
217.933
216.684
231.794
219.143
215.767
216.68
218.641
216.688
217.655
225.246
221.285
216.986
217.721
219.004
217.453
223.808
218.255
219.561
216.803
229.29
217.02
224.399
216.331
219.968
218.199
218.069
216.088
218.823
218.707
217.586
224.38
222.289
220.035
215.778
220.052
216.392
217.612
215.101
215.901
218.928
216.358
217.718
219.891
218.002
221.23
217.876
220.802
217.179
216.415
218.073
221.912
217.587
217.517
217.23
216.403
217.792
216.925
227.837
222.365
216.672
221.752
217.562
222.729
230.919
222.758
222.011
221.059
228.83
216.857
216.027
215.699
216.483
233.695
216.299
218.212
215.055
221.251
225.558
216.786
221.585
221.46
217.181
222.846
217.035
216.997
221.329
222.393
217.127
215.87
221.947
217.361
219.421
223.456
215.296
219.421
221.345
216.956
216.432
221.801
218.874
217.955
218.165
217.779
221.36
218.64
227.627
217.933
216.601
216.5
217.653
219.744
218.819
219.919
218.702
232.65
222.047
222.362
224.002
218.744
216.835
217.685
222.443
221.49
220.867
217.092
217.231
216.936
220.303
224.729
218.304
216.871
226.688
221.636
217.95
219.214
220.525
221.634
217.125
216.123
227.054
222.031
217.464
217.168
222.223
214.741
218.768
220.961
216.845
217.798
219.389
216.856
218.692
223.158
215.375
218.01
229.591
224.98
233.906
220.071
215.979
218.368
229.106
217.562
219.696
216.783
226.272
215.574
216.783
218.981
219.871
234.186
217.223
217.321
216.791
217.269
216.524
223.145
222.846
216.319
217.614
217.243
217.674
217.948
215.986
221.677
231.188
224.551
216.271
218.979
217.982
217.524
218.246
215.415
222.176
216.88
215.299
218.228
219.928
217.996
217.812
216.819
216.894
227.175
219.855
221.065
215.872
217.391
216.649
218.376
222.553
225.622
224.186
217.524
218.052
216.547
223.779
219.052
216.798
215.158
216.352
216.323
218.162
217.525
220.935
219.367
218.62
216.333
216.517
216.872
221.209
217.801
217.043
218.585
224.015
217.435
218.72
217.776
219.354
218.678
226.007
218.826
216.698
218.066
224.592
216.755
226.36
221.438
216.261
220.616
217.257
220.812
224.785
218.701
220.202
218.021
218.924
217.682
223.713
223.842
219.184
216.83
216.249
217.117
226.534
219.976
219.281
220.787
220.147
216.302
218.905
218.043
223.032
218.851
217.797
216.08
219.848
216.066
217.623
221.617
217.257
222.145
217.333
217.432
221.997
231.813
219.945
216.658
220.284
227.782
217.214
224.163
216.345
222.408
222.286
219.34
216.802
216.881
216.919
216.396
218.137
221.133
219.438
216.114
216.446
217.961
216.976
216.262
224.986
219.368
222.23
217.304
220.121
221.902
215.136
217.902
218.96
215.126
217.619
221.891
217.945
221.808
217.647
218.331
222.9
216.446
217.67
222.427
218.589
215.868
221.237
215.952
218.241
222.861
216.323
216.673
223.979
220.838
216.699
224.511
218.318
220.426
226.253
217.216
216.923
218.659
216.796
216.142
219.117
225.322
217.557
217.128
216.228
215.982
225.745
217.98
224.938
217.308
220.032
223.172
227.384
219.445
217.061
226.495
215.924
225.425
215.308
218.081
217.927
217.245
225.984
217.535
221.322
217.063
216.586
231.619
217.184
218.246
218.49
217.432
219.745
221.834
221.633
221.412
216.75
217.383
216.835
220.424
216.294
216.217
217.796
219.205
225.788
216.472
217.654
219.512
224.771
220.505
218.672
216.95
217.184
224.354
216.292
216.576
226.836
218.198
224.472
218.993
217.307
226.099
227.024
215.313
216.878
218.193
216.332
218.625
216.287
217.075
216.437
225.295
215.263
218.437
216.27
218.12
216.977
217.366
216.64
217.234
220.257
216.997
223.065
217.668
215.598
217.895
216.04
220.758
221.954
227.004
216.598
217.342
219.202
219.597
216.526
219.788
221.222
217.17
217.501
217.098
216.402
216.717
218.63
217.775
217.718
220.124
220.456
215.662
215.764
218.62
219.372
224.906
226.796
221.543
218.139
222.789
221.936
216.188
218.787
221.1
216.381
218.055
220.7
216.028
226.241
220.71
219.671
216.668
217.317
218.669
219.867
229.352
217.165
219.11
215.119
219.702
216.118
216.952
225.683
224.817
218.984
217.284
217.558
217.342
223.12
239.301
218.372
217.121
216.122
230.113
223.054
234.145
221.323
217.848
216.253
218.477
218.028
215.847
216.793
216.329
217.956
217.169
217.443
216.265
219.678
221.302
219.653
217.827
225.029
219.521
226.64
222.567
215.994
218.911
220.189
220.617
230.691
217.024
220.815
223.402
217.921
220.456
226.985
222.645
221.234
221.578
222.531
217.623
219.11
219.623
216.514
217.546
218.629
222.548
222.612
220.78
219.944
215.294
217.889
219.162
220.002
219.577
218.477
222.247
217.731
218.288
218.57
217.383
217.669
221.309
217.076
233.165
226.031
220.03
217.168
215.824
222.447
219.523
219.942
218.4
216.478
217.463
215.815
215.932
216.927
216.455
222.092
218.386
217.78
225.817
222.945
217.842
216.185
216.386
217.755
217.648
217.466
223.847
217.276
219.256
217.644
218.491
217.323
217.511
218.566
222.934
217.047
217.047
229.139
218.974
217.248
217.118
219.213
218.278
218.847
218.525
218.051
216.338
217.75
220.408
217.045
219.6
222.996
218.351
222.821
222.29
216.73
217.012
223.288
216.424
223.272
222.426
220.867
223.307
217.018
227.867
217.806
217.576
219.188
222.972
216.663
225.962
215.491
216.937
218.624
223.15
228.701
217.547
220.426
217.92
216.502
216.936
220.148
217.879
219.418
219.639
216.627
218.194
220.094
216.079
220.584
219.682
217.954
216.628
217.006
218.088
223.76
223.539
215.927
217.142
222.76
216.808
219.763
218.296
222.181
224.245
222.664
220.386
217.82
215.952
228.893
219.688
224.691
220.048
216.019
217.893
217.359
216.505
218.298
217.554
219.603
216.81
219.127
218.093
218.352
217.649
224.372
219.342
217.026
219.444
215.711
216.37
219.725
216.269
226.183
217.1
216.87
217.808
219.055
222.709
216.357
218.514
217.098
225.339
220.029
223.445
218.828
218.588
215.573
218.081
230.442
216.35
217.205
222.442
218.093
217.034
215.994
217.253
217.063
216.64
216.922
216.498
219.74
225.861
223.32
216.2
217.556
216.908
215.6
236.92
218.067
216.101
218.292
224.405
221.275
221.919
220.98
221.453
220.948
218.411
216.041
217.856
217.225
219.237
217.498
215.86
220.22
225.396
219.038
228.456
215.856
222.71
216.313
217.749
216.851
227.634
218.535
218.338
216.919
218.246
218.078
218.421
223.141
216.28
216.448
227.56
219.879
216.458
217.997
220.069
219.402
220.48
217.803
217.581
217.203
219.657
217.308
223.006
216.311
216.009
219.658
216.9
215.719
220.443
217.649
216.801
219.908
216.578
216.783
218.518
217.481
217.474
219.542
225.234
216.831
216.298
215.617
223.778
219.509
220.051
216.743
218.602
218.632
221.694
219.318
223.56
217.91
219.615
217.048
226.546
219.429
217.453
217.041
216.776
222.455
218.203
221.724
216.698
216.845
217.296
216.812
216.887
216.836
227.546
216.614
216.975
215.469
216.666
219.207
217.951
216.403
222.287
217.65
217.776
230.942
218.736
217.327
226.047
216.778
236.257
220.415
216.453
222.358
220.579
218.282
216.727
217.018
217.462
218.282
217.669
219.556
219.015
219.317
218.777
220.845
217.853
217.353
220.858
219.642
218.548
222.457
223.574
222.638
218.446
227.736
217.4
221.804
216.796
216.176
218.329
216.826
219.254
217.364
219.388
222.174
216.874
217.486
218.904
218.65
225.37
221.718
218.326
217.251
221.45
217.76
218.717
218.413
218.14
225.674
217.458
217.393
216.145
220.433
222.7
218.17
219.272
220.904
217.098
216.166
214.858
217.191
218.788
223.716
217.682
218.389
215.151
216.869
223.848
220.602
219.133
216.106
217.294
220.297
223.663
221.595
216.308
219.401
220.527
223.217
217.004
227.415
224.492
221.412
229.446
217.339
216.69
226.241
230.003
216.875
216.04
217.85
218.07
217.568
219.946
217.426
217.899
216.929
218.217
216.248
217.434
224.127
219.285
220.794
217.595
218.679
223.938
216.847
216.092
219.513
216.474
217.606
216.907
219.916
217.838
231.19
217.177
220.325
217.107
216.499
220.45
215.703
223.772
220.64
221.329
222.563
217.972
221.01
216.31
217.755
217.01
218.649
219.64
218.456
218.953
219.428
216.046
217.536
216.298
217.548
219.811
222.694
216.4
217.911
219.445
216.657
217.921
215.667
218.11
217.089
217.391
219.593
221.235
217.233
218.189
225.265
222.46
222.685
218.801
216.316
216.438
217.178
220.751
215.141
218.197
219.468
217.651
221.73
229.037
221.529
216.418
218.265
217.707
217.325
217.289
217.197
218.532
219.75
223.322
217.642
224.14
219.834
217.558
217.997
218.3
216.509
220.711
219.058
221.866
217.168
217.683
219.087
215.613
216.715
217.174
221.151
225.642
217.909
219.047
226.77
218.589
216.296
218.076
218.346
216.1
218.799
220.976
221.309
228.05
218.149
222.008
216.181
216.416
220.93
218.332
217.56
217.199
222.9
218.273
215.992
219.454
224.881
217.134
218.346
221.447
222.388
223.372
218.866
222.478
219.448
217.282
221.77
221.337
215.852
217.479
223.159
218.586
221.788
217.992
219.626
217.499
219.899
215.822
231.605
222.935
219.929
225.491
216.431
223.222
216.804
217.191
223.258
217.522
216.863
226.136
218.008
224.081
218.844
221.472
217.021
218.862
217.283
221.474
233.424
222.227
219.066
221.717
223.54
217.124
226.791
216.778
222.314
216.516
217.786
223.65
218.237
218.401
217.543
220.796
217.954
221.285
225.906
220.974
216.294
217.978
221.301
217.747
221.754
221.998
217.657
215.922
221.635
217.341
220.046
224.126
221.098
217.326
216.922
220.088
216.862
218.511
223.652
219.702
220.894
216.212
218.328
216.271
221.272
221.486
216.15
216.671
216.791
218.084
217.112
216.066
220.548
216.73
218.557
223.981
219.239
220.706
220.244
225.291
223.613
220.497
217.8
220.077
217.881
217.526
218.079
222.889
216.742
216.408
224.263
216.37
217.535
218.759
216.681
215.804
216.315
216.338
216.181
219.659
217.038
218.598
216.012
217.101
226.222
221.42
220.259
219.162
217.518
218.001
216.804
216.755
218.683
215.81
215.463
216.158
217.89
227.524
221.773
222.956
223.942
216.818
216.452
217.697
217.014
217.641
234.145
217.768
217.26
218.662
215.802
216.162
216.854
223.171
219.32
219.075
215.695
218.905
217.35
217.362
219.622
222.238
217.828
221.442
222.145
219.272
221.844
216.77
216.216
217.699
216.911
223.819
217.53
217.397
224.098
216.077
216.923
218.279
216.932
218.882
216.295
217.004
222.576
238.983
217.64
216.563
224.237
224.298
216.561
219.258
217.436
217.81
216.528
221.019
227.433
229.706
219.905
217.416
218.906
222.445
217.708
217.298
218.049
229.522
216.314
216.581
226.491
217.054
215.969
226.196
218.709
217.59
219.848
219.852
233.606
218.616
224.284
