Timp in Milisecunde
0.0691
1.7754
3.9357
1.2965
1.3749
4.9523
1.0092
3.6538
1.6877
0.4415
4.8211
5.6217
0.6007
1.8967
1.0595
0.0439
0.0177
3.6434
6.1225
1.9229
5.5277
2.5612
5.804
6.626
0.0735
5.8525
2.4753
2.8056
3.3002
1.9616
6.0242
3.0912
1.4645
2.8437
2.4775
5.8036
1.881
0.6788
5.6315
6.0461
4.2015
3.3627
2.1925
1.9165
4.8174
5.5889
2.5742
4.4745
5.4479
3.0754
2.4425
5.4886
0.3552
1.7431
5.6962
0.259
1.5755
0.6654
2.1356
5.9079
1.4984
0.106
2.1754
6.5271
0.9038
1.2867
1.8598
0.6489
0.1568
3.8422
4.7022
4.4126
1.0866
6.1696
5.3187
0.4985
6.4622
2.5211
4.011
3.0788
2.043
0.1772
1.8547
3.0681
0.7781
1.4012
0.97
2.8177
1.8138
1.1776
0.6326
0.458
1.8285
2.5788
6.0546
1.3528
3.6077
5.5289
6.783
3.1932
0.2258
6.4043
4.8194
1.104
5.496
1.6969
4.331
1.9665
5.0803
0.1859
1.9508
4.9489
0.6274
2.6754
4.0152
5.6446
4.0066
5.6252
6.8407
4.3013
0.7234
4.7413
1.3316
6.6935
6.666
5.74
1.5711
5.7711
5.338
4.6922
0.0804
2.8744
1.8122
0.2323
1.8628
4.7024
3.6981
4.9407
4.6377
3.1979
2.9128
1.1311
3.1917
1.0586
4.5693
2.3364
2.0444
3.0067
4.7431
6.4102
0.4317
2.8874
5.786
5.3812
2.7466
3.2343
3.2712
3.7931
2.2127
5.8144
2.1834
3.273
5.7177
1.4525
2.6174
3.9861
0.9743
0.1597
5.9217
3.9516
1.6047
2.6197
3.9806
2.6033
6.3132
1.7865
4.9373
1.1236
0.0873
2.7023
0.74
0.2636
3.1248
5.4368
1.5835
3.2916
5.9928
3.2287
4.3576
0.1488
1.2695
2.0892
3.8774
5.8969
5.7775
2.0541
6.8456
1.8158
5.9666
1.1931
3.4138
2.0535
0.5196
3.4182
3.1632
5.4875
0.366
5.0854
2.1784
4.6927
0.0217
0.2513
0.2711
6.0295
1.0927
3.65
2.1761
6.4024
5.3624
3.4183
1.4104
1.2262
2.4927
5.9471
4.1522
6.5744
2.2193
2.1382
0.0566
1.2523
5.3443
1.0875
1.3465
2.0899
1.6346
3.2179
2.1375
2.5032
2.9399
3.4463
2.2064
7.3406
5.9945
6.2754
0.473
5.0752
3.585
5.8742
4.892
1.2994
6.5979
1.6018
2.234
0.2685
4.7967
2.1888
5.8666
2.2286
0.8133
1.7675
1.2215
2.7679
3.7377
4.0753
2.8259
0.9209
4.3729
5.4223
2.8259
2.5717
1.747
4.04
0.3228
1.0904
2.5174
4.6659
1.109
3.9858
2.0051
1.241
2.8951
0.8744
5.6166
0.9205
0.4107
5.6606
0.8465
1.5773
0.2816
4.0307
2.7275
5.7903
3.3673
2.4019
1.822
5.0517
3.8942
7.2702
0.5443
2.5955
5.9501
6.4716
1.3827
1.6044
6.0672
3.6586
6.2534
0.4667
6.6718
2.2717
4.1574
2.4586
0.8969
2.4089
2.3028
5.1827
4.0058
0.0027
1.3588
4.9867
4.9632
2.2938
3.9036
2.5557
4.2183
4.3996
1.4682
0.8537
5.6868
0.7231
1.0812
1.9821
2.138
5.2403
2.1044
0.3362
3.7156
2.0223
0.3521
0.3406
3.2072
4.8774
7.4029
4.028
4.4111
2.0153
2.3606
3.0114
3.7749
1.3293
4.0783
4.3401
2.3025
0.9814
5.4954
2.5729
2.5848
2.7615
1.3625
5.1716
2.1925
4.0468
5.9633
3.4778
5.223
2.4216
3.1937
6.9119
0.114
4.1599
0.2958
0.0753
1.2328
2.1343
1.9766
0.2961
4.5964
2.3226
1.1783
3.7363
1.1207
5.0462
0.1497
1.6872
5.1177
0.4205
1.3234
2.8804
1.4839
5.8017
1.3101
4.3696
4.6513
1.9427
0.2275
5.6771
2.0345
4.4375
5.2868
3.0374
5.6342
1.7267
0.603
2.2261
1.7911
3.1808
1.4533
4.7236
0.9011
3.3361
5.1513
4.1015
2.489
0.0567
2.3095
2.0882
3.826
3.6741
0.107
2.6779
6.5573
7.1747
2.5674
0.4194
4.8578
2.2256
2.6949
3.9676
5.4785
0.5739
6.3068
0.4675
0.8495
3.041
0.5629
4.8753
4.8349
5.8156
2.8797
3.9283
0.0102
6.7823
6.9871
0.1702
4.0978
4.0259
6.6079
5.8403
1.2911
5.7798
5.1408
1.4457
0.997
1.8551
3.1643
4.6205
6.4339
3.2855
0.9728
2.2874
1.8299
3.1062
2.5692
4.3751
2.9719
1.7302
2.0398
0.1609
3.4351
2.8369
1.3193
2.0589
0.4745
4.0161
2.5353
5.8655
1.7298
1.5326
0.0992
1.6659
3.5568
3.4027
0.964
4.8643
2.5426
4.6924
1.4942
0.0567
0.9835
3.1953
0.0928
1.8818
2.07
1.2749
0.4643
4.1428
0.9037
4.6127
2.0937
5.9524
5.0165
1.6156
2.4783
3.4665
1.6534
4.4124
0.0112
0.1221
0.867
1.9823
3.0293
4.9065
0.4441
1.0107
0.9092
1.8553
0.9871
0.1642
1.3099
1.6642
2.9421
3.0271
6.1192
0.6886
3.3568
4.4635
5.8345
2.0334
3.0444
5.2243
0.5571
1.1026
5.862
0.5825
2.3843
3.3448
5.1296
0.8796
6.6051
2.8626
0.923
4.9414
2.6689
0.3626
5.8275
4.2398
4.8905
3.3113
4.1178
6.1997
2.9716
2.0186
2.4233
0.7268
5.7787
1.1045
3.6777
5.0385
3.2523
3.5167
3.0298
4.2543
1.6941
2.6989
0.2042
5.1209
6.3372
0.7916
5.548
1.1369
0.1563
0.0965
3.4631
6.7145
0.6782
2.2091
3.7506
2.1211
2.3339
4.7186
5.4408
2.1252
0.6051
1.6565
0.5993
2.3321
2.6588
3.8568
0.1158
0.0371
3.1989
1.8883
4.4177
2.7996
3.8985
0.8454
2.1163
1.0346
5.1405
1.3086
3.187
0.8994
0.7526
0.4247
5.26
0.3258
2.0772
3.0029
5.7087
3.4061
4.6992
5.8939
2.8174
0.7427
5.9649
1.0705
4.1054
1.0139
2.013
5.7623
1.2857
0.6822
0.9649
2.3469
2.1618
4.5599
0.4414
5.199
5.473
1.3102
2.2266
1.278
0.2618
5.8279
0.1453
2.561
2.3314
0.3395
0.2597
3.0022
0.8994
3.4776
2.5343
0.2953
1.4978
6.0087
2.6109
2.723
2.3153
1.4826
0.7348
1.1937
5.1952
0.0373
3.1654
0.1646
5.7333
3.8848
7.254
2.4283
3.7102
5.1953
4.7779
2.2271
2.3262
2.1098
4.7913
4.5649
4.3866
3.66
2.7597
2.1648
0.9898
2.8793
4.5315
5.6032
2.1029
0.4985
1.0916
2.5571
7.6066
2.8469
0.8198
1.6595
2.0537
0.7741
2.9945
0.9705
2.8826
4.4719
2.7596
5.7673
4.9288
0.0846
0.7365
3.7658
5.6027
0.2202
4.3783
4.1336
1.2383
0.226
5.5828
5.2669
0.9134
4.6735
2.8297
1.2993
2.194
4.2193
4.3403
0.0126
3.1612
5.5347
3.6441
4.4203
1.4688
1.306
5.7591
4.0965
0.2001
0.5412
2.1269
2.7875
0.142
0.346
4.371
0.8764
0.034
0.9283
3.5242
1.7623
3.9813
0.0643
2.9317
1.3761
5.3778
0.6019
5.1615
1.8825
4.1846
2.0652
2.623
2.1882
3.7843
0.1567
0.9038
5.638
0.7255
2.698
4
4.6446
5.3824
2.9758
1.4423
0.2741
4.3941
1.722
1.567
4.5188
1.0528
4.6155
1.0947
0.1381
4.555
2.5021
0.1993
1.3186
5.6953
3.5913
0.062
5.3255
5.0868
1.2974
4.5761
5.8467
3.3443
1.6122
0.653
4.6342
1.554
3.119
2.5504
1.604
4.3609
2.6893
0.197
1.3459
5.2203
4.1238
4.528
2.0348
4.634
1.7525
3.8858
3.9067
3.4216
2.8742
3.811
5.1365
1.5149
1.136
3.8215
4.3991
0.1712
2.37
2.7297
3.1341
2.9288
5.5335
5.6196
0.0017
0.0724
2.4737
3.7599
4.5903
0.6225
0.8949
3.5799
2.8244
0.2012
4.2898
2.4701
1.1032
6.1071
0.3719
3.8823
4.1089
4.9499
1.598
0.7375
0.754
3.7813
3.7408
1.2523
1.8091
3.4281
5.7903
4.7211
5.2009
2.4987
1.3085
4.315
2.5164
6.0301
3.4433
4.4727
3.9252
2.5478
0.0862
3.8568
1.511
1.5347
2.5069
1.9698
4.7203
3.3587
0.7524
0.9745
4.0076
1.7475
4.5982
3.2151
1.9822
0.4638
0.1436
0.1924
2.4933
0.9823
3.7122
0.6286
2.0936
0.9957
2.3853
0.7883
0.776
3.5513
3.9939
4.1437
6.0151
2.8042
1.9704
2.087
2.2992
5.6672
4.6745
3.0708
3.4291
3.2787
0.1259
3.079
2.3969
4.1061
2.0346
5.1342
2.8204
2.8777
0.5095
0.2145
4.6556
0.3223
4.4151
3.131
3.694
4.2423
4.0141
1.1244
4.5018
5.4244
3.7932
3.9261
5.5787
5.369
2.3776
0.4686
1.1527
1.5797
2.6785
5.53
1.4526
0.0822
5.3595
5.6558
0.8861
2.3087
3.7965
4.5475
3.1625
5.4273
2.2235
0.1178
5.0359
0.2962
0.985
2.8499
3.0889
2.3621
1.0954
4.4073
0.2561
1.2865
1.262
4.1015
0.3266
1.4561
4.7546
2.8122
4.7494
5.744
0.7263
4.8181
3.6793
4.806
0.6665
0.1155
0.9739
0.5766
0.6378
1.7143
0.2777
0.2141
4.9153
2.8074
2.2054
0.9215
0.8452
4.2311
2.47
2.1411
5.3987
1.0607
0.5936
0.6376
2.5577
2.3023
5.3022
4.4357
0.2836
0.9861
4.7084
2.3429
3.178
6.3794
1.3192
1.4961
1.4483
0.4799
1.2553
5.4277
2.553
1.6083
0.4299
1.6205
3.0618
3.2728
4.374
1.2854
1.1715
0.7333
2.7664
5.5334
2.064
1.4316
2.7278
2.1245
4.55
5.6352
2.8892
5.3864
3.6851
5.1672
1.024
0.8114
4.5874
5.3418
3.87
5.7196
4.0087
0.2674
4.51
1.3768
3.2627
0.1094
1.3176
0.8327
0.3693
4.473
5.5427
1.4538
0.8096
4.9148
0.1866
0.4337
3.2243
1.789
1.0161
2.8986
2.4043
4.5385
3.1541
0.793
0.6181
0.3953
4.4593
0.5108
3.1162
2.2419
0.6374
2.918
5.1357
5.4218
2.2169
3.0219
0.43
5.5743
0.4533
0.5133
3.821
5.8605
1.2838
2.2365
4.6134
1.3292
2.9775
2.3383
2.3713
3.5587
1.3176
2.4823
0.1787
0.7466
1.7564
4.5219
1.9538
1.2841
1.2872
3.2191
4.6062
4.5085
4.0716
1.3422
0.4496
4.777
1.0503
4.5929
2.5005
2.0686
2.3603
1.7444
4.3234
2.7527
2.1536
1.9875
1.9378
3.4128
5.5091
4.5003
3.5443
4.446
2.3869
2.104
0.1835
3.6669
0.2887
1.7113
3.7007
3.7974
1.6562
5.5576
2.0273
0.3342
0.5631
2.257
5.1085
2.3347
0.1607
5.7742
2.9758
4.8674
3.1829
0.1201
1.2572
3.6911
5.6926
5.4571
1.3532
4.4955
0.7689
0.2599
4.8095
0.4236
4.6481
1.2497
0.1669
3.6765
4.8345
1.6849
5.4598
4.9467
4.4877
0.8187
2.5941
2.3855
0.7199
4.3717
0.2431
0.2603
5.4249
5.8063
3.2343
5.8048
0.4549
5.1602
3.492
5.4142
1.7869
5.3489
3.8086
2.2393
4.1601
4.3292
6.6155
1.8984
5.0543
2.347
0.1767
0.1875
3.6424
4.6845
0.0691
5.8473
0.0737
0.6475
2.6963
5.8489
2.6232
2.7515
0.2944
5.9001
2.9111
0.6488
4.4317
3.4749
0.5763
2.8082
4.7312
4.3045
3.3536
3.9561
1.1544
5.2566
2.0162
0.1115
4.7507
3.7324
3.5631
5.3284
4.7572
3.9011
5.0634
3.7916
4.2577
4.3827
3.5832
1.3116
2.9598
4.7674
0.0275
0.9444
4.3973
5.1843
2.9113
1.0003
5.9955
2.4426
4.3538
5.286
5.3928
1.7967
0.5341
3.6806
3.068
5.1458
5.0499
1.0869
1.4744
1.809
0.9189
2.3538
1.8809
4.9151
0.8055
0.0729
5.0447
1.1551
3.3466
2.9913
2.8459
1.7914
4.7148
5.0149
3.6497
2.8894
4.5137
4.1689
6.4476
4.451
2.2823
3.6069
0.6703
5.3492
4.9495
2.1538
3.9462
5.8762
4.7243
5.9095
4.0936
4.4383
0.2235
4.6463
0.6773
5.9841
5.1882
0.941
4.3143
3.8897
1.6705
1.6469
5.1716
1.8188
1.0201
3.1981
0.4463
2.66
1.3979
2.7354
3.9858
3.2882
2.8026
2.1036
5.5312
5.5308
0.893
0.7013
5.0544
0.0221
1.3035
0.5538
4.0661
0.5128
0.0659
1.0578
5.4756
4.3784
0.8946
1.2493
4.313
1.5758
5.5391
0.0505
1.5911
3.671
7.228
0.9475
4.3119
1.4357
0.4325
2.3616
4.4972
5.5818
4.441
4.1886
3.3538
2.0249
1.6496
2.1279
4.6157
4.421
1.8057
2.1083
0.114
1.7016
1.3453
1.6775
3.8318
1.6589
2.6452
4.4156
2.9573
4.1716
0.0718
4.7871
3.2511
3.9673
3.2557
4.5465
2.3476
1.5703
3.6772
0.6146
5.2247
0.6212
4.0731
2.4885
0.1994
0.5654
0.0931
2.4095
4.5334
1.6473
0.3746
4.6652
3.6654
3.4269
2.0158
4.9192
0.3267
2.28
1.6413
0.2694
1.1768
4.6449
1.2393
5.4571
4.9271
1.5207
0.1021
1.6379
1.9065
3.3087
0.8317
3.3978
0.4065
3.1449
0.0432
1.1584
5.1635
0.2356
1.6356
4.3633
0.3788
2.927
2.4746
5.8652
0.2154
0.6404
1.5961
3.3714
3.8905
0.768
2.8905
0.7295
1.6301
4.7364
2.8363
3.6982
1.1937
3.6474
2.7826
0.0794
3.2228
5.3949
3.2996
0.6649
0.7879
3.7579
1.4828
3.0033
1.413
0.953
0.588
3.1726
1.7203
0.8522
0.1861
0.2228
5.0962
5.0389
2.5851
3.5963
3.5532
4.5091
2.9411
0.1641
1.4405
2.3495
2.6439
5.3315
5.5992
2.442
1.1787
0.4512
4.1065
1.062
4.9421
0.8746
4.4612
4.3242
4.186
2.6362
2.0747
0.1831
3.5988
3.9125
5.1021
2.8025
0.7469
4.4287
3.8415
2.9311
0.978
4.8304
0.1226
4.5805
4.4279
2.1828
1.9822
3.2769
3.2848
5.4463
1.6538
4.5748
3.1401
1.0052
1.2967
2.2284
0.381
0.165
3.561
1.5892
3.994
3.9228
5.2837
0.0228
0.8291
2.4987
4.3657
4.9143
2.088
0.3223
4.9052
1.0591
4.6806
0.2928
3.5757
0.6004
3.0808
1.6001
5.2055
3.531
4.838
5.2298
2.7784
0.4532
2.3331
1.7502
4.0499
0.7757
0.4008
3.6072
1.2345
2.8818
0.3753
3.83
4.7333
5.7211
3.7903
1.2779
2.0693
2.445
2.7446
5.4166
3.3872
1.9969
2.6795
5.0012
2.5106
1.6516
5.6589
4.3944
3.8831
5.0966
1.4504
1.596
5.423
4.2553
0.8936
0.219
4.0521
4.5588
4.476
1.8145
0.2153
0.0069
3.9099
0.5559
4.4528
1.1609
4.0996
1.1696
1.6209
2.7065
0.5071
2.2883
2.35
3.9354
1.6124
0.7237
2.549
1.4018
3.783
6.0994
4.7388
0.4231
0.8346
1.1399
0.6741
1.2806
1.2703
2.0211
3.9702
4.3615
4.0839
0.094
2
1.2998
2.9506
1.6034
0.1681
2.1017
4.4686
2.8886
0.6298
5.0919
3.5028
1.2804
5.4229
5.7375
3.3494
2.8955
0.7223
3.027
3.8631
4.3663
3.2455
4.8244
0.4607
6.215
3.8814
1.3997
3.3585
1.7956
4.583
4.7981
3.5643
2.8011
0.3668
0.735
4.4666
0.4889
3.8395
0.4199
1.1123
5.4822
4.9221
5.0315
0.1152
4.923
4.0707
2.0202
3.2322
0.31
2.4723
1.9991
2.616
4.17
1.4736
5.3716
1.3734
5.432
1.6778
0.5906
0.1864
5.698
3.4673
4.8793
5.7759
5.0603
5.7533
5.3366
3.9609
2.5113
0.6805
0.129
1.4695
1.634
1.3994
0.0358
0.5632
1.9881
4.6305
3.9311
5.4377
0.3616
0.9045
4.8675
3.6084
2.8265
2.1032
5.849
5.6747
3.7652
5.6439
3.0806
0.4116
3.6821
0.5844
3.5776
0.8994
4.6236
4.7428
0.5704
3.3704
1.292
1.0384
1.3163
0.4007
1.5617
1.6039
5.7335
3.4806
1.9615
2.7274
4.4994
2.3491
2.1345
4.5913
1.8306
0.9016
4.1595
0.2607
2.4052
1.4339
2.4669
0.5737
4.0997
3.9505
2.0037
0.448
2.1701
1.9238
1.1929
2.047
3.6402
1.9615
5.812
2.5416
1.2994
0.2683
2.075
4.4713
1.4632
4.2506
0.0817
2.3536
1.1162
1.0628
1.4948
5.2546
2.7257
4.3651
6.6707
0.8965
0.0982
3.8033
1.0701
5.4836
2.4479
2.0865
0.746
1.1328
0.0005
2.6898
0.3581
1.3417
0.8933
0.8225
5.7872
2.3484
3.4315
3.2411
0.7384
0.6669
4.7806
3.8381
1.3052
4.3929
0.815
0.8725
2.2277
5.4806
4.6792
4.6911
3.924
5.2149
0.2692
3.5914
4.3442
1.9722
2.0055
3.2623
5.731
2.2996
0.5313
2.9361
1.0432
5.6853
4.3607
4.1209
3.4124
0.1191
5.6006
0.1789
0.0338
3.4157
4.8661
3.7285
0.4071
3.2096
0.1464
5.57
1.0622
3.1491
1.6187
2.776
0.3437
4.5978
0.1818
5.1837
0.2696
1.6696
2.5006
0.2304
1.0603
5.9047
1.4102
4.508
1.8227
4.4729
2.5763
0.6544
5.4599
0.4197
2.3344
5.9646
0.6703
3.24
6.0943
4.4671
4.7577
0.1858
2.1714
1.7274
1.8768
0.9292
3.9196
5.1709
5.2194
4.1636
3.1283
0.4536
3.9624
1.2056
2.7546
3.1811
4.7368
0.3587
3.2725
3.285
3.4755
3.4302
0.8878
1.6467
5.915
1.1492
0.7714
1.3232
5.3314
4.6916
4.1733
3.9576
5.8568
0.9604
1.7513
3.9052
0.0738
0.2565
1.9164
3.5045
2.559
0.1485
0.8325
0.6866
1.3107
0.1145
4.0411
4.7814
2.8131
4.4891
2.609
1.4782
0.5049
3.557
1.0405
3.2145
2.2173
5.2321
3.908
5.0873
1.0043
5.1298
5.8564
5.5294
1.2897
0.519
4.4456
0.0214
3.4169
0.3954
2.9079
5.168
4.4583
2.08
0.2716
2.2959
4.2488
0.9787
3.5843
3.9289
0.0004
4.5558
0.3319
2.336
3.1602
0.5741
2.8794
0.4668
3.447
5.8281
4.417
3.3178
2.4492
4.0838
2.7446
2.2094
6.156
2.2277
4.8808
3.3355
2.2999
4.7891
3.9471
5.3194
0.7524
2.7783
5.4359
4.4716
2.3803
1.988
1.4067
2.7674
3.3806
0.9425
0.257
4.4722
0.9648
5.8789
5.1264
0.7455
2.9707
1.1145
1.4128
1.8863
1.0797
1.735
2.3066
0.0177
5.0935
3.5262
3.3412
1.4251
1.3908
2.3442
2.2689
0.12
5.5483
5.8314
3.8007
1.4852
0.5862
2.8905
1.3701
2.7288
6.218
4.1531
3.984
1.7736
1.1201
3.1336
2.5244
0.0016
3.1844
2.6583
5.8123
0.654
2.9357
0.8325
1.6825
1.126
3.6387
1.258
2.8323
1.7744
3.3493
2.5149
0.4715
4.6965
2.8889
3.6716
0.1242
2.318
1.0399
3.8948
3.4178
5.6384
2.1544
5.0418
1.5286
3.1285
4.7888
4.8007
0.3565
0.4149
4.7977
3.5847
2.0499
1.8411
2.1627
4.4974
4.5859
4.5955
4.23
6.1548
5.0602
2.7888
0.2112
1.2584
5.3741
1.9742
