Timp in Milisecunde
0.1048
0.1015
0.1126
0.1006
0.1015
0.1003
0.1018
0.1014
0.1054
0.1018
0.1038
0.1001
0.1013
0.1014
0.1021
0.1063
0.1017
0.1306
0.0998
0.1015
0.1014
0.1047
0.1006
0.1011
0.1003
0.1019
0.1066
0.1028
0.0997
0.1017
0.102
0.1217
0.1036
0.1286
0.1024
0.1029
0.1045
0.1055
0.1052
0.1002
0.1023
0.1055
0.1084
0.1014
0.1036
0.1054
0.1018
0.1007
0.1018
0.0988
0.1016
0.0994
0.1196
0.1004
0.1029
0.1183
0.1141
0.1201
0.1015
0.1035
0.1275
0.1024
0.1024
0.1159
0.1024
0.1034
0.1041
0.0996
0.1031
0.1133
0.1318
0.1015
0.1001
0.1173
0.1047
0.1013
0.1069
0.1033
0.105
0.13
0.1021
0.1264
0.1085
0.1273
0.1035
0.1058
0.0994
0.1068
0.1012
0.1
0.1142
0.0991
0.1072
0.1028
0.1015
0.122
0.1023
0.1104
0.1038
0.107
0.1276
0.1014
0.1215
0.107
0.1012
0.1006
0.1064
0.1001
0.1098
0.1176
0.1127
0.1212
0.1034
0.1086
0.1338
0.1079
0.1171
0.1049
0.1181
0.1058
0.1097
0.1145
0.0997
0.116
0.1278
0.1151
0.1091
0.1137
0.1098
0.1037
0.1072
0.1014
0.1024
0.1016
0.12
0.0995
0.1001
0.099
0.1043
0.1027
0.1042
0.1103
0.1238
0.1071
0.1109
0.1247
0.1151
0.1194
0.1159
0.106
0.1041
0.0992
0.1133
0.1012
0.1202
0.1001
0.1047
0.1193
0.1201
0.1067
0.1188
0.1247
0.1164
0.0997
0.1028
0.1006
0.1028
0.1011
0.1094
0.1
0.0998
0.1045
0.1252
0.1026
0.1063
0.1026
0.1073
0.1217
0.1202
0.1175
0.1021
0.1053
0.0993
0.1124
0.1112
0.1023
0.1086
0.1051
0.1004
0.1028
0.102
0.1002
0.1047
0.128
0.101
0.1301
0.1089
0.1319
0.1026
0.159
0.1148
0.1266
0.1008
0.1048
0.1045
0.1018
0.1013
0.1022
0.2571
0.1169
0.1045
0.132
0.1033
0.1123
0.1022
0.1073
0.0996
0.104
0.1037
0.1212
0.1157
0.1014
0.1174
0.1157
0.1045
0.117
0.1032
0.1105
0.1019
0.1168
0.1067
0.0994
0.1008
0.1309
0.13
0.1
0.1258
0.1052
0.0992
0.1107
0.103
0.0999
0.1077
0.1167
0.1538
0.1061
0.1087
0.1057
0.1098
0.1303
0.0994
0.1119
0.1202
0.1023
0.122
0.1031
0.1074
0.1287
0.1029
0.1009
0.1027
0.1331
0.1083
0.1123
0.1194
0.1582
0.1094
0.1009
0.1157
0.1012
0.1158
0.1026
0.1012
0.1057
0.1044
0.1317
0.1008
0.1167
0.1086
0.1021
0.1004
0.1139
0.1278
0.104
0.1063
0.1018
0.1108
0.1257
0.1212
0.1002
0.1009
0.1293
0.0993
0.1214
0.104
0.1082
0.1165
0.1016
0.104
0.106
0.1033
0.1154
0.1054
0.1002
0.115
0.1013
0.1003
0.1074
0.1035
0.2054
0.1169
0.1149
0.1046
0.1012
0.1037
0.1016
0.1185
0.1026
0.1073
0.1001
0.1114
0.1121
0.1039
0.1222
0.1091
0.1083
0.1012
0.0984
0.1004
0.1003
0.1052
0.1019
0.1258
0.1061
0.1186
0.1019
0.1226
0.102
0.1016
0.1039
0.1013
0.1024
0.0989
0.1019
0.1268
0.1041
0.1066
0.1174
0.1015
0.115
0.1277
0.101
0.1023
0.1256
0.1166
0.1024
0.1168
0.1191
0.1029
0.098
0.119
0.1046
0.1277
0.1112
0.108
0.1153
0.1098
0.1028
0.1011
0.1136
0.1022
0.1022
0.1066
0.1258
0.103
0.1009
0.0993
0.1129
0.1101
0.1709
0.1081
0.1024
0.1138
0.1026
0.1017
0.0989
0.1076
0.0995
0.1244
0.1195
0.1022
0.1053
0.0988
0.1174
0.1146
0.1055
0.1026
0.1248
0.1116
0.101
0.1153
0.1255
0.1102
0.1045
0.1122
0.1006
0.1234
0.1007
0.1126
0.1209
0.1012
0.1007
0.124
0.1082
0.1016
0.1073
0.0996
0.1011
0.1139
0.117
0.1003
0.1229
0.1025
0.1359
0.1047
0.1134
0.1223
0.1168
0.1027
0.1176
0.126
0.1277
0.1099
0.102
0.1234
0.1106
0.1021
0.1068
0.1
0.1059
0.123
0.1035
0.1027
0.1149
0.1001
0.0997
0.1128
0.1068
0.1294
0.1079
0.1001
0.1028
0.1152
0.0998
0.1035
0.1083
0.1125
0.1147
0.1113
0.1067
0.1013
0.1175
0.1037
0.1172
0.1167
0.0998
0.1052
0.1213
0.1111
0.1036
0.1196
0.1061
0.1124
0.1149
0.1271
0.1225
0.1212
0.1024
0.123
0.1217
0.1147
0.121
0.105
0.1092
0.106
0.1014
0.1072
0.1168
0.1207
0.1297
0.1
0.1005
0.1113
0.1225
0.1006
0.1035
0.1035
0.1271
0.1119
0.1036
0.102
0.1004
0.1027
0.1012
0.1024
0.1223
0.1194
0.0978
0.0995
0.1046
0.1008
0.1144
0.0992
0.1019
0.1483
0.1023
0.1023
0.2102
0.1056
0.1148
0.1041
0.1006
0.1204
0.1004
0.1018
0.1043
0.1065
0.1038
0.102
0.1002
0.1212
0.1198
0.119
0.1084
0.1272
0.1298
0.1452
0.1066
0.1095
0.1061
0.1133
0.1295
0.1021
0.1029
0.1026
0.1137
0.1072
0.1026
0.0993
0.0997
0.1287
0.106
0.1147
0.1165
0.1036
0.1048
0.1297
0.1229
0.1276
0.1066
0.1127
0.1002
0.1062
0.1164
0.1104
0.1007
0.1047
0.101
0.101
0.1095
0.1045
0.1135
0.1035
0.1134
0.1023
0.1045
0.1118
0.1011
0.1069
0.1013
0.103
0.1447
0.1011
0.1343
0.1013
0.1027
0.1283
0.1154
0.1015
0.1051
0.1283
0.1176
0.1019
0.1106
0.1218
0.1066
0.1027
0.1007
0.1061
0.1018
0.1019
0.0992
0.1246
0.0988
0.1025
0.1661
0.1064
0.1014
0.1062
0.1076
0.1102
0.1078
0.1017
0.1039
0.105
0.1053
0.1036
0.1021
0.113
0.1217
0.1023
0.1006
0.1015
0.1016
0.106
0.1014
0.1049
0.1054
0.1309
0.102
0.0994
0.1161
0.1106
0.1027
0.1062
0.107
0.1128
0.1182
0.1108
0.1009
0.131
0.1017
0.1046
0.1018
0.126
0.1172
0.1088
0.1018
0.1389
0.1319
0.1071
0.123
0.1002
0.1047
0.1042
0.1006
0.1315
0.126
0.1021
0.1027
0.1009
0.1047
0.1226
0.1701
0.1064
0.1177
0.1044
0.1167
0.1258
0.1007
0.1007
0.1122
0.1042
0.1013
0.1017
0.1007
0.1266
0.1055
0.1159
0.1075
0.1054
0.1113
0.1077
0.1061
0.1013
0.1021
0.1188
0.1053
0.1046
0.1172
0.105
0.1128
0.1159
0.1009
0.103
0.1259
0.1016
0.1297
0.1194
0.1313
0.1222
0.1136
0.1023
0.1152
0.1011
0.1026
0.1119
0.109
0.1126
0.1031
0.1018
0.1218
0.1155
0.1237
0.1038
0.1035
0.1022
0.1039
0.102
0.1011
0.1012
0.1096
0.1014
0.0984
0.119
0.1003
0.1031
0.1028
0.1028
0.1068
0.1048
0.1156
0.1138
0.1003
0.114
0.1029
0.1153
0.1138
0.1083
0.099
0.1156
0.1024
0.1042
0.1129
0.1008
0.1003
0.1011
0.1458
0.1153
0.103
0.1221
0.1218
0.1225
0.1007
0.1029
0.1026
0.1283
0.1073
0.1112
0.1286
0.1031
0.1112
0.1013
0.114
0.133
0.1045
0.1033
0.1248
0.1211
0.1025
0.1058
0.1033
0.1126
0.0991
0.1011
0.0998
0.1164
0.1153
0.1126
0.1077
0.1171
0.1189
0.1188
0.1007
0.109
0.1102
0.1038
0.1032
0.115
0.1034
0.0983
0.1145
0.1076
0.1264
0.1502
0.1033
0.1099
0.1105
0.1378
0.1017
0.1022
0.1003
0.1087
0.1005
0.1158
0.1057
0.1079
0.1032
0.1242
0.1076
0.1015
0.1165
0.1115
0.1032
0.1134
0.1003
0.1142
0.1127
0.1039
0.099
0.1167
0.1177
0.1263
0.1055
0.1029
0.1002
0.1278
0.1122
0.1001
0.102
0.1193
0.1103
0.1017
0.1041
0.0981
0.1055
0.1127
0.1044
0.1211
0.1109
0.1097
0.1075
0.0991
0.1043
0.1044
0.1146
0.1131
0.1042
0.1005
0.101
0.1033
0.1137
0.1004
0.1065
0.102
0.1001
0.1011
0.1216
0.1045
0.1008
0.1008
0.0983
0.1012
0.0984
0.105
0.1025
0.1026
0.1254
0.1203
0.1197
0.1013
0.272
0.1232
0.1015
0.1109
0.1091
0.1034
0.1142
0.1035
0.1004
0.1102
0.1016
0.1011
0.1002
0.1073
0.1047
0.1013
0.1015
0.1038
0.1127
0.124
0.104
0.0981
0.1049
0.1005
0.1064
0.1127
0.1004
0.1009
0.1042
0.1025
0.1172
0.1159
0.1034
0.1051
0.1054
0.1068
0.134
0.1078
0.1183
0.1237
0.1059
0.1045
0.1022
0.1314
0.1021
0.1028
0.1035
0.1234
0.1042
0.12
0.1037
0.1224
0.1063
0.1154
0.1087
0.1026
0.1002
0.1161
0.1013
0.1053
0.1066
0.1219
0.0994
0.1157
0.1171
0.1113
0.1097
0.1031
0.1124
0.1033
0.1022
0.1327
0.1024
0.1058
0.1178
0.1017
0.1171
0.1027
0.1153
0.1036
0.1056
0.1006
0.1
0.1037
0.1067
0.1189
0.0994
0.0983
0.0997
0.1246
0.1137
0.1197
0.0993
0.1183
0.1014
0.1021
0.1018
0.1037
0.1162
0.1158
0.101
0.1036
0.102
0.1024
0.1022
0.1268
0.1156
0.1039
0.1057
0.1036
0.1207
0.1222
0.1002
0.1
0.1025
0.1374
0.1081
0.1
0.1115
0.1026
0.1085
0.1013
0.1121
0.1098
0.1026
0.0999
0.1048
0.1034
0.1148
0.1179
0.1159
0.1023
0.101
0.1019
0.1165
0.1028
0.1056
0.1011
0.0993
0.1054
0.1055
0.1251
0.1
0.099
0.1162
0.1172
0.1097
0.1068
0.1013
0.1016
0.1033
0.1111
0.1063
0.1041
0.1193
0.1008
0.1109
0.1218
0.1001
0.1104
0.1007
0.1017
0.1008
0.1036
0.1068
0.1056
0.1033
0.1019
0.101
0.1231
0.1215
0.1087
0.1192
0.0998
0.1022
0.1059
0.1025
0.1048
0.1186
0.109
0.1348
0.1034
0.1141
0.1061
0.106
0.1049
0.1078
0.1152
0.1135
0.1023
0.1019
0.1042
0.1027
0.1021
0.118
0.1119
0.1044
0.1013
0.1228
0.1033
0.1165
0.0981
0.1235
0.1037
0.1027
0.103
0.1328
0.1235
0.1021
0.1213
0.1168
0.1049
0.1029
0.1505
0.1028
0.1175
0.1022
0.1027
0.1059
0.1037
0.1172
0.102
0.1175
0.1009
0.0993
0.1166
0.096
0.1142
0.1118
0.1005
0.1165
0.1284
0.1069
0.1033
0.1253
0.099
0.1334
0.1166
0.1289
0.11
0.1176
0.1286
0.1126
0.101
0.1264
0.1178
0.1018
0.1175
0.1125
0.1038
0.0996
0.1119
0.1144
0.1071
0.1188
0.1018
0.1015
0.1287
0.1209
0.1031
0.1342
0.1015
0.1235
0.1005
0.1092
0.105
0.1223
0.1041
0.1027
0.1054
0.1181
0.108
0.1243
0.1161
0.1069
0.1024
0.1092
0.103
0.1227
0.1113
0.1056
0.1265
0.1115
0.1013
0.1013
0.0999
0.1283
0.1087
0.113
0.1013
0.1232
0.1012
0.1257
0.1016
0.1067
0.1202
0.1006
0.1061
0.1115
0.1054
0.1307
0.1105
0.102
0.1043
0.105
0.1022
0.1218
0.1152
0.1014
0.1011
0.1188
0.1027
0.1029
0.1001
0.1054
0.105
0.1174
0.1041
0.1029
0.1007
0.1096
0.1018
0.1125
0.1162
0.1
0.1132
0.1117
0.1055
0.1008
0.1031
0.1193
0.1021
0.1032
0.1067
0.1041
0.1022
0.0986
0.1006
0.1045
0.1202
0.1231
0.1029
0.1021
0.1061
0.105
0.1029
0.1045
0.1
0.1061
0.0986
0.1011
0.1009
0.0983
0.1075
0.1019
0.1034
0.1042
0.101
0.111
0.0994
0.1115
0.1125
0.0999
0.1035
0.1394
0.1199
0.1084
0.112
0.104
0.1012
0.1283
0.1241
0.1718
0.1043
0.1038
0.1139
0.1224
0.1859
0.1043
0.1282
0.1031
0.0987
0.1285
0.1231
0.1211
0.1045
0.1021
0.1026
0.1016
0.1092
0.1001
0.1289
0.1273
0.1213
0.1033
0.1275
0.1006
0.1006
0.1179
0.1175
0.1297
0.1047
0.1305
0.1006
0.1054
0.1015
0.1054
0.1028
0.1049
0.1173
0.1029
0.1076
0.1032
0.1266
0.1133
0.133
0.1258
0.1042
0.115
0.1005
0.1105
0.104
0.1025
0.1141
0.1107
0.1317
0.1
0.1041
0.102
0.1017
0.1224
0.1026
0.1168
0.1311
0.114
0.1148
0.1034
0.1198
0.1026
0.1072
0.1083
0.1353
0.106
0.1325
0.1282
0.106
0.1001
0.1021
0.1091
0.101
0.1056
0.1061
0.1158
0.1046
0.1019
0.1128
0.1174
0.11
0.1133
0.1234
0.1235
0.1207
0.1179
0.1043
0.1135
0.1298
0.1299
0.1117
0.1174
0.1163
0.1327
0.1205
0.1031
0.1022
0.1153
0.1201
0.1171
0.119
0.1042
0.1002
0.1039
0.1035
0.1083
0.1052
0.1041
0.1026
0.1029
0.1061
0.1023
0.1007
0.1024
0.1029
0.1234
0.1226
0.1199
0.1023
0.1001
0.1032
0.1088
0.105
0.1038
0.1027
0.1031
0.1088
0.1026
0.1217
0.1083
0.1047
0.1023
0.121
0.104
0.0997
0.1071
0.1008
0.1042
0.1046
0.1151
0.1044
0.1
0.1052
0.1034
0.1276
0.1146
0.1295
0.1077
0.1058
0.1008
0.1038
0.1031
0.1165
0.1033
0.1077
0.1434
0.1029
0.1021
0.1045
0.1047
0.1153
0.114
0.1016
0.1014
0.1003
0.1212
0.1037
0.1046
0.101
0.1011
0.1233
0.1232
0.1353
0.1089
0.1266
0.1013
0.1019
0.1051
0.1234
0.1135
0.1249
0.105
0.1012
0.1054
0.1028
0.1143
0.1072
0.1216
0.1011
0.1007
0.1138
0.108
0.1046
0.1064
0.0993
0.104
0.1149
0.1005
0.1193
0.1045
0.1048
0.1172
0.1145
0.1245
0.1195
0.1045
0.1276
0.1301
0.1017
0.1177
0.1041
0.1042
0.1078
0.1057
0.0996
0.1036
0.0988
0.1076
0.1143
0.102
0.1033
0.1001
0.1254
0.1349
0.1002
0.1015
0.1566
0.1002
0.1261
0.1395
0.1061
0.1006
0.1025
0.1004
0.1021
0.1252
0.1011
0.1003
0.1163
0.1019
0.1027
0.1142
0.1045
0.1062
0.1073
0.1019
0.103
0.1197
0.1102
0.1088
0.1034
0.1002
0.1042
0.1043
0.1049
0.0992
0.104
0.1011
0.1171
0.0991
0.1052
0.1019
0.1155
0.1037
0.1345
0.118
0.1031
0.1008
0.1
0.102
0.1014
0.1087
0.1231
0.1065
0.1043
0.1052
0.1006
0.1102
0.1216
0.1039
0.1188
0.1019
0.1345
0.1044
0.0995
0.1316
0.1021
0.1339
0.1026
0.1204
0.0996
0.104
0.1386
0.1038
0.1201
0.1182
0.1078
0.1172
0.1081
0.1035
0.1002
0.1306
0.1006
0.0991
0.1033
0.1012
0.1214
0.1015
0.1003
0.1072
0.1094
0.1019
0.1246
0.1086
0.1116
0.1143
0.1103
0.1076
0.113
0.1236
0.1039
0.1061
0.1108
0.1165
0.1043
0.1192
0.1102
0.1192
0.122
0.1017
0.1023
0.1101
0.104
0.1023
0.1021
0.1108
0.1008
0.1058
0.0995
0.1046
0.1112
0.1001
0.1197
0.1136
0.1217
0.1014
0.1077
0.1027
0.1039
0.1289
0.1024
0.1046
0.1021
0.1072
0.1
0.1035
0.1006
0.0995
0.1179
0.1018
0.101
0.1126
0.1003
0.1021
0.1028
0.1056
0.1012
0.1072
0.101
0.0995
0.1259
0.1077
0.0995
0.1054
0.0991
0.1
0.1009
0.0979
0.1189
0.1202
0.0993
0.1123
0.1016
0.1054
0.1045
0.1021
0.1289
0.1118
0.1003
0.1185
0.1167
0.1009
0.1034
0.1025
0.1054
0.1022
0.1209
0.1025
0.1049
0.1071
0.1206
0.116
0.0999
0.1033
0.1081
0.1305
0.1032
0.1039
0.134
0.1022
0.1196
0.132
0.0994
0.11
0.1293
0.1021
0.1016
0.0992
0.1041
0.1047
0.1162
0.118
0.1003
0.1068
0.1208
0.1102
0.1043
0.115
0.1126
0.1009
0.1087
0.101
0.0986
0.109
0.1058
0.1076
0.1037
0.1297
0.1035
0.1007
0.1026
0.1116
0.1013
0.1164
0.1037
0.1023
0.1002
0.1131
0.0998
0.1205
0.1219
0.1078
0.1229
0.1025
0.1225
0.1158
0.1117
0.1005
0.1162
0.1065
0.0995
0.1064
0.1151
0.1185
0.1023
0.1018
0.1138
0.112
0.1057
0.1046
0.1034
0.1014
0.1015
0.1135
0.1095
0.0999
0.1045
0.1462
0.1032
0.1029
0.1324
0.1036
0.1019
0.119
0.1102
0.1043
0.1108
0.1314
0.1011
0.1037
0.103
0.1005
0.0996
0.1048
0.1081
0.1156
0.1092
0.1039
0.1029
0.1266
0.1022
0.1059
0.1126
0.1037
0.1
0.1215
0.0985
0.1134
0.1065
0.1077
0.1065
0.104
0.1023
0.1175
0.1256
0.1007
0.1052
0.119
0.1128
0.1154
0.1009
0.1034
0.1101
0.1211
0.1066
0.1205
0.1023
0.1059
0.1012
0.1175
0.107
0.1119
0.1019
0.1029
0.1107
0.1124
0.1016
0.107
0.1043
0.1307
0.1013
0.1096
0.1166
0.1184
0.1658
0.1132
0.1039
0.1275
0.1198
0.1085
0.11
0.0998
0.0998
0.1031
0.1035
0.1094
0.1282
0.1201
0.139
0.1023
0.1119
0.1173
0.0989
0.1007
0.1143
0.1012
0.0994
0.1039
0.1006
0.128
0.1008
0.1014
0.1074
0.1215
0.1046
0.101
0.1004
0.1031
0.1066
0.1021
0.1028
0.1011
0.1215
0.1082
0.113
0.1009
0.0996
0.1007
0.1015
0.1033
0.0998
0.0979
0.1013
0.12
0.1111
0.1039
0.1022
0.1078
0.1219
0.1039
0.1196
0.1048
0.1011
0.1031
0.115
0.1107
0.1222
0.1111
0.1163
0.1005
0.1029
0.107
0.1074
0.1008
0.1034
0.0995
0.1039
0.1182
0.0999
0.1033
0.1064
0.1136
0.1206
0.1033
0.1024
0.1014
0.109
0.0995
0.1067
0.1031
0.0996
0.1029
0.1076
0.1295
0.1019
0.105
0.1287
0.1372
0.1154
0.1017
0.1244
0.1198
0.113
0.102
0.1005
0.1046
0.1054
0.1021
0.113
0.1049
0.1168
0.0988
0.1007
0.1086
0.1078
0.1014
0.1031
0.1046
0.1075
0.1172
0.1027
0.1018
0.103
0.1039
0.0999
0.1053
0.1012
0.1102
0.108
0.1039
0.1019
0.1012
0.1017
0.1137
0.1032
0.1164
0.1297
0.111
0.1176
0.0987
0.1113
0.1013
0.1191
0.1053
0.1152
0.1023
0.131
0.1163
0.1256
0.1018
0.1071
0.1109
0.1023
0.1182
0.1189
0.1018
0.1082
0.1031
0.1036
0.1273
0.1151
0.1038
0.1026
0.1027
0.1292
0.1198
0.131
0.1047
0.1206
0.1117
0.1029
0.1028
0.1034
0.1262
0.1031
0.1182
0.1027
0.1007
0.1264
0.1141
0.1062
0.1238
0.105
0.1179
0.1034
0.1188
0.1357
0.1183
0.1206
0.1042
0.1027
0.1275
0.1117
0.1002
0.1087
0.1054
0.1
0.1016
0.1065
0.1168
0.1006
0.1004
0.1098
0.1231
0.1017
0.1105
0.1093
0.1232
0.12
0.0999
0.1166
0.1048
0.1182
0.1319
0.1161
0.1001
0.1008
0.1018
0.123
0.1108
0.1026
0.102
0.1149
0.1148
0.1322
0.1313
0.0999
0.1156
0.0991
0.109
0.0999
0.104
0.1045
0.1105
0.1008
0.1055
0.1092
0.0992
0.1045
0.1016
0.1099
0.1046
0.1013
0.1002
0.1076
0.1041
0.1281
0.1126
0.1086
0.1201
0.101
0.129
0.1148
0.1269
0.1025
0.1071
0.1226
0.1003
0.1012
0.101
0.112
0.1014
0.0999
0.1031
0.1007
0.1003
0.1008
0.1057
0.1037
0.1163
0.1093
0.1286
0.1022
0.1027
0.1122
0.1007
0.1012
0.1176
0.105
0.1149
0.1229
0.1041
0.1026
0.1047
0.1048
0.106
0.1119
0.1029
0.1009
0.1315
0.1029
0.1127
0.1037
0.1021
0.1075
0.1136
0.1016
0.1004
0.101
0.1022
0.1024
0.0995
0.1009
0.1101
0.1159
0.1334
0.1013
0.1033
0.1166
0.1008
0.109
0.1019
0.1023
0.102
0.0996
0.1009
0.1001
0.1004
0.1015
0.1031
0.1047
0.1014
0.1015
0.1037
0.1311
0.1041
0.1074
0.1002
0.1032
0.1005
0.1094
0.102
0.1311
0.1039
0.1158
0.1174
0.0994
0.101
0.1048
0.1066
0.1199
0.1049
0.1004
0.1203
0.1034
0.1021
0.099
0.1149
0.102
0.1045
0.1071
0.1045
0.1218
0.1074
0.115
0.119
0.1076
0.1154
0.1145
0.1045
0.1165
0.105
0.1183
0.115
0.1041
0.1292
0.1142
0.0989
0.1317
0.1008
0.101
0.1308
0.1309
0.0993
0.1154
0.176
0.1029
0.1011
0.0999
0.1143
0.1048
0.1106
0.1031
0.1117
0.1009
0.119
0.1024
0.1037
0.102
0.1005
0.119
0.1095
0.1033
0.1315
0.1007
0.1027
0.1159
0.102
0.1021
0.1019
0.1072
0.1256
0.1015
0.1189
0.1121
0.1233
0.1232
0.1207
0.109
0.1073
0.101
0.1039
0.1037
0.1081
0.121
0.1115
0.1168
0.1132
0.1014
0.1263
0.107
0.1323
0.1058
0.1007
0.1061
0.1323
0.1023
0.1161
0.1186
0.103
0.0994
0.1032
0.1071
0.1089
0.1018
0.1027
0.1023
0.1062
0.1013
0.1069
0.1031
0.1061
0.1054
0.125
0.1038
0.1271
0.1074
0.1061
0.0996
0.1018
0.1062
0.1002
0.1047
0.1015
0.1045
0.1018
0.1005
0.1031
0.0999
0.1325
0.1016
0.1
0.1043
0.1037
0.1169
0.1182
0.1196
0.1011
0.1122
0.0994
0.1008
0.1053
0.1025
0.1104
0.1046
0.1311
0.1012
0.1027
0.0999
0.1098
0.1046
0.1285
0.1057
0.1107
0.1028
0.1099
0.102
0.128
0.1283
0.1019
0.1032
0.1018
0.0998
0.1134
0.1192
0.103
0.1165
0.1256
0.0994
0.1047
0.109
0.1062
0.1295
0.1012
0.1035
0.1315
0.1029
0.1035
0.1184
0.1157
0.1013
0.1223
0.1013
0.1011
0.1129
0.1046
0.1118
0.0982
0.1034
0.1247
0.1046
0.1041
0.107
0.0993
0.1097
0.0999
0.1246
0.1275
0.123
0.1056
0.1005
0.1019
0.1086
0.104
0.1041
0.1141
0.1207
0.1177
0.1147
0.1198
0.1046
0.1001
0.1034
0.1038
0.1104
0.1088
0.1039
0.1058
0.1265
0.1048
0.1146
0.1017
0.1092
0.1019
0.103
0.1111
0.0995
0.1066
0.1047
0.1173
0.1038
0.1115
0.0989
0.1124
0.1007
0.1017
0.1022
0.1012
0.1171
0.1012
0.1136
0.1015
0.1134
0.1021
0.0989
0.1301
0.1189
0.1144
0.1044
0.1036
0.0998
0.1101
0.1034
0.1051
0.1248
0.1127
0.1003
0.1182
0.1154
0.2512
0.1011
0.1088
0.1026
0.1162
0.1009
0.1237
0.1007
0.1367
0.1029
0.1053
0.1041
0.1938
0.1223
0.1011
0.1027
0.1062
0.1265
0.1035
0.1037
0.1028
0.1064
0.1321
0.1237
0.1026
0.0998
0.1087
0.1147
0.1051
0.1032
0.1083
0.0996
0.1069
0.1025
0.1037
0.1029
0.1021
0.1064
0.1042
0.0988
0.1058
0.1318
0.124
0.1024
0.1255
0.115
0.1228
0.1296
0.1065
0.1008
0.1143
0.1007
0.1177
0.1017
0.1099
0.0997
0.1039
0.1136
0.1057
0.1039
0.0996
0.1047
0.1273
0.108
0.129
0.1056
0.1292
0.1
0.1134
0.1176
0.1005
0.1125
0.1093
0.1115
0.1171
0.1218
0.1115
0.1221
0.1005
0.11
0.1092
0.1161
0.1205
0.126
0.1191
0.1025
0.1073
0.1162
0.119
0.1037
0.1136
0.1105
0.1067
0.0994
0.1036
0.1057
0.1003
0.1093
0.1006
0.102
0.1189
0.1279
0.1022
0.1253
0.1232
0.1444
0.1129
0.1018
0.1143
0.1003
0.101
0.1001
0.1006
0.1014
0.1034
0.123
0.1245
0.1018
0.1255
0.1149
0.1048
0.1074
0.1002
0.103
0.1022
0.1037
0.1028
0.1021
0.1236
0.1113
0.1142
0.1037
0.1011
0.1025
0.1014
0.1264
0.105
0.1089
0.104
0.102
0.1088
0.1247
0.1032
0.1056
0.1214
0.1029
0.1005
0.1128
0.1018
0.0993
0.1125
0.1152
0.1009
0.1108
0.1194
0.1074
0.1005
0.1152
0.1339
0.1072
0.1067
0.1227
0.1023
0.1282
0.1011
0.1055
0.103
0.1074
0.1074
0.102
0.1037
0.1089
0.1167
0.1009
0.108
0.1035
0.1038
0.1042
0.1039
0.1081
0.1024
0.1478
0.1162
0.1064
0.114
0.1015
0.1041
0.1127
0.1088
0.1021
0.1019
0.1046
0.1179
0.1178
0.1186
0.1004
0.1009
0.1103
0.1005
0.1258
0.1322
0.1309
0.102
0.1315
0.1089
0.1298
0.0996
0.1032
0.1209
0.1016
0.1224
0.1226
0.0996
0.1022
0.1137
0.1165
0.1143
0.1052
0.11
0.1093
0.1075
0.1183
0.1045
0.1034
0.1222
0.1139
0.106
0.1016
0.1123
0.1002
0.103
0.1216
0.1234
0.105
0.1279
0.1009
0.1034
0.1114
0.1051
0.1058
0.1
0.1174
0.1029
0.1072
0.1057
0.1019
0.1141
0.1034
0.1034
0.1025
0.1057
0.1036
0.1022
0.1072
0.1012
0.0991
0.1012
0.0991
0.1072
0.1023
0.1037
0.1084
0.1012
0.1096
0.1003
0.1154
0.1242
0.1122
0.1013
0.1055
0.0987
0.1028
0.1009
0.1081
0.1041
0.1083
0.1055
0.1978
0.1039
0.1006
0.1069
0.1064
0.1111
0.1033
0.1151
0.1092
0.109
0.1147
0.1101
0.1152
0.1211
0.1151
0.1162
0.1019
0.1289
0.1068
0.1367
0.1007
0.1032
0.1175
0.1037
0.1009
0.1121
0.1011
0.1003
0.1001
0.1146
0.1038
0.1014
0.1179
0.1059
0.1051
0.1036
0.1301
0.1146
0.1004
0.1041
0.1045
0.1034
0.1049
0.1003
0.1318
0.1159
0.1007
0.1026
0.1294
0.1011
0.1159
0.1064
0.1082
0.1069
0.1033
0.104
0.1035
0.1157
0.1043
0.1002
0.1137
0.1053
0.101
0.1046
0.1066
0.1034
0.1059
0.1052
0.1029
0.1039
0.1089
0.1035
0.1043
0.1004
0.1
0.1137
0.1248
0.1065
0.1025
0.1032
0.1056
0.1279
0.1022
0.1159
0.1053
0.1134
0.0976
0.0982
0.1076
0.1001
0.1017
0.1191
0.1038
0.116
0.1006
0.1011
0.1015
0.112
0.0997
0.1154
0.0996
0.1023
0.1151
0.113
0.1048
0.1185
0.1044
0.1019
0.1279
0.0999
0.1033
0.1216
0.101
0.1025
0.1224
0.1315
0.1163
0.1316
0.117
0.1119
0.1069
0.1052
0.1308
0.116
0.0989
0.1117
0.1213
0.1021
0.1033
0.1215
0.1017
0.0996
0.1309
0.1009
0.101
0.104
0.1272
0.1057
0.1035
0.1197
0.1043
0.1225
0.1066
0.2857
0.1096
0.1334
0.1196
0.118
0.1046
0.1058
0.1037
0.1051
0.1001
0.1075
0.1012
0.1055
0.1019
0.1017
0.106
0.0993
0.1066
0.1013
0.1004
0.1004
0.1245
0.1015
0.1004
0.103
0.1074
0.157
0.1037
0.1109
0.1065
0.1025
0.1018
0.1285
0.0998
0.1215
0.1014
0.0992
0.1055
0.1062
0.1046
0.101
0.1002
0.1251
0.1029
0.1017
0.1157
0.1054
0.1087
0.1042
0.1019
0.1053
0.1004
0.1003
0.1007
0.1048
0.1146
0.1057
0.1058
0.103
0.1128
0.1017
0.1085
0.1303
0.1221
0.1232
0.1142
0.1062
0.1031
0.1008
0.1033
0.1285
0.1359
0.1157
0.1027
0.1058
0.1074
0.1018
0.1156
0.1042
0.1006
0.1046
0.102
0.103
0.1022
0.1031
0.1028
0.1287
0.1
0.101
0.106
0.1123
0.1023
0.1082
0.1158
0.1197
0.1031
0.1039
0.1167
0.1032
0.1029
0.1042
0.1021
0.1252
0.1021
0.0994
0.1027
0.1251
0.1012
0.0986
0.117
0.1001
0.1034
0.1003
0.1022
0.1062
0.102
0.107
0.1124
0.1012
0.103
0.1012
0.1021
0.1001
0.1009
0.1262
0.1037
0.1045
0.121
0.1269
0.1178
0.1268
0.1016
0.1064
0.1017
0.1318
0.1097
0.1046
0.1129
0.1068
0.1613
0.1016
0.1004
0.1008
0.1073
0.1037
0.1075
0.1312
0.0995
0.1154
0.1104
0.1234
0.111
0.1027
0.1115
0.1095
0.1022
0.1207
0.101
0.1233
0.1284
0.1016
0.1221
0.1158
0.1127
0.1041
0.1004
0.1149
0.1037
0.1007
0.1044
0.103
0.1021
0.1308
0.1039
0.1035
0.1011
0.1013
0.0993
0.1114
0.1001
0.1015
0.1229
0.1004
0.1009
0.1262
0.1005
0.1021
0.1088
0.1131
0.1061
0.1232
0.1087
0.0991
0.0983
0.1063
0.1022
0.0985
0.1291
0.1025
0.1039
0.1148
0.1111
0.1001
0.1008
0.1009
0.1292
0.0988
0.1178
0.1036
0.1023
0.1007
0.1073
0.1256
0.1002
0.1011
0.1196
0.105
0.125
0.1027
0.1014
0.0993
0.1018
0.1007
0.1004
0.1022
0.1008
0.1022
0.1026
0.103
0.1038
0.1046
0.1034
0.108
0.1047
0.0999
0.1151
0.0998
0.0988
0.1133
0.1045
0.0996
0.1034
0.0996
0.1151
0.1073
0.1049
0.1027
0.1049
0.1024
0.1009
0.1154
0.1003
0.1027
0.101
0.0999
0.0998
0.0991
0.1239
0.1276
0.1172
0.0998
0.099
0.1129
0.1014
0.1051
0.1167
0.1169
0.101
0.0984
0.1206
0.1189
0.1269
0.1022
0.1231
0.1078
0.1108
0.1158
0.1039
0.0993
0.1128
0.1308
0.1157
0.1103
0.0996
0.1273
0.1065
0.103
0.1142
0.0998
0.1008
0.1022
0.1022
0.1016
0.1036
0.1044
0.1269
0.1121
0.1047
0.1018
0.1151
0.1019
0.1245
0.1219
0.1096
0.1067
0.1036
0.1185
0.1004
0.1021
0.1205
0.1227
0.1294
0.1116
0.1045
0.1142
0.1019
0.1332
0.104
0.1002
0.1002
0.1034
0.1125
0.1032
0.109
0.1214
0.1
0.1055
0.1037
0.1153
0.1059
0.1118
0.1151
0.1023
0.0986
0.106
0.1065
0.1108
0.1001
0.1017
0.1019
0.1036
0.101
0.1072
0.1235
0.1035
0.1314
0.1067
0.1266
0.1296
0.102
0.1031
0.1032
0.1168
0.1165
0.1038
0.1017
0.1024
0.108
0.1019
0.1028
0.1317
0.1205
0.0998
0.1099
0.1031
0.1041
0.1074
0.1137
0.1027
0.1037
0.1271
0.1286
0.1075
0.1127
0.1044
0.1068
0.0997
0.1032
0.1064
0.1118
0.1145
0.1024
0.1091
0.1026
0.1198
0.1031
0.1066
0.1008
0.1023
0.1045
0.1034
0.1031
0.1007
0.1043
0.1185
0.1202
0.0981
0.1185
0.1022
0.1167
0.1199
0.1208
0.1045
0.1058
0.1191
0.1284
0.1018
0.1102
0.1031
0.1057
0.1117
0.1054
0.1133
0.1271
0.1027
0.1042
0.1039
0.1022
0.1151
0.0993
0.1071
0.1291
0.1054
0.1036
0.1177
0.103
0.1238
0.1059
0.108
0.1024
0.1026
0.1149
0.1094
0.1223
0.111
0.1054
0.1288
0.1001
0.1247
0.1079
0.1034
0.0986
0.1255
0.1432
0.102
0.1229
0.1101
0.1101
0.1054
0.1164
0.104
0.1171
0.1215
0.1011
0.1003
0.0977
0.1226
0.1152
0.1184
0.1036
0.1027
0.131
0.1021
0.1037
0.1187
0.1047
0.1075
0.1025
0.1013
0.1013
0.1336
0.1003
0.1101
0.1025
0.1075
0.1148
0.1048
0.1058
0.1013
0.1051
0.118
0.12
0.1107
0.099
0.1065
0.1033
0.1232
0.1022
0.1045
0.1159
0.1137
0.1191
0.1026
0.1293
0.1057
0.1025
0.104
0.1019
0.1123
0.1043
0.1033
0.1208
0.1313
0.1022
0.1004
0.106
0.1032
0.1055
0.1199
0.1002
0.1021
0.104
0.1039
0.1014
0.1282
0.1278
0.1003
0.1108
0.1168
0.1043
0.1144
0.0996
0.1335
0.1147
0.115
0.1296
0.1241
0.0995
0.1008
0.102
0.1022
0.1105
0.1183
0.1399
0.1232
0.1013
0.1967
0.1013
0.1053
0.1326
0.1227
0.1063
0.1015
0.1151
0.1023
0.1051
0.099
0.1075
0.1053
0.1043
0.1228
0.1293
0.1011
0.1038
0.1016
0.1081
0.119
0.1047
0.1216
0.0991
0.1
0.1049
0.1134
0.1068
0.1273
0.1016
0.1029
0.1008
0.1013
0.1162
0.1133
0.1007
0.1121
0.1106
0.1261
0.103
0.1029
0.103
0.1029
0.11
0.1253
0.1002
0.1046
0.1034
0.1098
0.1012
0.1107
0.1136
0.1159
0.1322
0.1159
0.1018
0.1143
0.0996
0.1005
0.0997
0.115
0.1134
0.1008
0.1075
0.1158
0.1277
0.119
0.1106
0.1016
0.1139
0.1123
0.1052
0.1119
0.1026
0.1045
0.1013
0.1029
0.1051
0.1319
0.1098
0.1042
0.1037
0.1027
0.0995
0.1116
0.1219
0.117
0.105
0.1204
0.1236
0.1039
0.1093
0.1033
0.1032
0.1087
0.1116
0.126
0.1235
0.1289
0.1294
0.1207
0.102
0.1022
0.1047
0.1045
0.0999
0.1036
0.1223
0.1022
0.1153
0.1041
0.1026
0.1228
0.1054
0.1003
0.1017
0.1181
0.1024
0.1039
0.117
0.1086
0.1007
0.1056
0.1198
0.1047
0.102
0.1015
0.1043
0.1088
0.1114
0.1052
0.1073
0.1099
0.1208
0.1022
0.0983
0.1023
0.1225
0.1078
0.1037
0.109
0.1015
0.1128
0.1067
0.1028
0.1054
0.1017
0.1274
0.115
0.1068
0.1198
0.1081
0.1209
0.1188
0.1259
0.1035
0.1016
0.1038
0.1028
0.1048
0.1278
0.1008
0.1002
0.119
0.1106
0.1026
0.1019
0.1017
0.1233
0.1021
0.1009
0.1022
0.1221
0.1021
0.1252
0.105
0.1004
0.1005
0.1202
0.1046
0.1118
0.1055
0.1226
0.1183
0.1043
0.1247
0.1207
0.101
0.1062
0.1085
0.1066
0.1006
0.1032
0.1214
0.1109
0.1016
0.1126
0.103
0.1152
0.1072
0.1037
0.0995
0.1013
0.1051
0.1009
0.1004
0.1248
0.1282
0.1317
0.1093
0.1022
0.1004
0.1026
0.1099
0.1035
0.1047
0.1101
0.1099
0.1175
0.1267
0.1226
0.1016
0.1285
0.1028
0.1027
0.0978
0.105
0.1008
0.1072
0.1175
0.1078
0.1144
0.1187
0.1024
0.1045
0.1105
0.1238
0.0994
0.0998
0.1031
0.1067
0.1022
0.1012
0.1025
0.1219
0.1043
0.1029
0.1038
0.0998
0.1032
0.1019
0.1026
0.1048
0.108
0.1029
0.115
0.1045
0.1026
0.1017
0.1032
0.1042
0.1013
0.1001
0.1015
0.1031
0.1003
0.1009
0.1036
0.1025
0.1003
0.0983
0.1077
0.1035
0.099
0.1018
0.1049
0.1022
0.1043
0.1013
0.1013
0.104
0.1006
0.0998
0.0985
0.1014
0.0989
0.1063
0.1
0.1032
0.1022
0.1047
0.1038
0.1045
0.1035
0.1018
0.1056
0.1008
0.1034
0.1008
0.1165
0.1016
0.106
0.1013
0.1056
0.1037
0.0999
0.1017
0.0979
0.1058
0.1045
0.1008
0.1042
0.0972
0.1004
0.1014
0.1031
0.1008
0.1024
0.1064
0.1011
0.1043
0.1158
0.1007
0.1028
0.1027
0.1061
0.0988
0.122
0.1321
0.1033
0.1032
0.1003
0.1003
0.0992
0.1026
0.1021
0.1037
0.102
0.0981
0.1043
0.1008
0.1036
0.1016
0.1012
0.1025
0.1022
0.0992
0.1005
0.1017
0.1017
0.1019
0.1008
0.1007
0.1023
0.1022
0.1012
0.1034
0.1026
0.1018
0.1042
0.1041
0.1023
0.1052
0.1036
0.102
0.0997
0.1026
0.105
0.1041
0.1006
0.106
0.1008
0.1015
0.0991
0.1008
0.1062
0.1009
0.0997
0.1042
0.0978
0.1009
0.1036
0.1015
0.1079
0.1056
0.1031
0.0988
0.1032
0.0995
0.1046
0.0993
0.1017
0.1011
0.1006
0.1019
0.1032
0.102
0.1066
0.1008
0.1024
0.1002
0.1013
0.1043
0.1022
0.105
0.0989
0.106
0.1309
0.1008
0.1048
0.0987
0.1004
0.1011
0.1026
0.1001
0.1004
0.1049
0.1023
0.1027
0.1001
0.1043
0.1033
0.1161
0.103
0.1016
0.1024
0.102
0.1013
0.1037
0.1063
0.1046
0.1009
0.0994
0.1036
0.1049
0.0997
0.1013
0.1012
0.1002
0.102
0.1059
0.1018
0.1129
0.1154
0.1014
0.1015
0.103
0.101
0.1026
0.099
0.0997
0.1055
0.1021
0.101
0.1066
0.1005
0.1037
0.1038
0.136
0.1015
0.1018
0.1038
0.1016
0.1004
0.0988
0.1013
0.1003
0.1036
0.1021
0.1002
0.1034
0.0996
0.1177
0.1027
0.102
0.1018
0.1004
0.1031
0.1053
0.1001
0.1017
0.1004
0.1006
0.1018
0.1007
0.1004
0.1027
0.099
0.0992
0.1004
0.1007
0.1013
0.1038
0.1044
0.1007
0.1034
0.1027
0.1004
0.0992
0.0996
0.1031
0.1009
0.1026
0.1017
0.101
0.1019
0.1038
0.1005
0.1007
0.103
0.1052
0.1414
0.1014
0.1001
0.1046
0.0982
0.1054
0.1015
0.0999
0.1045
0.1005
0.1077
0.1023
0.1024
0.1165
0.1057
0.1011
0.1025
0.1032
0.104
0.1025
0.103
0.1105
0.0996
0.1024
0.0997
0.0995
0.114
0.1016
0.1002
0.0998
0.1003
0.1074
0.0997
0.1046
0.1049
0.1032
0.0995
0.0986
0.1024
0.0989
0.1016
0.1027
0.1022
0.0998
0.1026
0.0992
0.1009
0.1105
0.1017
0.1045
0.0981
0.1039
0.1028
0.0998
0.136
0.105
0.1039
0.103
0.1016
0.0995
0.1015
0.1058
0.0998
0.1038
0.1161
0.1024
0.0994
0.1047
0.1025
0.1012
0.0998
0.1007
0.0994
0.1024
0.1036
0.1029
0.1012
0.1044
0.1021
0.1041
0.1019
0.1038
0.1017
0.0994
0.1039
0.0987
0.1009
0.1058
0.1008
0.1004
0.129
0.1037
0.1029
0.0988
0.1043
0.1055
0.1014
0.1023
0.1036
0.1027
0.1178
0.1013
0.1038
0.1228
0.103
0.1012
0.1034
0.1031
0.106
0.1313
0.0992
0.1
0.1158
0.1039
0.1021
0.0997
0.0999
0.1012
0.0997
0.0991
0.1007
0.1004
0.1037
0.1006
0.0998
0.1018
0.1013
0.101
0.1002
0.1001
0.1043
0.1056
0.1006
0.1039
0.1019
0.1018
0.1065
0.1038
0.1004
0.0997
0.0994
0.1023
0.1009
0.1012
0.1016
0.1035
0.1035
0.0996
0.1033
0.1034
0.102
0.0997
0.105
0.104
0.1007
0.1001
0.1006
0.0999
0.0997
0.1013
0.1005
0.1419
0.1003
0.1024
0.1029
0.104
0.1042
0.102
0.1017
0.1051
0.1413
0.1022
0.1049
0.102
0.1029
0.1004
0.1024
0.1004
0.102
0.0993
0.1205
0.1007
0.1136
0.1065
0.1025
0.1011
0.1131
0.0996
0.1017
0.1005
0.1004
0.1001
0.1079
0.1049
0.1013
0.1048
0.103
0.1027
0.1014
0.102
0.1021
0.1007
0.101
0.1006
0.0991
0.1007
0.1025
0.1005
0.102
0.1076
0.1
0.1009
0.1052
0.1023
0.1005
0.1015
0.1029
0.101
0.1044
0.0999
0.102
0.1009
0.1003
0.1018
0.1038
0.0997
0.1082
0.0998
0.0985
0.1027
0.1009
0.1038
0.1043
0.0987
0.1049
0.0994
0.1026
0.1018
0.1008
0.1022
0.1029
0.1001
0.0998
0.1343
0.1029
0.1059
0.1008
0.1009
0.1005
0.1032
0.1044
0.1008
0.1008
0.1019
0.0984
0.1012
0.1035
0.0989
0.1037
0.1003
0.1008
0.1004
0.1008
0.1035
0.1043
0.1127
0.1019
0.1084
0.1236
0.1016
0.1036
0.0991
0.0996
0.1066
0.1055
0.1022
0.1026
0.0979
0.1015
0.1002
0.1054
0.1033
0.1027
0.1013
0.0987
0.1072
0.1026
0.0993
0.1018
0.1023
0.1071
0.1019
0.1047
0.1005
0.1011
0.1034
0.1025
0.101
0.1021
0.1037
0.1045
0.1002
0.1031
0.1019
0.1028
0.1069
0.1034
0.124
0.113
0.1022
0.0999
0.1013
0.1016
0.1084
0.1021
0.1013
0.0997
0.1071
0.1
0.1033
0.101
0.0984
0.1063
0.1012
0.1041
0.1062
0.102
0.1
0.1087
0.1014
0.1012
0.1044
0.1035
0.105
0.1005
0.1005
0.1009
0.0992
0.1024
0.1028
0.0984
0.1004
0.1052
0.1036
0.1001
0.1026
0.1017
0.1009
0.1017
0.0999
0.1001
0.1015
0.1026
0.101
0.1006
0.1067
0.102
0.1033
0.1031
0.1029
0.0998
0.104
0.1022
0.1552
0.0977
0.1443
0.1016
0.1022
0.1029
0.1014
0.1044
0.1021
0.1051
0.112
0.0994
0.1006
0.0994
0.1037
0.1032
0.0992
0.1063
0.1049
0.1001
0.1012
0.1014
0.1008
0.1045
0.1009
0.1043
0.1007
0.1042
0.1021
0.1009
0.1036
0.1036
0.1004
0.0999
0.1016
0.1
0.0995
0.1002
0.1021
0.1023
0.1018
0.099
0.1017
0.12
0.0998
0.1064
0.1051
0.0999
0.1034
0.1025
0.1001
0.101
0.1048
0.102
0.1047
0.0985
0.1026
0.1005
0.1052
0.1038
0.1022
0.1042
0.1011
0.1069
0.1021
0.1175
0.1002
0.1025
0.1031
0.1042
0.0989
0.0997
0.0987
0.13
0.1051
0.1002
0.1
0.1003
0.1021
0.1212
0.1091
0.1068
0.1023
0.1004
0.1013
0.1013
0.1021
0.1082
0.103
0.1012
0.1019
0.1022
0.1039
0.0992
0.1032
0.1102
0.1042
0.1029
0.0994
0.1065
0.1016
0.102
0.1025
0.1064
0.1031
0.1021
0.1049
0.1048
0.102
0.1032
0.1034
0.1008
0.1094
0.1042
0.1039
0.1187
0.0995
0.1233
0.1023
0.1026
0.1001
0.1039
0.1056
0.1028
0.1005
0.1026
0.1012
0.1083
0.0989
0.0995
0.1165
0.1017
0.1
0.1036
0.1012
0.0986
0.1048
0.0987
0.0978
0.1005
0.1057
0.1019
0.1002
0.1038
0.0989
0.0998
0.1062
0.1001
0.1036
0.0999
0.0999
0.1028
0.1026
0.102
0.1052
0.1047
0.1009
0.1067
0.1084
0.0994
0.103
0.1027
0.1038
0.116
0.0991
0.1049
0.104
0.1014
0.1047
0.1041
0.1012
0.1021
0.103
0.0983
0.1036
0.105
0.0986
0.1012
0.1022
0.1034
0.099
0.1004
0.0997
0.0995
0.1012
0.1012
0.1013
0.0995
0.1042
0.1
0.0997
0.1102
0.1008
0.1029
0.1006
0.103
0.1065
0.1011
0.1006
0.1025
0.1018
0.108
0.1006
0.1009
0.1041
0.1087
0.1026
0.1008
0.1028
0.0999
0.1048
0.0997
0.1015
0.0998
0.0983
0.1001
0.1002
0.1019
0.1031
0.1047
0.0993
0.103
0.1018
0.1004
0.1043
0.1012
0.1077
0.1007
0.1011
0.0992
0.104
0.1002
0.1023
0.1036
0.099
0.1052
0.105
0.1077
0.1046
0.1009
0.0999
0.0996
0.1017
0.1048
0.1007
0.1009
0.1004
0.1046
0.1061
0.0988
0.1005
0.1008
0.1085
0.0997
0.104
0.1004
0.1209
0.1045
0.1025
0.1326
0.1001
0.1014
0.1
0.0993
0.1001
0.1012
0.1025
0.1114
0.1006
0.0978
0.1015
0.1013
0.1057
0.1023
0.1152
0.1032
0.1024
0.1004
0.1078
0.1017
0.1014
0.1105
0.1039
0.0986
0.1005
0.1038
0.0994
0.0997
0.1028
0.1203
0.1016
0.101
0.1366
0.1028
0.1011
0.1049
0.0991
0.1034
0.1016
0.0986
0.1012
0.1053
0.1015
0.1019
0.0997
0.1041
0.1008
0.1024
0.1112
0.1008
0.1006
0.0993
0.1028
0.0998
0.1015
0.1008
0.1012
0.1077
0.1042
0.0987
0.1187
0.0994
0.1044
0.1019
0.103
0.1011
0.1007
0.0995
0.103
0.099
0.102
0.1037
0.1232
0.1018
0.0998
0.1031
0.1012
0.0996
0.1042
0.11
0.1042
0.1075
0.0988
0.1018
0.1011
0.1054
0.1012
0.1159
0.098
0.0996
0.1012
0.1008
0.1034
0.1189
0.1127
0.1035
0.0997
0.1005
0.1066
0.1015
0.1004
0.0999
0.1031
0.1035
0.1
0.0997
0.1019
0.0994
0.0996
0.1008
0.1004
0.103
0.1009
0.1014
0.1008
0.0992
0.1009
0.0997
0.1017
0.1031
0.103
0.1011
0.0999
0.1032
0.1284
0.1176
0.1008
0.1016
0.1038
0.102
0.1011
0.1023
0.1049
0.0991
0.1032
0.0988
0.1043
0.1049
0.1052
0.1001
0.1038
0.1012
0.1044
0.1019
0.1004
0.114
0.1037
0.1346
0.104
0.1061
0.1033
0.1012
0.104
0.106
0.1015
0.1021
0.1025
0.1006
0.1001
0.1034
0.1011
0.1014
0.1019
0.0991
0.1051
0.1071
0.1028
0.1057
0.103
0.1015
0.1034
0.1002
0.1004
0.0983
0.1172
0.101
0.1012
0.0975
0.0997
0.1043
0.1268
0.1024
0.1018
0.0991
0.1025
0.1102
0.1009
0.0975
0.1196
0.0999
0.0998
0.1083
0.1001
0.1
0.098
0.1021
0.1059
0.1058
0.098
0.1015
0.1002
0.1058
0.1014
0.0995
0.103
0.1028
0.1022
0.1035
0.101
0.1003
0.102
0.1025
0.1033
0.1049
0.1002
0.1009
0.1005
0.104
0.098
0.1015
0.1025
0.1175
0.1042
0.1144
0.099
0.0994
0.1003
0.1015
0.1006
0.1159
0.1038
0.1014
0.1005
0.1024
0.1029
0.1045
0.0997
0.102
0.0995
0.0984
0.1023
0.1173
0.1041
0.1038
0.1034
0.1052
0.1048
0.104
0.1064
0.1042
0.101
0.1061
0.1053
0.1043
0.1056
0.1019
0.1038
0.0982
0.1004
0.1031
0.1
0.1017
0.1082
0.1046
0.1073
0.1019
0.1027
0.1004
0.1156
0.1014
0.1065
0.1022
0.0998
0.1048
0.102
0.1012
0.1034
0.1016
0.1027
0.0993
0.1014
0.1003
0.1
0.1016
0.105
0.1019
0.1012
0.1007
0.1034
0.1021
0.1022
0.0988
0.1012
0.1
0.1013
0.106
0.0991
0.1083
0.1033
0.101
0.1016
0.0984
0.1018
0.1048
0.0991
0.0994
0.1161
0.1022
0.0995
0.1027
0.0997
0.1023
0.1004
0.1036
0.1219
0.1009
0.1012
0.1016
0.1037
0.1029
0.1054
0.1029
0.1
0.1003
0.1011
0.1031
0.1038
0.0999
0.0987
0.1027
0.1035
0.1011
0.1046
0.1045
0.1039
0.1012
0.0999
0.1092
0.0995
0.1023
0.1008
0.1011
0.1034
0.1023
0.1033
0.1019
0.1023
0.0996
0.1014
0.0998
0.1029
0.101
0.1048
0.1029
0.1001
0.104
0.1054
0.1057
0.1064
0.104
0.0983
0.0996
0.1005
0.1019
0.121
0.1015
0.1018
0.1006
0.1017
0.0989
0.1022
0.1029
0.1
0.1006
0.1013
0.1028
0.1024
0.1023
0.0989
0.1056
0.1007
0.0993
0.1018
0.0994
0.0992
0.1088
0.1022
0.1035
0.1073
0.1009
0.1006
0.1013
0.1198
0.1021
0.0991
0.1054
0.1018
0.102
0.1046
0.102
0.1033
0.1028
0.1011
0.1152
0.1022
0.1016
0.1006
0.1012
0.113
0.102
0.1213
0.1
0.1033
0.1075
0.1062
0.1023
0.1023
0.1276
0.1067
0.101
0.1027
0.1012
0.0999
0.098
0.1011
0.0987
0.104
0.1065
0.1038
0.1053
0.1168
0.1008
0.1034
0.1014
0.1018
0.1005
0.0993
0.1
0.0992
0.1022
0.1055
0.1056
0.1061
0.1024
0.0996
0.1065
0.106
0.0983
0.1081
0.1038
0.1001
0.1009
0.1012
0.1029
0.1007
0.1001
0.1067
0.1001
0.0999
0.1194
0.1041
0.104
0.0998
0.1093
0.1022
0.1259
0.1039
0.1023
0.1035
0.1038
0.1045
0.1007
0.1038
0.1008
0.1002
0.1022
0.1019
0.1109
0.1009
0.1067
0.1193
0.1004
0.1012
0.1022
0.1023
0.1032
0.1005
0.1015
0.1025
0.1032
0.1086
0.1042
0.0983
0.102
0.1003
0.1026
0.1014
0.1013
0.1037
0.107
0.1029
0.1
0.1043
0.1277
0.1047
0.1017
0.0995
0.1004
0.1202
0.1026
0.101
0.1044
0.0984
0.1009
0.106
0.1015
0.1042
0.1036
0.1039
0.0996
0.0995
0.1028
0.1017
0.1028
0.1007
0.102
0.1036
0.1016
0.1034
0.1018
0.102
0.1158
0.1035
