Timp in Milisecunde
131.243
11.4207
82.3537
43.4074
9.5831
408.009
40.3025
251.343
3.2528
2.8485
266.282
9.6443
12.4494
355.681
121.136
450.486
50.4878
274.655
113.691
1.846
14.2778
454.317
25.6886
174.904
20.6562
4.2473
66.9782
426.484
41.2897
426.236
94.3759
58.3827
135.011
0.2042
390.902
496.183
342.533
118.869
115.431
413.64
140.776
2.2092
584.626
281.846
20.4715
570.331
103.001
77.3077
143.734
1.2479
8.5372
466.837
150.704
239.702
5.8742
0.212
94.8636
73.2352
85.1492
38.9662
421.519
84.9093
362.662
14.5001
29.5798
183.018
294.155
96.1053
215.391
26.995
13.5822
90.1169
488.099
0.0254
22.8424
304.638
398.134
540.08
69.944
368.723
80.0443
276.359
250.635
0.49
6.1552
6.1427
60.6506
504.347
0.2889
207.804
322.21
233.847
6.4849
36.3815
109.319
0.0805
403.859
243.581
391.181
185.357
8.6137
21.2719
198.332
39.8948
72.5112
521.11
471.063
12.0242
52.9985
501.982
477.764
360.641
243.332
453.697
3.3454
229.546
277.325
484.828
522.107
8.8005
226.723
98.5399
61.0437
58.5354
122.484
189.959
1.4797
3.3989
3.5066
542.123
0.7782
83.1515
99.7399
3.8881
38.8553
367.484
206.422
252.179
78.5505
220.696
30.3569
471.814
36.5226
508.916
30.9894
70.7987
490.265
509.368
21.2641
186.65
291.022
187.251
110.585
42.3461
171.162
393.715
161.156
104.578
135.697
15.9582
478.431
406.948
550.267
78.3561
9.6607
153.497
437.025
1.5309
341.836
378.964
40.3791
56.7654
0.0197
45.5125
83.9261
436.903
10.6119
264.477
169.449
371.045
446.839
236.006
293.025
224.276
7.4431
21.4524
0.9123
31.1471
133.368
1.4189
44.1588
484.573
282.597
41.3345
38.7334
6.8216
533.655
203.323
47.2812
259.81
268.256
124.589
62.2546
67.2967
2.6899
391.901
320.029
200.9
217.422
319.95
97.9566
281.201
85.392
0.0024
35.5729
535.788
78.0926
93.6112
220.585
147.579
97.8987
73.2928
0.1641
58.5738
43.53
144.675
126.117
525.13
477.095
96.9993
124.265
2.1422
0.6093
100.613
289.75
124.971
60.6115
14.4075
16.1376
145.161
8.4178
90.1558
351.516
71.7369
46.7384
230.568
33.488
231.058
4.7675
529.473
274.987
180.425
449.61
2.0605
277.826
2.4357
361.727
67.2469
385.699
170.784
9.0815
319.056
146.476
195.425
430.915
314.325
513.846
7.6174
338.767
538.763
536.38
1.0606
9.4362
314.346
28.2207
24.8742
133.397
150.857
458.031
208.941
408.25
522.352
97.3756
2.6944
42.7195
369.252
43.4679
70.1336
457.125
9.3016
11.5368
2.5365
31.3034
17.3015
31.2584
116.703
66.8668
267.736
0.7835
99.7666
121.294
501.636
400.059
155.3
519.432
65.8746
58.8724
146.186
35.4307
73.3185
24.1128
185.738
563.769
88.5553
445.151
570.343
77.4564
55.4148
155.033
429.615
244.046
565.443
158.669
133.184
33.5931
167.808
2.9128
255.85
40.3935
498.187
0.0202
395.029
9.5722
56.8885
418.892
319.192
40.6379
524.675
29.6475
146.757
52.3415
217.611
537.303
335.182
0.0338
37.2582
424.6
559.31
157.562
36.6918
152.282
298.928
82.7785
243.477
6.8429
48.0967
271.564
278.999
366.134
268.766
320.047
1.5274
28.1856
96.7732
19.6818
190.132
553.86
406.805
106.609
263.721
411.203
17.7896
49.3442
26.9201
331.361
273.251
123.485
22.3062
118.745
15.0945
71.1782
13.5592
54.5053
330.103
555.359
161.996
5.8736
246.783
327.733
25.9535
134.106
177.052
424.011
493.871
212.338
115.555
93.9357
24.4176
127.52
215.501
0.9418
279.868
300.279
178.342
54.29
291.208
532.979
37.4546
191.485
303.492
178.394
473.162
197.166
273.189
62.5915
366.193
14.8997
9.4357
2.7524
2.6205
29.43
25.6152
0.3515
353.548
306.401
1.5474
35.9564
50.4434
145.203
299.12
23.9422
549.431
278.984
132.226
72.7136
57.3586
66.4366
174.607
73.3519
40.4021
196.65
480.661
5.438
593.404
162.42
354.553
0.405
286.796
120.512
583.454
422.338
208.934
93.894
210.264
0.0025
106.725
0.5397
387.348
372.923
111.734
62.5875
30.0611
189.643
347.307
19.0281
269.837
263.206
72.7261
1.4159
58.5253
194.075
17.8022
159.924
83.3403
33.3712
0.0189
362.143
146.19
11.7381
248.349
258.171
0.9727
288.506
76.1928
479.388
543.757
40.9546
138.703
41.486
2.9834
466.272
88.7503
204.893
404.846
266.402
67.5818
197.335
7.8969
85.5329
7.6057
400.641
192.399
9.8734
0.1222
571.165
0.0058
547.84
0.8403
361.349
47.4101
162.983
198.297
438.992
73.5141
334.655
474.321
0.9738
66.3013
4.1722
501.087
65.8906
357.182
27.819
40.0083
163.813
14.5687
27.4869
6.5611
546.039
170.035
178.746
172.323
146.384
136.201
25.4199
139.327
288.888
117.368
136.023
43.153
223.045
84.3964
48.7209
47.5397
68.167
202.095
316.499
230.413
97.2969
81.2468
116.764
18.5766
553.945
0.6287
205.447
95.0476
397.48
202.612
326.868
449.706
49.6445
7.4473
476.594
335.374
4.9501
192.783
146.294
197.162
463.246
271.048
45.1996
119.129
481.254
3.5718
168.447
1.2754
3.4387
59.946
39.9773
100.7
523.07
87.8498
225.827
290.05
230.472
541.346
39.6323
20.8031
108.879
78.5922
8.4471
157.817
75.6059
243.546
69.6889
139.415
203.593
0.0198
528.398
292.455
331.646
105.702
0.9341
32.8914
164.306
6.5165
210.625
0.4961
0.5426
70.0134
113.058
16.6641
56.1677
212.773
13.6678
0.4764
29.84
232.906
7.6081
11.2179
70.6958
26.482
128.653
145.008
180.712
65.1789
65.7404
85.0587
479.419
215.761
483.232
181.905
375.733
324.443
0.4966
407.015
409.207
22.7359
7.2581
197.397
482.96
125.877
245.171
204.91
27.6408
62.7151
5.8601
344.161
468.522
51.2896
223.124
1.085
323.175
112.126
142.337
280.736
26.1138
318.798
94.2018
195.759
58.3013
69.3418
237.744
1.6196
207.34
127.302
349.24
523.567
38.4787
321.528
95.9607
37.2947
229.59
7.8051
502.847
283.799
496.252
109.553
546.319
572.93
499.57
331.901
525.855
37.3624
297.178
189.391
28.0928
50.3895
0.3462
313.848
526.161
135.778
2.0188
0.152
466.372
53.4033
242.012
83.3593
101.282
172.902
396.946
220.113
11.7581
188.188
64.7407
426.973
109.702
19.9131
303.923
437.184
340.874
320.886
24.3279
426.367
326.83
49.7063
115.818
23.1043
32.2901
206.173
4.406
364.088
102.19
306.207
91.2018
517.251
288.492
175.8
66.738
111.781
212.456
276.945
26.5323
148.987
519.302
366.881
201.231
53.0475
58.8071
1.0883
570.514
105.822
303.303
493.455
501.056
326.539
91.8169
315.666
86.2022
9.3313
37.5329
1.073
212.114
470.747
368.422
126.048
273.788
151.177
201.782
37.3101
37.8291
463.136
570.552
51.5641
197.51
79.9298
41.016
480.893
8.2248
456.912
541.919
46.9457
46.6742
519.995
480.19
539.572
271.917
196.035
533.324
218.891
152.361
175.473
399.255
222.954
415.098
274.953
419.163
80.1884
174.459
141.939
356.803
10.2334
160.708
99.1356
324.958
101.95
548.123
169.733
99.8313
91.5262
0.7429
240.451
449.403
488.026
291.356
52.6512
252.195
1.918
224.753
63.2373
245.865
330.094
27.8373
28.8056
409.194
260.463
280.491
298.474
3.4897
177.072
1.7863
413.686
572.737
46.6291
376.464
12.4315
114.322
51.6632
118.682
292.074
39.4317
23.0115
299.925
519.355
139.85
10.9613
27.8584
399.92
5.4877
69.0569
7.3781
9.187
421.84
38.8649
397.787
402.192
226.588
156.247
16.3574
54.2109
524.128
10.2886
79.1522
24.7436
55.5716
176.278
34.8037
65.705
309.445
249.267
54.4575
337.287
3.2078
49.6738
220.995
29.5879
357.645
327.741
101.597
279.639
307.103
31.1515
112.843
472.939
37.6964
24.5869
185.482
197.977
62.8629
349.151
0.0374
225.688
558.125
201.73
74.2831
68.657
282.14
119.38
50.9403
4.3545
278.76
378.236
0.0215
105.007
509.582
117.551
161.226
404.946
2.1392
401.81
174.149
61.0999
41.1852
14.8678
116.856
1.3473
399.656
245.118
584.738
28.6998
34.8316
568.232
0.5656
255.215
6.5716
179.929
6.3131
46.0421
126.718
67.6163
204.952
42.0201
307.186
574.87
224.291
179.923
262.928
2.0286
537.758
14.7662
213.589
207.654
466.049
425.635
105.454
306.447
60.6161
207.416
229.038
215.845
97.2938
134.375
53.5085
23.3819
0.1803
361.076
237.663
90.3598
61.3702
451.605
24.5181
570.022
214.84
0.2833
90.9836
17.4367
125.501
89.9599
502.145
19.7327
376.19
3.972
8.3211
18.1611
279.792
374.883
400.02
4.0539
140.281
36.9758
0.1109
14.6804
165.418
30.6296
5.3455
6.4932
560.643
544.177
85.6318
0.5425
255.157
425.124
229.176
578.318
186.78
130.121
0.0001
108.983
96.9673
228.977
5.6861
321.23
23.3759
378.397
209.917
268.009
16.8806
16.9154
292.669
382.292
0.4894
306.158
519.362
254.87
184.894
165.737
5.6671
10.652
354.122
122.447
75.7658
82.3435
0.0349
303.493
0.0427
511.777
300.844
23.4701
56.4665
407.664
245.294
0.586
353.994
74.9696
18.5703
7.092
229.196
243.238
83.8423
199.042
416.372
400.669
7.6756
122.67
86.3973
122.719
377.105
454.659
25.1132
234.536
10.8923
6.2895
75.1137
157.902
448.491
7.9232
35.3239
550.338
3.8016
537.807
572.687
17.5289
156.492
232.031
150.415
524.735
280.984
109.71
540.14
4.883
321.484
487.309
194.319
452.337
64.8677
2.5022
25.1309
125.849
2.2778
266.709
45.3708
470.225
64.1674
66.5664
114.97
14.1804
541.408
381.489
176.47
1.5749
33.1635
431.094
22.0694
15.2167
173.376
84.9892
232.139
3.0834
36.5808
289.857
69.9978
39.5206
415.607
55.2554
169.886
71.1974
438.338
265.818
236.457
344.471
0.3787
541.267
327.42
288.599
291.405
263.761
574.335
512.28
99.2913
501.533
474.538
51.0424
52.2097
102.962
36.7361
156.525
298.963
320.271
462.5
400.28
34.4358
34.2215
227.079
231.992
194.716
124.681
450.74
41.4885
11.3869
192.772
115.338
4.7518
257.049
103.96
76.849
2.4605
0.8136
10.6277
91.5706
100.945
0.0402
143.315
13.4644
382.386
583.698
8.6142
5.6127
91.7041
3.165
8.4218
158.687
315.113
44.9978
458.198
180.242
21.3416
569.704
211.568
5.2698
42.9706
451.695
61.6251
409.409
417.607
557.805
380.485
575.924
539.017
529.963
228.583
0.9261
172.286
7.9982
441.099
410.004
20.6196
153.095
182.204
259.67
24.265
50.4696
120.203
4.2652
11.6081
277.015
5.222
80.2633
27.6182
99.0424
11.564
5.4259
91.2953
82.4232
94.5087
53.0912
27.4266
46.8565
127.774
112.759
451.795
6.8604
528.848
108.192
128.637
109.789
60.4972
0.8212
373.484
41.8936
189.685
221.332
405.806
295.161
265.1
55.9752
33.7004
213.493
2.3957
130.076
0.054
64.3012
159.711
0.6202
42.404
146.844
1.9036
521.057
30.9013
0.1417
461.127
362.781
512.699
125.795
338.564
523.901
413.503
528.749
19.3976
251.416
17.831
438.142
203.246
180.886
158.895
69.696
374.893
223.98
26.2841
168.348
233.495
151.517
81.7513
6.8549
101.938
479.207
193.742
176.271
124.369
184.308
76.8657
480.041
398.447
5.961
366.526
432.849
47.9578
228.392
430.565
363.088
424.645
0.4948
557.307
29.0576
0.2501
221.993
297.81
499.723
249.735
73.0945
254.356
259.168
253.658
316.449
5.8521
90.5638
2.0704
9.6931
303.918
30.8226
527.308
223.52
1.2603
165.12
114.022
12.8108
0.2269
173.802
174.367
167.874
280.483
144.99
367.796
568.937
12.4125
443.63
108.98
68.7455
541.799
192.426
176.557
1.8783
366.843
2.1109
80.4954
0.0054
107.106
182.23
236.585
374.715
305.722
2.5874
166.801
232.609
321.618
292.909
107.371
152.082
417.201
506.613
4.2294
152.193
246.535
52.1174
159.995
4.446
114.556
515.568
1.1334
250.887
93.7654
104.47
123.991
138.04
152.868
389.356
430.48
45.1365
316.853
346.244
12.5889
319.69
2.1408
378.753
572.619
44.516
67.4108
498.41
308.71
51.3362
46.5078
586.629
393.621
293.298
292.267
8.3354
485.982
7.973
0.2507
538.614
15.2169
52.8846
158.644
45.2157
7.1515
175.995
185.095
1.5956
565.522
101.982
516.586
40.2801
378.778
149.682
213.123
80.7216
190.057
51.8651
1.1218
48.9908
123.198
226.327
185.028
373.903
467.689
5.405
170.217
199.112
500.354
90.557
225.916
0.1089
344.645
489.443
501.932
0.0455
10.5879
194.855
21.0124
86.7186
239.277
45.9218
15.7613
441.207
453.257
15.2855
489.167
96.0115
163.978
364.089
10.6722
346.265
219.674
87.327
47.3724
14.1408
9.8766
342.949
570.83
199.988
130.064
27.8445
36.8287
148.135
497.476
577.763
70.9103
91.8868
402.824
120.479
487.644
52.9346
196.501
77.5412
40.5035
175.706
172.475
465.761
99.5095
512.936
564.016
276.347
124.033
578.706
233.091
22.5372
56.9789
111.741
297.095
320.806
14.0523
548.811
56.3324
58.6357
113.042
121.102
499.111
18.5448
59.5488
69.0961
53.3852
363.871
544.913
574.059
205.678
479.662
299.153
25.8319
49.0455
0.9758
303.931
22.05
58.7876
246.012
132.794
164.877
91.6833
582.468
108.6
331.315
13.8993
324.078
329.619
337.512
218.861
370.078
0.1293
537.813
298.197
456.368
183.357
228.112
106.2
510.076
494.392
487.018
169.28
277.425
468.952
27.4666
27.1996
253.013
429.749
17.0027
318.171
103.695
399.483
0.6069
157.998
93.471
170.825
20.5141
462.435
260.12
22.1023
145.19
60.2109
353.459
160.044
0.1401
257.223
177.478
255.064
183.436
50.0249
252.103
124.177
156.848
26.3343
17.6916
407.654
1.2534
444.975
417.348
11.6398
7.0659
19.1004
0.3183
112.475
495.355
61.2716
24.669
225.219
100.41
317.504
91.5132
556.365
14.6263
38.9067
50.2274
247.299
436.675
443.859
108.943
16.3896
59.0461
22.1155
350.433
274.463
346.648
71.8363
142.774
390.245
535.096
0.0169
568.098
3.8627
20.0923
200.225
69.3781
394.706
320.323
549.179
239.582
460.147
285.048
82.1878
5.8284
82.5191
451.177
29.8037
381.77
386.075
212.484
13.6248
360.652
298.783
88.1575
9.4193
203.905
2.6132
0.1792
495.184
261.586
21.2747
0.0727
210.29
60.1313
552.892
88.8739
60.1765
19.3336
442.362
495.211
23.0149
55.7477
0.8522
238.345
2.9343
12.8482
490.444
61.6023
137.794
4.4302
1.1929
174.611
13.9488
483.741
204.764
362.398
19.345
109.244
30.9975
480.362
322.728
5.9962
235.713
18.7098
393.266
410.065
11.9735
140.175
202.931
105.38
104.42
287.272
381.858
247.101
67.0886
187.297
509.735
51.4489
51.8444
26.8015
139.515
99.3329
148.845
36.5483
15.6041
511.2
384.999
39.1066
325.037
428.496
447.194
565.932
143.936
85.022
101.208
4.915
6.8895
11.982
219.419
0.3436
80.9162
0.5651
142.938
226.42
271.154
5.1379
287.919
0.3733
438.36
157.433
264.58
18.3248
0.5567
573.169
109.489
126.505
66.7521
96.1949
75.2471
67.2812
286.342
72.0783
387.064
334.932
101.088
167.247
136.698
517.045
522.137
108.411
388.272
16.2099
231.395
44.04
226.654
387.313
10.0471
246.227
213.611
556.964
5.5548
24.8532
162.551
31.7231
335.653
0.2029
548.319
378.946
19.6613
108.189
292.036
52.6606
315.948
232.968
82.7373
476.423
267.674
82.3494
0.4236
28.701
31.9525
466.157
0.011
178.514
175.951
11.8284
29.6023
12.4449
2.8846
126.692
28.0953
236.888
245.074
532.45
85.9371
37.5409
79.1466
32.0614
41.0282
197.024
369.451
437.983
211.602
84.6857
221.566
5.1433
100.663
122.062
503.517
47.0051
7.8339
20.6483
294.96
70.6521
26.7723
37.3401
234.591
176.978
183.072
384.958
108.325
208.786
170.42
34.9747
232.123
9.9021
266.407
46.1834
2.7517
106.847
0.0771
163.125
540.279
1.631
0.1657
1.7953
130.585
329.958
482.918
31.3543
175.819
204.57
72.6526
252.566
498.319
209.272
198.747
554.884
7.0809
150.812
37.4783
13.1107
14.7336
8.6015
223.439
279.135
50.4647
268.18
278.114
80.8895
0.7709
60.0125
0.0106
228.845
332.318
72.4194
83.5859
127.23
476.999
141.499
449.984
535.497
10.1179
274.124
12.4865
545.442
538.821
151.876
12.3501
13.7052
386.995
240.47
422.562
110.411
18.9251
320.497
89.0144
110.789
37.6558
548.936
529.142
469.464
364.872
134.699
460.316
330.738
168.022
395.684
156.44
331.944
373.166
32.6608
50.5254
270.537
122.853
427.425
83.3583
365.445
393.401
9.3113
14.7477
543.38
180.178
126.468
490.086
0.0016
68.4842
280.106
573.391
54.0946
544.749
527.854
8.2683
345.509
24.6153
9.0229
361.347
44.4039
519.734
284.391
295.445
229.368
58.9109
62.8371
311.088
0.1564
248.52
429.652
402.566
63.8907
453.24
93.8589
92.5576
213.073
2.4844
519.744
419.035
311.121
274.539
158.57
209.017
21.5949
426.945
219.872
330.546
497.015
359.703
62.0053
258.148
13.9922
173.93
24.3964
30.7747
20.0804
0.0498
21.7084
75.7172
123.487
148.928
184.257
2.119
52.8981
9.6015
19.0141
123.38
18.321
305.079
408.41
489.157
296.728
134.325
26.5753
66.6504
3.7844
354.767
99.1961
363.325
316.438
146.632
117.065
198.642
144.808
167.998
196.939
49.9888
5.8111
1.2706
163.386
2.9845
0.005
309.317
186.774
405.376
8.8281
394.455
2.7028
508.577
39.1486
295.997
29.5626
30.2887
207.91
158.137
21.7994
13.2714
1.0388
404.341
22.7114
209.289
11.1424
65.2832
58.1992
308.518
18.1658
89.3396
432.668
75.7883
13.9628
212.388
30.5761
267.637
227.934
257.987
285.493
5.8739
6.042
286.32
170.334
12.8395
457.878
171.899
7.3889
33.8096
377.318
16.0462
0.0301
68.5049
