Timp in Milisecunde
100.436
101.231
102.31
100.266
104.508
102.88
102.712
99.9034
103.058
99.6262
100.009
104.246
103.352
104.393
112.542
100.472
100.509
104.154
100.131
99.7738
101.12
100.102
103.55
103.676
102.254
99.9956
101.427
99.5838
102.724
99.7386
99.6428
100.361
99.8088
99.7304
99.7012
99.6925
102.657
99.7204
99.7735
99.6392
99.6053
99.6547
100.124
100.036
100.187
99.8279
99.8625
100.788
99.7774
102.258
101.68
105.467
100.094
102.298
100.814
103.33
99.6947
101.773
120.174
99.699
99.749
100.919
99.6258
103.52
102.985
101.131
99.7145
99.8029
105.238
102.396
104.38
99.86
99.5768
102.952
99.7783
99.8139
100.184
100.084
99.5991
102.586
102.156
102.557
99.6702
99.9928
100.238
99.643
100.101
102.169
100.636
99.625
102.631
101.679
101.708
101.469
100.762
101.216
99.8159
99.7972
99.8499
99.9002
99.7123
100.012
101.85
102.151
99.669
99.817
101.76
101.512
102.55
101.968
102.21
99.984
99.8987
100.942
99.7748
99.7941
99.9683
99.9303
102.477
102.703
99.6541
99.8223
100.717
99.8766
100.668
102.664
99.7846
99.9257
101.675
99.8019
103.604
104.149
100.001
99.928
100.302
100.245
101.323
99.7137
99.6883
104.334
100.124
99.7035
102.281
99.7039
102.182
100.465
103.841
99.8787
100.099
99.6818
102.098
102.262
101.703
101.104
102.251
99.8612
99.6887
99.8577
99.7125
106.98
100.155
100.595
101.042
99.7523
100.1
99.7542
100.21
102.35
102.962
102.115
101.865
101.152
100.691
99.6926
99.9827
100.468
99.7988
99.9878
99.7559
99.8112
99.781
101.704
102.868
102.677
99.6729
99.8205
99.7485
103.756
99.7074
100.285
100.939
99.8266
99.7427
101.223
100.192
100.479
99.8896
99.8274
101.012
101.724
99.6728
99.7218
99.6175
100.626
100.226
100.31
99.6523
101.735
103.093
99.6862
101.399
100.037
99.8133
100.321
101.242
99.7024
101.393
104.65
101.848
101.714
100.001
104.449
99.847
101.538
100.291
102.321
102.355
99.7933
100.274
100.577
99.9371
105.026
100.882
103.489
100.295
101.588
105.589
99.687
100.123
101.184
99.8207
99.6044
103.604
99.6118
102.21
102.438
99.7939
99.6163
99.7116
99.7403
99.7863
103.835
99.9371
100.665
101.944
99.7263
99.8781
99.6211
100.799
99.7697
102.365
102.118
101.784
99.7559
99.6811
100.942
99.6514
99.7075
103.481
99.8693
99.7564
99.6178
99.7831
103.824
99.9315
99.6483
99.7781
100.1
100.602
103.681
102.382
99.6562
99.858
100.026
99.816
105.921
100.982
100.751
100.239
99.7696
102.9
99.8712
103.236
104.907
99.6334
101.97
99.7003
99.8334
99.6081
99.8232
104.118
101.862
102.657
103.37
100.427
99.9695
99.8958
100.137
99.67
99.6772
99.8583
100.666
99.729
101.982
99.6071
105.975
99.916
101.335
99.8524
99.6526
101.308
99.73
107.488
99.6783
99.664
100.397
99.791
100.544
100.921
103.201
99.9309
99.7132
99.8038
99.8156
99.8997
101.973
99.7366
101.873
99.6273
99.6598
101.581
99.9602
99.7893
100.19
101.714
99.637
99.8137
100.039
102.762
102.235
100.347
100.169
100.173
99.82
100.441
100.908
100.684
102.663
99.7106
102.538
99.7244
100.054
103.136
99.8757
99.9063
100.645
102.985
99.772
99.6519
99.733
100.243
101.44
100.477
100.194
99.6655
101.388
100.904
100.522
99.8358
99.7001
99.7619
99.6449
101.074
99.8986
101.945
101.481
103.598
99.6144
99.7526
99.6796
100.434
101.978
100.163
100.235
99.7609
101.142
99.6601
101.451
99.7905
99.727
108.179
99.7923
101.993
99.6185
103.08
103.016
99.6506
101.01
100.201
101.235
102.855
99.6747
99.7121
99.8408
99.8006
103.548
100.834
103.285
99.7584
99.6155
100.206
99.9094
103.595
101.788
101.033
100.36
100.823
99.6807
103.154
103.992
99.8902
99.7774
102.121
99.6725
99.7379
100.193
101.894
100.97
100.206
100.113
103.237
100.92
100.546
99.7926
99.7652
100.241
99.9288
99.9919
100.837
100.241
102.711
101.449
100.521
99.644
100.21
99.6305
99.7692
99.8996
99.8729
99.8245
100.673
99.6878
101.522
99.6102
99.8831
99.7136
101.073
105.01
99.6396
99.6708
104.702
102.055
99.8628
100.817
105.266
101.18
99.6656
102.458
99.6259
99.703
99.7367
101.214
99.8991
99.6785
99.8282
101.061
102.584
100.747
100.793
99.8117
101.834
102.111
99.7815
100.288
99.6915
99.6451
99.8311
99.7508
99.6527
99.5569
99.8259
99.8022
101.904
99.7452
100.239
99.9439
100.77
99.9459
99.7403
103.151
100.358
99.7309
99.646
99.9005
99.6988
100.143
99.6827
99.6494
100.332
99.7801
100.392
99.8629
100.267
99.9007
101.404
100.546
101.626
99.8533
101.648
103.051
99.7385
102.719
99.8882
100.581
101.441
103.489
100.218
100.737
99.7254
104.225
101.11
99.9474
99.7689
99.6682
99.6846
99.8745
100.929
99.9796
99.9035
99.5832
102.84
99.765
101.742
100.074
99.7755
102.079
103.905
100.253
99.8708
99.7746
100.404
99.5876
99.6538
100.978
101.289
104.365
102.005
99.7245
99.6308
102.803
99.9724
99.9104
100.036
103.343
99.8078
101.192
102.014
102.292
99.9502
103
100.288
99.9346
100.795
99.8772
100.406
101.366
101.181
101.482
100.264
99.7749
101.6
102.846
106.35
102.692
99.7001
99.6117
101.913
100.695
103.526
104.956
101.648
101.486
102.812
101.617
101.723
102.843
99.8571
102.288
99.691
99.643
99.6495
99.643
99.9113
99.7084
102.213
99.9565
99.8025
99.6791
100.124
99.6717
101.185
101.706
102.581
100.464
99.7702
101.221
99.6288
99.8982
103.872
99.99
99.8423
99.6599
99.8804
99.8516
104.219
101.327
99.7416
100.035
100.034
99.6189
99.7716
99.7386
99.6203
102.213
100.813
99.9035
101.861
100.65
99.7681
99.8386
101.812
101.67
99.6706
99.6455
99.6914
100.308
101.645
100.075
106.505
100.655
104.685
104.504
101.985
102.129
99.7277
99.8364
100.772
99.6735
99.8159
100.39
99.6068
99.691
99.5628
99.6594
101.841
99.6464
100.813
110.786
100.692
104.388
102.958
102.432
99.7186
99.7797
100.097
100.418
101.271
100.728
103.06
99.9244
101.921
99.7422
99.9383
102.064
99.9088
105.486
100.657
100.128
99.7425
106.478
100.44
99.7484
99.648
105.088
99.6797
99.8755
100.245
99.6911
102.66
99.7883
101.708
99.9883
100.516
101.518
99.6463
100.603
101.967
99.8002
101.102
101.398
99.9062
103.021
99.7588
99.6948
103.404
101.359
100.982
99.7965
101.514
99.8397
99.7783
99.6458
99.8237
103.38
99.765
100.336
100.672
99.7099
101.537
102.401
99.9198
99.6753
100.097
100.261
99.6907
99.6043
109.891
99.9726
99.6013
99.8036
99.6284
99.6661
99.681
102.123
100.644
99.8372
99.7371
106.871
99.6518
100.245
99.665
104.287
100.955
99.7683
99.6016
100.198
100.835
103.992
100.044
99.7341
101.071
100.964
102.91
102.184
104.065
102.869
100.07
100.134
100.883
100.225
99.6097
99.6525
99.4501
101.701
100.158
104.47
101.33
99.5503
100.9
99.8599
99.6277
99.6114
99.5338
101.675
99.512
99.4908
101.21
99.5201
102.068
99.477
100.425
99.5796
101.404
99.6759
102.36
99.6233
102.202
99.5428
100.641
99.5513
99.4715
99.4658
101.464
99.4864
101.416
99.4515
102.494
100.793
99.6395
99.6915
99.7153
99.515
99.7063
100.495
99.5299
99.6236
99.5234
100.667
99.4875
100.042
101.096
99.5587
99.5263
101.993
101.776
99.4987
101.798
100.418
101.004
99.6977
101.636
100.968
103.67
101.596
101.016
102.244
99.7274
102.498
99.479
100.732
99.544
101.156
99.6426
99.5869
99.5012
99.5505
99.5238
99.6519
99.5418
99.5449
99.547
102.663
99.9518
99.4831
102.428
100.844
99.4679
101.859
101.685
99.939
99.7769
101.224
100.574
100.749
102.485
105.743
102.472
100.36
100.767
100.992
99.7422
99.9805
100.694
99.4505
100.524
100.95
99.5563
99.5532
100.891
99.6203
99.5718
100.406
99.542
99.5895
102.016
99.4892
102.505
100.919
101.05
99.793
101.217
99.7578
99.5306
99.99
100.853
99.5777
99.5728
99.5008
99.6219
101.278
99.518
102.256
99.6871
99.6988
99.4601
102.402
100.062
99.4727
100.287
99.524
99.8379
100.096
100.64
99.6034
100.681
99.4669
99.629
100.432
102.158
99.6844
101.114
102.843
103.886
104.135
103.149
100.29
101.023
99.5251
99.7875
100.126
99.6703
99.7609
99.4598
99.5262
99.483
100.533
100.629
99.9988
99.6944
99.4976
99.5517
101.204
99.7427
99.5169
99.5972
100.307
99.5592
99.5359
100.351
101.033
99.532
99.6757
99.8872
102.212
103.017
101.165
103.21
100.992
104.17
103.071
105.874
104.026
102.924
103.748
108.704
104.023
102.368
105.014
101.35
99.8762
101.916
100.252
102.312
105.448
102.308
99.7922
99.7132
101.492
105.819
100.074
99.7314
101.633
111.014
104.75
102.189
99.5799
100.501
101.188
105.682
99.6968
103.959
102.002
105.189
99.7661
102.655
99.6666
100.71
99.582
102.01
99.6818
99.6359
101.806
100.138
101.655
100.495
99.6609
102.922
103.074
99.6614
99.7314
103.969
100.428
99.5869
99.6265
102.226
99.7239
99.8624
105.449
102.944
102.054
101.816
99.6384
101.542
99.8657
102.341
100.361
102.926
99.8479
99.8685
99.8237
99.8493
99.5659
101.294
101.492
99.9085
101.843
100.59
100.641
100.858
102.62
102.215
101.972
101.946
100.113
99.8885
107.209
99.6126
99.6262
100.772
103.006
99.8332
102.526
99.9031
101.006
100.419
102.519
104
103.085
99.6933
103.269
102.297
99.5903
101.007
99.8166
101.425
100.78
99.6869
100.637
99.5926
100.228
99.7772
102.263
100.043
99.705
99.9204
103.083
101.142
106.147
100.755
99.6152
102.163
104.139
99.6421
99.7694
102.815
99.6135
100.772
99.7014
100.804
102.735
99.8719
99.8592
99.6123
99.7986
104.281
99.9314
101.417
100.147
99.6256
99.6032
102.647
101.938
99.5856
99.5622
103.314
99.6266
101.707
99.8882
101.324
103.576
99.6334
105.354
102.537
103.699
102.029
99.5889
105.377
99.6067
106.492
100.177
99.6683
99.8824
99.582
99.6536
101.008
99.8566
104.989
99.7675
99.6481
99.6438
100.421
101.494
102.584
99.7657
104.118
100.854
99.9466
100.024
99.6716
99.7119
104.445
99.6971
99.8375
100.5
102.406
99.7385
99.911
99.6654
104.938
101.23
100.979
100.109
100.842
102.59
99.6805
102.163
102.575
99.7021
101.868
99.7306
100.928
99.5913
102.543
100.831
103.569
99.954
99.8854
99.8304
99.5746
101.404
99.8923
102.311
99.7522
99.8696
99.785
102.501
99.9103
99.8031
99.617
100.808
99.9057
103.097
100.829
99.6467
101.206
99.8665
99.8283
102.095
99.6399
99.6322
99.7671
102.823
101.145
100.246
101.718
99.5585
100.303
102.079
99.9235
104.994
99.6026
99.5779
102.007
101.397
102.323
100.022
102.188
99.6606
103.82
102.814
99.8798
99.7392
99.6445
99.5715
100.384
99.6165
99.6076
99.6547
99.8423
100.1
99.684
101.21
99.6172
101.005
99.7323
99.6245
102.832
99.6253
106.64
101.856
99.6852
99.8771
100.758
99.6331
103.424
99.7923
101.291
99.6334
100.029
104.842
103.673
100.909
99.6689
99.5728
99.5642
102.694
102.047
99.8489
99.6898
101.812
99.8368
108.541
100.66
102.158
103.38
101.442
102.495
100.036
99.6524
101.784
99.5907
101.8
102.057
99.6705
100.156
99.8134
99.5465
99.7412
102.397
103.722
101.068
99.7735
99.6938
101.774
99.8039
100.406
102.451
99.6482
102.554
99.8079
101.565
105.116
99.5774
101.364
100.836
99.6662
99.9155
101.274
99.6383
99.8614
100.2
99.9116
101.712
100.279
99.885
99.8847
103.188
105.199
99.6325
99.9499
99.7272
99.6831
99.933
99.6494
102.52
100.856
101.453
101.893
99.6456
102.024
100.078
99.7797
99.5585
99.6445
100.136
101.097
102.4
100.361
103.278
101.486
106.606
101.812
100.439
99.6778
99.609
103.879
101.763
102.322
100.586
99.5771
99.6039
99.7379
101.855
102.547
99.6714
99.6358
99.9445
100.946
99.8406
102.241
102.48
100.495
100.027
100.289
99.6285
104.592
101.793
99.7143
100.802
99.8127
99.7176
99.7226
99.6966
100.037
99.8772
99.8744
99.7042
100.006
99.8089
107.954
103.345
99.7245
101.475
99.7831
99.6813
99.633
102.893
100.338
100.17
99.6304
101.89
99.7735
99.6961
101.526
100.658
101.405
100.47
102.012
101.209
104.865
101.04
100.202
99.9764
99.9201
101.009
99.8666
100.755
103.729
100.683
99.642
99.8516
99.4977
99.5538
101.64
101.922
104.408
99.7826
99.6369
99.7798
99.6237
102.546
99.8445
99.7096
99.6195
101.057
99.7344
99.6059
99.6247
103.11
99.8796
100.421
101.546
101.083
101.866
99.7393
102.523
100.714
101.906
101.85
99.7729
104.748
99.6059
101.227
100.382
101.311
101.915
99.5459
102.189
99.9064
100.022
103.02
100.939
101.671
104.588
99.6345
100.123
101.359
106.433
114.34
99.81
102.517
106.189
99.6098
101.488
99.8323
99.8306
102.747
101.324
103.126
99.9344
99.9396
104.569
105.401
99.7079
100.902
99.9438
99.6001
99.8733
99.8314
99.5792
100.159
103.466
102.605
101.332
99.6907
100.325
102.299
99.9623
99.7297
101.3
101.951
100.081
103.354
100.112
102.556
102.681
100.13
99.5765
99.6963
101.984
102.037
104.729
102.233
99.9546
101.179
99.9707
99.6426
103.957
101.163
99.5519
102.409
99.6339
99.601
100.201
103.412
101.673
102.664
102.461
99.5497
99.5262
100.097
99.5704
99.5225
108.666
100.445
101.239
99.6365
104.058
99.5727
99.5732
99.5359
99.5268
100.33
102.09
99.5256
101.194
99.52
99.5215
101.963
99.7829
100.02
99.4794
99.6429
100.692
100.066
99.6688
99.5657
99.5755
99.5002
99.5271
100.024
108.403
100.184
100.846
99.5273
100.306
99.8396
99.7388
99.4745
102.39
103.909
99.5914
99.486
99.4656
102.278
99.5196
99.6147
99.6915
99.6367
99.7036
103.573
99.5111
100.915
99.4847
100.125
99.5689
99.6879
99.6861
99.4806
99.4919
112.854
99.5164
99.7521
106.934
99.5494
99.4918
99.5635
99.5364
99.7206
99.5503
99.4966
99.4587
103.096
100.78
101.256
99.6653
99.5088
100.444
100.942
102.139
99.648
99.5258
99.6258
99.5093
99.5143
100.559
99.5149
102.43
100.271
99.703
99.4472
99.4885
99.4887
102.44
99.5112
99.5278
99.5834
99.4807
99.6421
104.102
99.5123
99.4893
99.4757
102.385
99.5781
101.345
102.185
99.6085
99.4927
99.6951
99.4675
99.5939
99.7171
99.515
100.861
99.5758
99.527
99.6171
99.4988
99.5822
99.6217
99.4475
99.9304
102.359
99.4927
99.6772
102.631
99.4908
99.6915
101.291
102.915
102.73
101.665
99.9175
99.642
99.6326
99.5412
102.579
100.768
99.5249
100.716
99.765
99.5062
99.6444
99.7629
108.321
104.76
99.4576
99.5892
99.8159
100.141
99.6136
102.342
99.7867
101.467
99.4884
99.4674
100.231
100.277
99.6478
99.51
100.77
100.792
101.413
102.379
99.6222
99.7186
99.481
99.5242
99.6336
101.144
99.4678
100.422
99.5526
99.4617
99.4804
100.47
100.62
100.211
101.837
99.7056
99.5134
99.6373
99.5036
99.5798
99.5198
101.942
99.8789
99.7241
101.663
99.4822
99.6135
105.448
100.805
101.31
99.5217
101.259
99.5968
99.7929
100.455
102.154
100.866
99.7329
99.671
99.5487
99.4106
108.864
99.9027
99.4727
100.127
100.051
99.5785
101.032
102.888
101.081
100.066
101.244
99.4377
102.066
101.445
100.275
99.8025
101.893
99.4872
99.7451
99.5851
100.461
99.6541
99.5197
104.189
100.834
100.881
99.485
105.543
100.998
99.6338
99.6701
99.4645
99.5231
99.9719
101.214
99.4868
100.782
99.7488
99.4884
99.9121
99.5371
99.4768
100.294
99.6847
99.6363
101.691
99.8571
99.6707
99.5099
99.8764
101.856
99.658
99.5076
101.405
99.6655
102.836
100.619
101.597
100.781
101.33
101.809
99.6801
105.838
99.5403
100.318
99.8882
100.303
99.4853
99.8222
102.17
99.6808
99.5735
99.5271
99.556
99.5614
101.574
100.278
100.557
99.4548
100.067
99.5262
99.4543
100.016
100.978
101.257
99.491
99.5367
99.5216
100.073
99.4723
104.142
103.298
99.513
99.6164
99.788
106.7
99.442
99.53
100.847
99.4693
99.5377
99.5171
99.5099
99.696
99.5053
99.5119
100.936
101.18
99.6655
100.445
100.453
99.5227
99.6787
100.006
99.4608
100.498
101.018
99.7156
100.045
99.6482
99.9318
99.5238
99.645
103.108
99.4856
99.4819
99.8319
99.5306
99.5243
99.4956
102.7
99.5219
99.4899
99.4634
100.634
99.5579
101.049
99.5409
102.414
100.214
103.386
99.5338
99.4857
99.6725
101.622
99.5948
102.259
99.4887
99.51
99.8881
100.811
107.201
101.129
99.4793
99.5817
99.489
99.4826
99.4901
100.362
99.6705
99.4725
99.9498
100.114
99.4609
101.585
99.4797
99.4393
99.6022
99.5478
99.7017
99.6119
100.419
101.881
104.015
103.096
103.261
107.658
99.8558
102.017
101.74
100.168
99.5424
99.5483
102.402
99.915
107.156
102.077
100.48
99.5072
100.208
99.5752
100.753
101.704
99.5135
99.7224
99.5087
99.4863
99.5255
102.011
101.242
99.6455
99.5784
99.5147
99.6596
103.029
102.509
103.784
102.115
99.5922
99.6098
99.9798
99.4762
99.637
99.9187
102.515
104.062
100.478
103.796
101.531
103.295
100.282
99.709
103.069
100.015
106.968
104.569
101.656
102.706
103.204
100.515
103.948
99.6954
101.892
102.328
101.435
101.745
104.543
100.48
99.5847
99.8803
102.912
99.5803
101.624
99.5838
100.524
99.7816
103.712
102.706
100.298
102.403
99.6609
100.963
104.145
101.278
100.394
99.7166
99.6542
99.7735
99.7223
100.097
99.7917
99.7145
99.593
99.8209
99.907
102.65
100.525
103.624
100.315
100.247
99.6401
99.6152
99.6904
102.228
103.78
99.9246
102.552
99.5884
104.617
101.923
100.322
101.626
99.6696
99.7233
101.339
99.6041
100.193
100.028
99.7283
99.5781
99.6373
101.553
99.5375
102.963
100.334
99.5663
100.803
100.95
100.286
101.002
99.6213
102.349
101.988
99.6833
100.827
99.9315
101.975
99.8404
100.424
102.177
101.711
100.902
99.5723
100.989
105.432
101.385
99.7076
102.251
103.206
101.831
99.9097
105.355
99.5636
102.638
99.6017
103.278
99.8288
102.621
99.8377
99.9866
102.59
100.387
99.671
99.6571
99.657
100.51
99.7792
99.6132
99.6518
99.599
100.941
99.6344
101.127
99.5692
99.6282
99.5619
99.666
101.658
99.7912
104.355
99.8475
99.752
99.6295
100.384
104.168
99.6192
100.434
99.5775
100.052
105.868
99.8298
100.955
100.359
100.976
99.5919
100.229
99.8037
99.6843
99.8576
101.32
99.6352
99.6505
100.269
99.6463
101.002
99.6732
100.756
99.6149
101.14
99.7165
99.6133
102.762
103.312
99.9282
101.203
99.5661
99.54
99.5372
100.816
99.6222
101.585
102.743
99.6082
100.498
99.8712
100.066
100.113
104.128
103.107
99.6474
99.6739
101.822
99.8066
102.721
99.6552
99.6249
104.637
100.093
101.265
99.937
99.6169
101.825
99.6307
99.6239
102.824
101.307
103.19
99.5711
102.751
102.295
101.938
107.104
101.884
99.6587
99.6116
99.5283
102.009
99.8021
99.9587
99.9394
100.222
101.422
102.503
100.321
101.004
103.863
99.678
99.6361
103.446
99.5725
102.268
103.728
100.522
106.786
100.605
100.025
100.561
103.289
99.9012
99.729
102.862
99.6725
99.6286
99.6466
100.44
99.5984
99.7612
101.318
99.8565
100.072
99.6482
99.6494
99.6989
99.7089
99.9399
102.047
99.5836
100.763
99.6862
104.812
99.662
102.904
101.519
101.45
99.5825
101.456
99.7506
104.358
99.6831
101.96
99.8795
99.9927
101.028
100.484
104.633
99.8245
100.158
99.6261
100.233
103.809
105.913
102.041
99.859
102.176
102.775
102.658
104.964
101.006
103.396
99.6982
99.589
100.181
99.7345
99.6101
102.453
103.096
99.843
99.5666
99.8955
99.5773
100.022
99.8332
100.49
99.9284
100.061
101.317
100.817
99.7508
100.081
99.7118
100.566
104.007
101.148
99.6948
99.5834
100.803
100.054
101.7
99.7601
99.6105
101.232
102.22
100.918
99.7079
100.177
103.431
99.667
99.9012
99.5789
102.015
99.7877
99.7646
99.897
100.67
100.364
99.7497
101.13
101.148
105.755
100.294
99.5575
103.208
102.762
99.7154
106.246
107.928
101.55
99.8953
100.522
99.7382
104.32
101.577
99.6186
101.7
102.452
103.154
99.9071
99.7756
100.271
101.577
99.8723
100.04
103.138
101.068
100.941
100.406
99.7061
99.613
99.6805
99.7243
99.6067
100.594
99.6985
101.997
102.494
102.711
99.6579
99.6068
100.917
100.731
101.637
99.6945
99.6269
99.6194
99.6091
100.465
99.6219
101.229
104.537
99.6135
99.5453
99.5612
99.7374
99.6181
99.7483
102.914
100.095
101.043
99.9538
100.47
101.973
99.6892
101.89
99.6145
99.614
99.612
99.6102
101.305
101.625
102.167
99.6162
99.5592
100.616
99.6296
101.752
99.7673
101.985
99.6795
99.6133
100.681
99.8503
99.5794
99.8271
99.784
99.6613
99.5399
102.27
101.244
99.6101
99.5796
99.555
99.6879
100.006
99.7196
100.666
99.6596
101.5
101.376
103.721
99.6014
103.723
99.5689
101.276
102.156
101.47
104.122
99.7993
101.588
100.973
100.728
99.6268
101.05
99.677
100.246
100.286
99.8311
99.5753
101.111
99.6792
100.21
101.303
99.6326
99.5988
99.5859
100.258
99.7551
104.25
99.6692
100.723
101.91
99.8069
102.956
101.736
101.242
105.946
99.7921
100.482
100.983
100.366
103.058
100.996
105.079
103.66
100.92
106.868
100.403
100.105
105.104
102.327
99.9156
102.342
101.232
100.89
99.7849
100.612
102.129
103.25
101.693
102.419
99.8723
100.732
102.07
102.177
99.8534
100.239
99.8619
99.7619
100.157
100.149
99.6839
100.422
102.411
106.302
102.404
99.6835
101.012
105.126
99.9888
99.663
102.026
101.155
102.384
99.6212
101.768
99.6691
103.34
102.08
102.769
100.815
100.933
101.926
100.623
102.756
99.6516
99.6652
99.6366
99.6777
102.059
99.6054
100.323
100.036
99.6774
99.8724
99.684
102.484
100.732
100.524
103.063
101.671
99.589
99.6476
99.7057
101.746
99.6796
99.6267
102.336
102.013
101.219
99.7366
100.34
99.9282
99.8083
100.027
100.974
99.9955
99.6728
99.6365
103.556
100.643
100.541
99.5782
100.715
103.596
101.439
101.169
101.229
99.5899
102.135
100.461
102.043
99.734
101.572
100.842
99.9728
101.059
99.5906
99.6428
101.302
99.5926
99.5787
99.6941
99.6514
100.632
101.537
99.7647
100.485
100.022
102.377
101.294
100.992
99.8275
102.248
107.702
99.7964
104.028
101.996
100.946
99.7165
100.119
99.6122
99.6172
99.9376
100.034
102.766
100.173
99.6877
99.7502
99.5836
99.5304
100.498
104.151
105.877
100.064
100.632
100.689
103.661
99.7934
102.039
101.294
100.657
106.264
99.7956
101.039
99.7431
101.391
99.6012
100.679
99.6094
101.537
104.527
99.6894
99.7089
102.356
101.333
100.135
102.704
100.149
101.415
101.663
101.16
99.5906
101.112
100.595
103.946
102.953
100.259
101.977
100.136
103.543
100.214
105.81
99.6723
101.33
100.64
100.129
99.8232
99.8515
99.7089
101.875
101.728
99.7032
99.6054
99.5448
100.412
100.06
100.261
99.5729
100.341
100.964
99.9267
99.6787
100.971
100.369
99.6427
99.5789
100.422
100.099
100.003
104.268
101.483
99.8305
99.6008
101.05
99.8661
100.059
102.426
99.6508
100.485
99.8068
99.6619
99.651
100.319
103.516
101.733
100.559
99.6614
100.747
99.5906
99.9288
99.7888
104.766
105.731
99.8576
101.976
99.6294
99.7443
99.6824
101.738
99.7431
100.169
99.5521
100.675
99.5721
100.286
99.6375
99.645
99.6704
99.6407
99.6963
99.6096
103.598
99.7069
101.197
101.537
99.6459
100.742
99.6952
101.6
100.373
99.7509
101.865
103.694
99.7457
100.465
100.911
103.256
100.496
99.8133
99.6807
99.6007
101.785
104.414
99.6262
100.058
102.486
102.747
101.221
100.116
99.658
106.439
102.661
99.7337
99.7113
100.662
100.126
105.282
99.6708
99.8152
99.7047
102.855
99.9776
99.6082
99.832
99.6232
99.7676
99.873
101.082
102.6
99.7143
99.716
101.325
101.309
99.7184
100.708
99.5644
99.5709
99.6412
99.6184
101.6
99.7705
100.851
100.463
102.49
104.506
101.244
99.686
99.8547
103.183
101.941
103.33
101.22
100.844
102.508
99.7136
101.081
99.62
99.6533
100.208
100.024
101.307
101.258
101.072
100.064
101.072
101.649
101.027
100.51
100.143
99.6539
101.668
101.312
100.38
101.23
99.7273
99.9134
102.056
100.204
99.6839
99.7748
99.9913
101.743
100.543
102.195
99.6943
99.5846
100.739
99.9141
105.316
99.9714
102.231
99.7062
99.6167
101.334
102.473
99.9421
101.327
101.586
99.6758
99.9758
102.086
101.11
101.872
99.6023
102.464
100.116
99.7403
102.546
104.053
105.007
99.8307
102.322
100.902
103.144
99.8551
102.678
99.7824
99.6237
99.6368
99.6551
99.6512
99.7354
99.6103
100.116
101.839
112.234
102.505
100.482
99.6058
101.508
103.212
101.073
102.948
99.6413
101.408
99.878
99.6709
100.333
102.419
99.6378
99.7121
101.382
102.266
101.852
100.826
99.6288
100.92
99.9432
100.704
99.6167
101.072
99.8158
100.634
99.5783
99.6611
99.6553
102.504
99.5856
102.104
99.6259
99.7964
102.916
101.484
101.492
101.89
101.146
99.8144
99.7754
99.7151
102.027
99.8009
100.308
105.558
101.933
99.9234
99.8984
101.727
99.5789
103.739
99.6239
102.902
99.6174
100.069
99.8943
100.623
102.57
99.6451
101.45
102.306
99.6182
102.214
99.8582
99.6911
103.14
102.553
101.499
100.813
100.992
101.543
100.054
99.5988
99.6146
99.585
101.483
99.8846
100.49
102.356
101.196
104.098
101.803
101.798
99.7653
103.016
99.7445
99.5938
99.6032
99.5971
100.67
102.242
101.975
102.787
101.526
99.683
100.03
102.029
101.042
102.013
102.413
100.03
99.7123
101.724
99.6043
99.578
103.886
102.197
100.017
99.6652
103.175
101.18
100.115
99.6477
99.6531
102.393
100.686
99.5962
99.6501
99.6619
99.6219
103.527
99.5922
99.664
102.233
99.807
99.5362
99.5407
100.084
99.7162
100.399
104.467
102.476
101.167
100.166
102.655
101.33
99.7482
99.7508
99.9239
101.706
99.5796
105.703
99.6122
103.396
100.018
100.198
100.569
101.151
102.543
99.624
100.737
104.399
102.373
99.6228
102.368
99.9382
99.4886
99.5585
102.72
99.6802
99.6096
101.44
99.5358
101.83
101.118
113.688
99.8049
99.4905
99.463
99.8882
100.881
100.018
100.581
99.8062
99.4837
99.7047
99.4858
99.4794
102.919
99.5355
103.326
99.5745
99.5248
103.139
100.832
102.59
99.4998
103.642
99.454
99.487
101.327
99.5876
99.4685
99.626
99.5635
99.4984
99.6673
99.5541
102.247
99.5248
100.279
99.5227
99.5625
101.656
100.414
99.6569
99.6248
100.5
101.33
102.186
99.4584
100.704
105.908
100.132
99.5161
100.927
100.188
99.9645
99.5049
99.5893
102.109
99.9827
99.9513
99.801
100.67
100.006
101.846
101.963
99.5479
101.112
101.338
103.922
99.4608
102.03
100.042
99.5071
101.638
99.4915
99.4673
99.4526
99.4372
99.4988
99.5228
101.768
99.637
101.948
100.451
99.5628
99.9781
99.735
100.884
99.741
100.782
103.041
99.7115
101.817
103.348
101.911
99.4732
101.602
103.306
101.672
99.5081
105.697
99.5358
101.625
99.8791
102.003
99.4361
99.578
104.11
99.9889
99.4834
99.764
100.615
99.5817
100.825
99.6071
101.446
99.7178
99.5738
99.6091
99.6081
102.197
99.4594
99.4795
99.4825
100.066
99.5571
102.668
99.4886
100.575
99.6563
99.4861
101.801
103.879
101.815
104.297
99.4858
99.6757
99.94
99.5122
99.4574
101.939
101.259
99.4976
99.8795
99.5264
101.373
101.849
100.298
99.5014
100.374
99.5019
101.75
99.5022
102.123
101.713
99.4724
104.113
101.862
104.434
102.661
100.097
99.4764
99.5247
101.103
99.5206
99.5226
100.064
100.534
100.774
100.972
101.416
100.384
100.793
99.4496
99.4889
99.5341
101.03
99.4867
101.789
99.4748
100.142
103.018
100.335
100.985
100.91
99.4735
99.4779
102.493
100.385
99.5067
101.259
100.408
102.618
99.4549
100.922
104.377
99.9528
99.5311
99.51
102.51
99.4671
99.6867
99.5403
100.095
99.4823
99.6085
99.9795
99.5425
100.543
99.4716
99.5205
100.37
102.56
99.504
100.794
99.7635
101.416
100.757
99.5056
100.508
99.9631
101.951
100.08
99.4928
99.4537
100.484
99.6107
99.543
100.029
99.5901
100.198
100.428
103.889
99.7651
102.342
100.589
99.4755
100.411
99.5019
99.455
99.6222
99.4249
99.4717
99.5693
100.354
100.822
99.5473
99.4806
100.187
100.952
99.6019
100.093
99.4751
99.4993
99.5648
100.217
99.5227
100.685
103.904
99.6524
100.032
101.905
103.142
99.4483
102.788
100.664
99.705
100.405
101.811
100.209
100.982
99.4848
101.11
102.916
101.137
99.4833
99.5125
101.444
99.6412
99.5775
99.465
100.197
100.096
100.891
99.5547
100.792
102.044
99.5401
99.6158
101.95
99.5584
104.076
99.718
102.226
100.961
100.163
101.494
100.846
99.5272
99.624
99.5908
99.7685
100
99.6093
101.056
99.5627
100.997
99.4796
100.643
100.857
101.817
99.5527
99.5889
103.178
100.817
99.6937
99.7733
99.4855
99.4791
99.4666
101.747
101.681
99.4872
99.5981
100.066
99.4879
99.5764
100.665
104.39
99.5146
99.4816
99.5379
99.5071
99.5251
101.295
100.98
99.5201
100.968
99.6304
99.5301
102.019
100.469
100.672
100.213
101.748
99.5419
104.072
99.5779
99.5412
101.332
99.6179
100.024
99.4634
101.622
99.6631
100.096
100.706
99.4646
99.5562
101.938
100.686
100.598
100.007
99.5131
101.044
99.5201
99.4837
99.662
101.15
100.683
99.7644
99.6244
99.4747
99.5123
100.798
100.903
99.55
101.502
102.29
99.5354
100.344
99.5862
102.239
100.184
103.682
100.241
104.09
104.233
103.339
107.603
100.168
100.486
105.66
102.422
99.8121
100.943
104.56
100.25
99.9115
99.7305
101.759
104.147
100.092
99.9428
99.6772
101.745
99.9561
99.6115
102.459
99.6443
102.219
99.7057
100.521
102.286
103.437
99.6237
102.284
99.7387
99.6557
101.394
100.06
99.869
101.557
101.699
99.8164
99.6819
100.365
100.758
99.6342
103.456
102.579
102.394
101.398
100.363
99.5711
99.6612
102.131
101.409
101.55
104.066
99.554
99.5425
100.509
101.274
100.928
104.779
102.26
99.68
100.006
99.6272
101.578
102.131
101.563
102.489
101.77
104.393
99.8403
99.6078
100.843
101.746
103.539
100.128
99.8342
100.078
101.707
101.421
102.924
100.802
99.6175
100.226
99.6141
100.133
104.76
101.977
102.578
102.764
101.82
101.708
103.633
100.572
106.153
99.6183
100.085
99.9552
103.478
100.348
100.24
101.626
103.347
100.323
104.505
103.654
100.334
104.749
101.654
104.052
102.815
105.65
102.071
100.452
99.7906
99.7599
99.7403
103.374
101.181
100.329
102.31
101.846
103.956
102.275
100.753
100.793
104.247
100.058
102.578
103.022
103.284
108.15
103.167
100.738
103.365
100.595
100.101
102.025
99.8452
103.466
99.9267
100.666
102.754
101.488
100.848
100.262
106.137
99.8907
102.25
100.867
99.9572
102.578
103.211
100.896
101.837
102.616
102.723
100.292
104.966
104.429
105.744
110.895
100.796
99.8577
101.529
102.466
100.826
104.169
102.657
103.982
99.8182
101.822
102.222
101.352
102.1
100.112
100.839
104.69
103.874
100.082
100.196
99.9607
102.568
100.209
104.827
102.287
102.439
103.798
103.329
103.748
101.74
103.238
101.628
99.9624
102.561
100.684
105.376
100.653
103.925
100.893
103.21
101.866
102.024
100.642
103.645
110.03
101.691
103.783
101.046
105.026
102.969
100.305
101.84
99.9858
105.6
102.616
103.014
100.481
103.34
99.9298
103.538
101.734
101.969
100.738
105.886
100.284
104.783
103.488
101.345
102.344
100.085
102.396
102.432
103.992
105.378
99.8381
101.45
102.187
101.385
102.816
102.644
100.907
100.408
99.9128
104.386
99.9318
102.227
100.547
101.988
102.247
100.454
102.31
99.9336
101.85
99.8608
101.236
101.609
100.199
99.8239
101.115
104.732
99.8124
102.168
103.909
100.83
101.819
101.154
101.616
103.006
102.308
99.7641
99.8587
103.324
104.692
100.798
102.303
101.373
105.168
101.369
104.648
103.781
101.176
99.8839
101.137
102.036
101.03
103.418
100.753
100.833
105.995
102.614
99.7954
100.372
100.019
103.534
101.249
99.8989
102.001
103.235
105.478
101.468
101.688
100.264
102.977
99.8005
104.18
100.989
101.942
99.7275
102.595
101.877
100.04
102.435
99.7018
100.049
101.728
99.7096
101.557
102.615
102.251
106.437
101.912
102.283
101.655
99.7964
99.7485
99.7893
104.09
102.32
102.796
104.922
99.8856
100.074
99.6956
109.393
102.434
100.454
100.148
99.7013
99.9466
102.37
106.316
99.7042
101.46
101.134
100.369
100.862
101.118
101.823
102.3
99.7352
99.6832
102.012
100.174
103.746
100.133
101.802
101.321
99.8054
100.396
102.008
101.138
102.009
100.258
102.494
110.415
102.528
103.144
100.817
99.6597
100.026
103.489
101.346
117.891
101.227
100.834
103.215
101.484
104.416
102.693
99.71
105.674
102.707
99.9859
101.271
101.759
102.951
102.519
101.399
101.333
102.329
100.608
99.9552
100.673
101.775
99.7001
99.7694
104.532
103.458
100.009
99.8538
100.08
103.358
99.8927
100.151
102.775
100.984
100.652
103.239
100.827
100.058
107.451
99.757
103.018
99.7469
101.705
101.671
113.436
100.028
101.163
99.6996
102.447
103.131
99.721
99.847
102.441
99.9641
99.8315
99.643
100.892
103.675
101.17
102.417
102.353
101.697
104.379
102.936
102.983
100.583
99.6678
99.7397
99.677
99.6547
99.9068
99.7609
103.136
100.688
99.6004
100.666
101.196
99.6495
99.6476
99.7951
101.609
99.9696
103.9
101.057
102.148
99.9068
99.8618
104.929
102.925
101.902
101.688
99.6939
100.126
100.453
99.957
103.129
102.889
99.7601
102.664
101.395
102.535
102.583
101.378
103.386
99.629
99.6495
102.004
100.82
100.827
101.026
102.904
99.9385
100.59
102.674
102.485
102.13
100.477
100.377
101.496
101.094
99.7426
101.697
100.705
99.7328
103.431
100.451
99.9082
99.7768
101.366
101.315
102.164
102.186
102.223
100.98
102.333
101.325
101.318
102.188
100.92
102.56
100.314
102.066
108.394
105.025
103.375
110.976
108.7
105.809
105.8
103.645
100.036
102.208
102.425
101.134
103.899
101.301
103.863
100.274
107.702
104.19
102.636
105.312
102.435
102.488
107.999
108.451
106.924
109.924
109.324
111.145
105.032
101.381
112.1
103.172
105.574
102.366
102.263
104.036
109.77
104.442
110.903
115.888
113.611
103.802
106.683
104.722
106.393
107.225
108.035
106.085
103.878
104.671
107.704
106.957
107.601
105.083
109.869
106.514
122.343
121.034
111.007
107.267
103.37
105.76
104.472
107.252
102.329
103.473
103.535
104.225
104.002
114.741
103.862
109.286
101.44
113.932
103.552
106.743
102.093
104.003
104.572
105.012
102.313
109.58
107.344
102.872
104.92
106.104
109.001
103.081
104.966
113.071
108.543
105.058
104.672
103.611
102.62
110.674
111.662
107.219
106.576
104.949
107.964
103.14
105.39
117.588
104.873
109.378
104.052
102.088
102.365
107.703
109.712
111.426
109.016
108.258
109.341
108.922
108.799
103.115
111.189
105.091
107.648
105.386
105.846
102.071
111.096
107.204
103.572
105.13
105.8
108.785
108.15
110.448
109.089
103.6
104.796
102.807
104.646
109.414
106.044
102.655
102.934
105.827
106.739
105.083
105.394
103.303
106.463
109.838
103.201
107.47
103.599
115.952
104.599
103.084
109.024
103.782
105.71
103.009
103.347
103.865
107.398
104.031
109.287
107.414
107.542
105.571
106.628
104.709
104.125
104.567
106.942
104.37
103.111
109.163
102.076
101.39
104.057
109.1
109.695
104.124
108.748
107.903
104.861
108.214
110.763
113.006
110.376
108.188
105.686
108.056
108.422
107.23
103.825
128.26
108.958
112.903
111.907
111.677
106.657
101.474
109.587
118.69
103.798
103.536
107.698
116.298
118.635
116.902
120.69
117.008
116.422
122.492
116.911
115.394
110.581
111.499
108.827
113.808
117.778
123.24
113.26
117.626
113.792
116.505
114.344
119.622
120.985
116.932
119.443
119.208
114.328
113.018
110.462
115.822
127.864
107.198
110.123
112.823
110.812
110.861
121.393
109.372
111.709
109.98
112.237
115.487
112.914
108.226
112.748
110.278
112.805
112.571
111.014
114.021
112.423
110.249
109.042
107.187
109.909
110.945
109.748
107.91
107.487
107.765
112.381
111.777
110.399
109.644
111.336
112.396
110.64
108.356
152.114
111.239
109.296
123.726
114.466
115.523
113.754
110.549
110.321
112.228
110.155
110.372
108.502
110.011
111.239
108.503
109.33
112.978
112.59
109.653
107.168
111.398
109.546
111.214
111.209
112.532
112.977
110.983
111.986
108.67
109.671
109.549
108.679
118.279
110.07
106.053
107.64
110.431
111.227
111.148
107.31
109.302
109.495
106.669
107.69
109.034
106.256
110.592
112.427
111.908
112.193
106.82
111.375
107.21
106.234
105.477
112.834
112.237
110.558
108.326
111.292
109.854
108.548
110.016
112.357
111.936
112.412
111.306
110.358
103.712
112.118
111.672
110.12
111.087
111.922
109.913
108.33
108.893
109.923
108.686
110.932
108.48
109.598
116.82
110.516
109.908
109.491
109.767
114.374
112.954
114.516
110.298
113.576
107.392
117.844
112.16
110.75
116.122
113.243
108.346
111.066
107.451
109.423
108.94
107.955
115.71
115.842
117.844
115.533
117.529
114.121
112.086
107.097
107.277
109.611
108.178
109.066
108.335
108.266
105.529
112.915
108.762
107.702
111.69
109.855
120.236
115.573
114.086
114.186
110.224
109.845
111.249
107.786
110.298
111.798
110.112
109.865
110.577
106.242
107.797
109.082
107.228
106.782
107.438
108.653
109.557
107.605
107.301
108.374
106.814
108.499
108.222
109.529
109.542
111.768
109.919
108.374
109.245
109.086
109.219
109.049
109.722
107.81
112.205
109.228
107.429
110.217
111.609
110.315
109.094
113.346
110.829
113.363
112.777
111.606
111.136
113.056
113.134
110.122
112.091
110.478
111.826
110.346
110.374
109.156
111.628
110.098
111.62
109.81
108.42
113.434
108.866
111.557
114.229
111.611
110.853
108.813
108.81
110.717
109.127
108.634
109.129
109.841
109.544
111.12
108.562
110.084
111.433
111.198
113.617
111.423
110.879
115.001
109.078
110.772
109.742
107.343
107.214
106.281
108.487
105.621
109.657
108.712
113.028
105.938
107.887
106.708
122.8
106.586
106.528
107.657
104.316
106.266
114.601
110.525
110.246
109.228
107.816
109.661
110.396
110.727
109.945
109.043
109.292
110.632
110.389
110.043
109.526
108.195
110.591
110.177
109.076
108.888
107.821
107.263
107.184
113.314
108.571
108.305
109.963
107.691
110.046
107.441
108.414
111.121
110.391
111.774
110.244
111.82
110.528
111.594
112.349
111.817
112.154
110.382
113.711
112.572
111.413
111.168
110.372
110.622
110.683
108.783
109.726
108.973
109.876
109.109
109.596
109.043
110.179
108.403
115.418
110.816
110.253
111.408
109.408
110.608
110.774
112.016
110.432
111.072
110.757
108.926
109.241
109.37
107.565
110.196
108.952
108.912
110.905
110.141
105.995
105.934
109.47
105.537
105.963
105.879
107.639
107.051
106.823
106.434
103.194
106.238
106.653
106.916
105.915
112.631
110.826
106.051
104.842
108.856
111.734
109.412
109.718
114.291
109.646
109.936
109.173
111.032
110.007
109.386
111.41
111.401
107.215
109.876
108.965
113.739
110.955
110.86
109.454
111.146
112.392
109.019
110.376
108.118
108.507
111.795
109.16
111.45
110.527
110.906
111.163
112.547
110.095
113.89
110.541
111.148
112.054
109.911
113.138
110.037
108.73
111.64
110.825
111.575
112.468
111.707
109.91
110.301
110.166
110.002
111.544
109.034
111.104
114.912
112.176
111.163
111.96
110.731
107.911
109.328
108.035
110.494
106.25
107.844
114.743
114.277
106.82
107.138
106.923
110.417
107.535
115.785
111.293
114.026
110.931
113.757
111.961
110.512
111.926
109.41
109.484
109.816
111.795
110.362
110.295
113.389
112.331
112.203
115.586
112.405
114.029
111.307
111.001
114.23
115.32
111.925
111.703
111.517
112.533
114.684
111.836
112.583
114.541
116.821
111.767
110.728
111.62
111.095
112.372
111.508
110.499
109.874
113.446
111.977
113.288
111.641
110.16
114.21
113.104
111.479
111.538
119.155
114.41
112.582
110.671
111.162
109.578
113.123
110.569
113.307
112.126
112.143
112.352
112.219
110.477
111.089
111.781
111.354
111.555
112.808
109.886
111.283
114.129
112.919
112.564
119.208
111.934
108.913
111.562
113.336
109.826
110.759
113.685
112.262
111.958
109.898
111.443
114.678
110.244
111.124
111.34
114.166
113.094
110.772
112.79
110.385
112.577
113.754
113.908
110.984
111.424
116.954
113.324
111.668
111.236
116.919
110.998
118.662
109.794
112.188
110.21
111.3
112.357
112.786
107.104
106.282
107.867
110.84
108.48
111.43
107.727
110.057
109.117
109.641
113.398
110.563
111.417
110.08
109.475
110.3
110.404
111.488
113.582
111.984
109.551
109.959
114.267
112.088
116.52
115.162
112.133
114.733
111.468
109.279
111.246
108.732
119.613
108.464
110.195
110.844
112.312
111.674
112.735
110.862
134.128
114.036
110.129
113.295
108.708
108.729
111.47
111.556
111.037
109.435
113.34
111.914
112.852
111.636
112.089
113.452
111.488
109.694
111.237
110.668
110.298
111.741
110.055
109.422
109.069
108.683
107.548
109.951
109.481
108.902
110.16
111.016
109.177
111.077
109.831
110.497
111.458
107.766
109.61
109.728
110.892
108.515
109.842
109.88
110.45
109.624
107.929
109.673
109.534
110.045
111.407
109.533
112.938
109.333
112.731
108.391
107.264
110.058
112.904
111.474
111.489
111.975
110.639
110.27
109.848
109.042
110.146
111.511
109.407
108.97
110.118
108.636
110.777
109.394
111.108
110.51
110.552
108.82
108.949
109.286
110.189
110.718
111.758
111.256
114.101
108.561
109.309
108.038
106.621
111.635
106.896
109.412
111.447
109.895
115.062
111.651
115.983
111.643
110.797
106.935
107.077
109.915
114.458
112.058
120.033
110.901
110.757
106.469
106.426
107.32
105.896
108.268
105.794
110.555
108.818
113.474
110.462
108.416
109.06
110.108
110.595
110.131
114.008
109.547
114.037
109.919
109.684
109.442
110.025
111.656
108.093
107.233
106.028
109.152
108.802
107.877
110.76
108.379
110.596
112.808
111.868
109.32
111.118
111.408
109.656
110.816
110.421
109.341
109.17
110.733
110.891
113.038
111.094
109.664
110.445
109.937
108.48
109.027
107.299
108.457
113.18
110.499
107.78
107.156
109.986
107.923
110.051
108.64
108.842
109.365
110.599
109.493
108.499
129.479
111.693
111.213
109.906
111.063
111.848
110.681
112.919
109.046
110.029
112.481
108.766
111.365
110.488
112.562
110.973
111.27
112.124
112.186
111.013
109.755
109.168
114.716
111.576
111.029
112.265
113.936
116.157
112.131
111.676
111.977
109.704
108.278
109.07
109.57
111.984
110.164
111.528
133.56
114.962
113.134
114.501
111.79
113.641
110.828
110.291
109.103
107.596
107.017
105.84
111.28
112.479
107.173
105.101
107.356
105.952
107.268
107.668
110.153
105.729
107.311
107.121
113.272
112.197
107.425
108.365
110.656
105.672
107.906
108.014
109.5
107.79
110.318
108.953
109.526
108.284
110.769
110.45
111.888
107.91
109.805
109.77
111.954
110.189
108.892
108.07
110.602
110.187
109.096
109.036
107.754
111.752
110.618
107.331
105.881
106.03
109.426
110.042
108.602
107.654
111.936
109.802
109.429
107.837
109.492
109.898
108.759
110.845
108.944
112.244
109.189
109.54
110.764
109.236
108.115
108.457
110.696
109.38
116.127
111.669
108.024
116.274
110.735
110.379
115.348
110.658
111.725
110.171
108.446
110.997
107.17
131.804
110.002
