Timp in Milisecunde
1.2261
1.1998
1.1957
1.202
1.2338
1.202
1.1968
1.3015
1.2103
1.1975
1.2083
1.1946
1.1729
1.1995
1.209
1.1952
1.1987
1.1953
1.1964
1.1958
1.1956
1.2007
1.197
1.2025
1.2372
1.207
1.1976
1.1968
1.221
1.1956
1.195
1.1959
1.1972
1.1969
1.1996
1.1951
1.1971
1.2422
1.2406
1.2108
1.2904
1.2031
1.1964
1.1975
1.3854
1.1994
1.2004
1.201
1.5363
1.2024
1.1953
1.2036
1.2017
1.2004
1.1705
1.197
1.1976
1.1975
1.1956
1.2357
1.2004
1.2028
1.1967
1.2061
1.2054
1.1942
1.2084
1.1993
1.1999
1.209
1.2011
1.2007
1.2314
1.1947
1.2517
1.1996
1.1996
1.692
1.1956
1.1704
1.2086
1.198
1.1974
1.1955
1.1964
1.2422
1.1999
1.198
1.1996
1.1934
1.1978
1.1978
1.1994
1.2073
1.1936
1.2031
1.1947
1.1999
1.1979
1.2005
1.199
1.1964
1.2024
1.1938
1.1989
1.2
1.2282
1.6688
1.1991
1.2502
1.3115
1.2007
1.2367
1.2029
1.2023
1.2596
1.205
1.567
1.1952
1.1991
1.1999
1.1968
1.2163
1.1983
1.1719
1.336
1.1943
1.1729
1.2056
1.2527
1.2048
1.2048
1.2009
1.2068
1.1977
1.2025
1.4942
1.1976
1.1966
1.1907
1.2015
1.1986
1.1941
1.2315
1.1996
1.1965
1.2008
1.2053
1.2031
1.2019
1.1993
1.2189
1.2031
1.1966
1.1978
1.2385
1.2015
1.1951
1.2043
1.2001
1.2027
1.1963
1.192
1.2029
1.1956
1.1988
1.1964
1.1955
1.1963
1.2004
1.1967
1.1954
1.3198
1.2057
1.299
1.1953
1.1987
1.2017
1.1722
1.2152
1.1987
1.2035
1.2005
1.198
1.2658
1.4495
1.1981
1.2032
1.1972
1.2741
1.1969
1.1974
1.2052
1.24
1.1999
1.1995
1.1976
1.1974
1.1996
1.7054
1.1984
1.1934
1.2012
1.1985
1.1971
1.1951
1.1977
1.1987
1.2038
1.1962
1.2036
1.1927
1.195
1.2124
1.1977
1.2749
1.2022
1.1942
1.1934
1.2001
1.1951
1.1984
1.198
1.1936
1.1988
1.7766
1.1997
1.2682
1.2156
1.1998
1.1938
1.1649
1.2054
1.2014
1.1956
1.1943
1.1971
1.2254
1.2036
1.2059
1.1979
1.2026
1.4492
1.1948
1.3148
1.1981
1.3241
1.1997
1.1962
1.1927
1.2019
1.2012
1.1992
1.2069
1.1982
1.224
1.1983
1.1985
1.2081
1.2018
1.1997
1.2058
1.2021
1.3256
1.2019
1.1969
1.2041
1.1991
1.2001
1.2027
1.1955
1.1983
1.2386
1.1969
1.208
1.2331
1.1977
1.1984
1.1977
1.1994
1.1986
1.2033
1.2012
1.2018
1.2442
1.2009
1.2174
1.197
1.2412
1.2042
1.2012
1.1981
1.1984
1.1975
1.223
1.4728
1.2022
1.1964
1.201
1.1973
1.2014
1.2007
1.2007
1.1954
1.2013
1.1965
1.1974
1.1994
1.2536
1.1948
1.1987
1.1941
1.211
1.2036
1.1924
1.2306
1.1992
1.2017
1.2018
1.2022
1.248
1.1964
1.1956
1.2109
1.1981
1.483
1.1987
1.226
1.223
1.2001
1.3211
1.2014
1.2322
1.197
1.1666
1.2023
1.249
1.1986
1.2132
1.2003
1.1996
1.2102
1.2026
1.2022
1.2
1.1977
1.1971
1.3295
1.1969
1.1976
1.201
1.2334
1.1983
1.1986
1.2083
1.2449
1.1967
1.1977
1.1949
1.1969
1.2045
1.1944
1.2285
1.1954
1.1981
1.1937
1.1937
1.2027
1.2021
1.2217
1.1984
1.1972
1.1992
1.2067
1.2027
1.2241
1.2767
1.1981
1.1979
1.1961
1.1998
1.2022
1.1985
1.2014
1.1997
1.1973
1.2001
1.1969
1.3195
1.1967
1.1951
1.1985
1.1979
1.2002
1.1928
1.1928
1.2042
1.1944
1.2001
1.2243
1.2023
1.1956
1.1985
1.2041
1.2332
1.2029
1.194
1.2001
1.1975
1.1997
1.2207
1.1946
1.1996
1.1932
1.1782
1.2009
1.201
1.1997
1.1941
1.2027
1.2042
1.2006
1.1988
1.1995
1.2252
1.1987
1.217
1.1964
1.1958
1.2972
1.2022
1.2027
1.1972
1.2017
1.2113
1.1997
1.192
1.1925
1.1965
1.2092
1.2007
1.1975
1.1964
1.2
1.1986
1.2693
1.1979
1.1907
1.1997
1.1997
1.2405
1.1977
1.2057
1.1972
1.1989
1.1955
1.2054
1.1971
1.2042
1.1992
1.2145
1.1698
1.2862
1.1976
1.2507
1.1966
1.2037
1.2608
1.2069
1.2292
1.2023
1.2119
1.1952
1.1969
1.3232
1.1984
1.2024
1.198
1.2867
1.1985
1.2226
1.2047
1.198
1.1972
1.1968
1.1978
1.2047
1.2001
1.1954
1.2494
1.199
1.1958
1.2035
1.2021
1.1996
1.1968
1.1955
1.193
1.1994
1.2016
1.2023
1.211
1.1971
1.2017
1.2052
1.1947
1.2078
1.2028
1.197
1.196
1.1991
1.1957
1.1999
1.1991
1.2031
1.2035
1.3212
1.1978
1.2317
1.1971
1.1931
1.1977
1.1968
1.1998
1.2393
1.1998
1.1972
1.3042
1.1971
1.2013
1.2097
1.2025
1.2005
1.1973
1.1987
1.2038
1.2025
1.2033
1.2046
1.2005
1.1958
1.2031
1.1913
1.1997
1.1962
1.1969
1.1959
1.1944
1.1972
1.1963
1.2067
1.2011
1.2766
1.1967
1.2166
1.1969
1.1946
1.1982
1.201
1.2752
1.2091
1.1982
1.2043
1.3236
1.1982
1.1971
1.1959
1.2019
1.2015
1.1998
1.2078
1.2009
1.5455
1.1967
1.1989
1.1942
1.1995
1.1991
1.209
1.2014
1.1852
1.1998
1.2021
1.2181
1.515
1.2132
1.1951
1.1708
1.1954
1.1957
1.197
1.1941
1.2074
1.2021
1.2024
1.2001
1.2007
1.1983
1.1998
1.2028
1.2135
1.1951
1.1975
1.1982
1.1991
1.1938
1.1972
1.1993
1.1915
1.2143
1.1961
1.1972
1.1949
1.1997
1.2035
1.2032
1.205
1.2047
1.2017
1.1933
1.2003
1.1989
1.1968
1.2
1.1986
1.1974
1.1988
1.1955
1.2054
1.1993
1.6799
1.1997
1.2082
1.2057
1.1966
1.1985
1.2012
1.2073
1.1989
1.2713
1.2005
1.1939
1.1977
1.262
1.1982
1.2055
1.2022
1.203
1.2967
1.209
1.1955
1.1994
1.3221
1.2005
1.1978
1.1962
1.1987
1.2023
1.2004
1.1994
1.2075
1.2014
1.1963
1.1965
1.1959
1.1997
1.3378
1.2258
1.1969
1.3302
1.1963
1.2409
1.2001
1.2315
1.1978
1.1943
1.2015
1.1926
1.2345
1.2002
1.1978
1.1949
1.5159
1.1939
1.1979
1.1982
1.1983
1.2031
1.2081
1.2027
1.2109
1.2009
1.1968
1.1989
1.1952
1.2007
1.1985
1.2093
1.2266
1.1975
1.3352
1.1997
1.1952
1.1957
1.1982
1.2005
1.1992
1.2085
1.4632
1.2025
1.2013
1.1995
1.1933
1.2742
1.3403
1.1964
1.2211
1.1997
1.258
1.1958
1.1921
1.277
1.1941
1.2947
1.1944
1.1959
1.1931
1.703
1.1955
1.2003
1.1985
1.1954
1.2008
1.2009
1.2426
1.2338
1.1956
1.2172
1.2079
1.1976
1.1929
1.1951
1.2487
1.1988
1.1991
1.1944
1.1956
1.225
1.1961
1.2
1.5867
1.1939
1.2015
1.1943
1.1974
1.1965
1.195
1.2067
1.2168
1.1944
1.1981
1.235
1.2
1.2986
1.2055
1.2675
1.1921
1.2107
1.206
1.1955
1.1993
1.1989
1.196
1.2094
1.1944
1.1959
1.1967
1.2027
1.2002
1.1971
1.1982
1.1984
1.1963
1.1954
1.1966
1.2286
1.1966
1.3138
1.1958
1.2014
1.1973
1.1972
1.1955
1.1991
1.2004
1.3244
1.2293
1.2104
1.2011
1.1662
1.4484
1.1962
1.1945
1.2254
1.217
1.1972
1.2009
1.2001
1.1983
1.2057
1.1962
1.6147
1.1988
1.1991
1.2547
1.2611
1.1958
1.1995
1.2032
1.1981
1.1968
1.199
1.2007
1.1974
1.1995
1.1925
1.199
1.2044
1.6987
1.2252
1.2065
1.196
1.2687
1.2278
1.1942
1.1981
1.1988
1.1982
1.1949
1.2869
1.1998
1.3081
1.197
1.1962
1.1989
1.1984
1.1975
1.1993
1.2372
1.3338
1.3211
1.218
1.1941
1.1973
1.1972
1.1951
1.1976
1.3146
1.1984
1.198
1.1954
1.2009
1.2017
1.1988
1.2028
1.1981
1.1995
1.2008
1.1964
1.1977
1.2276
1.2504
1.314
1.195
1.3337
1.2015
1.2022
1.196
1.1982
1.2063
1.2665
1.2003
1.1633
1.2006
1.3214
1.2174
1.2059
1.1986
1.1982
1.1982
1.1991
1.2011
1.32
1.3525
1.2024
1.1988
1.2055
1.1912
1.1988
1.1938
1.197
1.2013
1.2004
1.1998
1.2047
1.1972
1.2841
1.1986
1.2052
1.1965
1.1953
1.2125
1.2009
1.199
1.1963
1.1957
1.2001
1.1929
1.332
1.1965
1.2033
1.2276
1.1958
1.1988
1.1996
1.1972
1.1972
1.2008
1.1982
1.2149
1.1973
1.3859
1.2002
1.2264
1.1956
1.195
1.1951
1.2043
1.2264
1.2026
1.1982
1.1955
1.196
1.2096
1.1985
1.1945
1.1685
1.1971
1.1966
1.1671
1.1945
1.3839
1.1955
1.2311
1.2007
1.1969
1.1951
1.1959
1.2057
1.1975
1.2051
1.1984
1.1665
1.1963
1.202
1.2008
1.1974
1.1955
1.2945
1.1972
1.204
1.1961
1.1944
1.1959
1.197
1.204
1.2293
1.1967
1.3016
1.2658
1.2006
1.1998
1.1943
1.2285
1.1989
1.198
1.2885
1.1942
1.2431
1.2026
1.2063
1.2033
1.2053
1.1953
1.2032
1.2041
1.2689
1.1967
1.1938
1.1955
1.1985
1.1981
1.1975
1.1978
1.2489
1.2043
1.193
1.1932
1.2001
1.194
1.2053
1.2126
1.2
1.2033
1.1962
1.1975
1.2556
1.1992
1.2064
1.1971
1.1989
1.2017
1.1983
1.202
1.1958
1.2029
1.2224
1.1995
1.2251
1.3055
1.1968
1.2785
1.2276
1.374
1.1963
1.1964
1.2003
1.6814
1.2025
1.1985
1.1966
1.2013
1.2025
1.2276
1.1978
1.2005
1.1941
1.3236
1.1712
1.1917
1.2105
1.2021
1.2377
1.2021
1.1995
1.1965
1.1951
1.1998
1.1957
1.1967
1.2151
1.2002
1.2
1.2067
1.1982
1.195
1.1982
1.1939
1.2
1.2079
1.1944
1.1978
1.2524
1.2108
1.1969
1.2007
1.1966
1.1966
1.2293
1.2385
1.2003
1.2008
1.1986
1.6979
1.1991
1.202
1.1979
1.1979
1.2072
1.6004
1.1984
1.2028
1.2001
1.404
1.2013
1.1986
1.2048
1.1965
1.1949
1.2482
1.1958
1.2337
1.2537
1.1968
1.1947
1.206
1.2259
1.8319
1.1984
1.2472
1.1948
1.2344
1.1969
1.1948
1.1934
1.2
1.1999
1.1953
1.225
1.1973
1.1987
1.1963
1.1964
1.1946
1.2017
1.2041
1.2962
1.4296
1.201
1.1972
1.2064
1.197
1.1978
1.1671
1.1969
1.1994
1.2013
1.2184
1.1997
1.1663
1.2239
1.1958
1.2007
1.2118
1.1954
1.2036
1.466
1.1983
1.2013
1.2008
1.1985
1.2078
1.2007
1.2026
1.2025
1.2091
1.2273
1.2506
1.2523
1.1979
1.1984
1.6966
1.2017
1.1948
1.1714
1.247
1.2504
1.1931
1.1951
1.1965
1.2018
1.1972
1.1973
1.2081
1.1999
1.2681
1.2373
1.2005
1.2658
1.2132
1.1969
1.1987
1.196
1.1953
1.2016
1.1997
1.2019
1.2008
1.203
1.1974
1.2022
1.1973
1.1933
1.2467
1.1993
1.1993
1.1947
1.2154
1.2215
1.1994
1.203
1.1947
1.1962
1.1961
1.1955
1.2019
1.2042
1.196
1.2024
1.1961
2.1273
1.1923
1.2017
1.1965
1.2965
1.2061
1.1996
1.2432
1.1926
1.2502
1.2752
1.1998
1.2312
1.3596
1.202
1.403
1.709
1.5393
1.1981
1.1942
1.197
1.221
1.1985
1.1967
1.1965
1.317
1.3018
1.3386
1.2007
1.1994
1.6472
1.1958
1.4111
1.2131
1.2051
1.2039
1.2063
1.2051
1.2518
1.2024
1.185
1.2539
1.1971
1.2617
1.201
1.1992
1.1991
1.2043
1.1966
1.206
1.1953
1.203
1.1984
1.1952
1.1714
1.2082
1.1967
1.1931
1.2042
1.1966
1.2096
1.1955
1.2037
1.2023
1.2132
1.1963
1.1911
1.2069
1.4343
1.1935
1.198
1.1931
1.1997
1.2061
1.2254
1.2001
1.1998
1.2007
1.1965
1.1981
1.1975
1.1921
1.1904
1.1992
1.1987
1.2141
1.2047
1.1693
1.2013
1.1936
1.1934
1.2032
1.1962
1.1994
1.1998
1.2046
1.1946
1.2121
1.2034
1.1962
1.1985
1.1985
1.1923
1.2014
1.2012
1.2001
1.1993
1.3489
1.198
1.2001
1.1977
1.1982
1.1939
1.2051
1.1978
1.1942
1.2197
1.2009
1.2006
1.3157
1.1942
1.2031
1.2319
1.2014
1.466
1.1964
1.1937
1.3892
1.1937
1.2109
1.2146
1.1985
1.3273
1.2002
1.1999
1.2014
1.2018
1.1985
1.1954
1.1988
1.2358
1.2009
1.1919
1.1949
1.1974
1.1995
1.1956
1.1989
1.1958
1.1951
1.1988
1.2003
1.2218
1.1986
1.2017
1.1968
1.1985
1.2053
1.1967
1.1983
1.194
1.1998
1.2095
1.1986
1.2096
1.1955
1.2007
1.2019
1.1961
1.1987
1.2147
1.2113
1.2224
1.2007
1.2002
1.6906
1.2
1.2123
1.1938
1.1934
1.2205
1.1973
1.1995
1.1968
1.202
1.1961
1.1974
1.2013
1.1974
1.1999
1.195
1.1927
1.1996
1.1949
1.2082
1.1995
1.1992
1.2085
1.2435
1.1956
1.1982
1.2587
1.2811
1.2261
1.2025
1.1982
1.2023
1.2048
1.1978
1.1999
1.2304
1.2079
1.2047
1.1982
1.2038
1.2048
1.1976
1.225
1.1936
1.1977
1.1994
1.2255
1.2014
1.2009
1.1987
1.2115
1.1921
1.2222
1.1983
1.2027
1.2221
1.205
1.1985
1.1965
1.1969
1.1971
1.1991
1.207
1.1986
1.2437
1.2029
1.1952
1.1986
1.2029
1.1958
1.1938
1.1981
1.206
1.2027
1.2054
1.2016
1.1934
1.2014
1.2017
1.2011
1.2304
1.1942
1.4789
1.1935
1.209
1.4495
1.2095
1.1975
1.1975
1.2027
1.201
1.198
1.208
1.1981
1.1996
1.2749
1.1981
1.2051
1.2052
1.2009
1.2015
1.2001
1.1956
1.1955
1.198
1.1986
1.1958
1.1952
1.2352
1.2
1.1928
1.2187
1.2037
1.1937
1.1963
1.218
1.1957
1.1842
1.2027
1.1991
1.3263
1.1986
1.1986
1.2017
1.2016
1.2033
1.1984
1.2198
1.5617
1.198
1.2193
1.2049
1.205
1.202
1.1979
1.1965
1.1988
1.2019
1.1956
1.1965
1.1996
1.1981
1.2026
1.1986
1.1935
1.1965
1.1916
1.2001
1.1949
1.211
1.2273
1.1948
1.1971
1.196
1.1978
1.1965
1.1975
1.1942
1.1978
1.2504
1.2029
1.1954
1.1986
1.3426
1.1997
1.1986
1.2069
1.2802
1.2348
1.1946
1.274
1.2476
1.1947
1.6969
1.1975
1.201
1.1962
1.2027
1.7183
1.1663
1.29
1.2004
1.1953
1.2031
1.2011
1.2015
1.2008
1.1972
1.2028
1.1998
1.2006
1.2
1.1976
1.1975
1.2307
1.1996
1.2026
1.1941
1.1927
1.2009
1.2682
1.1912
1.1961
1.1646
1.1992
1.1955
1.2031
1.2004
1.197
1.2156
1.1968
1.1986
1.2029
1.1969
1.1975
1.1972
1.2077
1.2654
1.4286
1.2904
1.2041
1.214
1.1961
1.204
1.3117
1.2959
1.2299
1.1961
1.1961
1.1923
1.1976
1.1951
1.1994
1.1974
1.2054
1.2309
1.2105
1.1947
1.2093
1.2484
1.199
1.1985
1.2029
1.1944
1.197
1.1972
1.199
1.216
1.1945
1.1945
1.2151
1.2015
1.1974
1.202
1.2236
1.3115
1.1938
1.2056
1.204
1.313
1.2005
1.1987
1.1983
1.2535
1.2004
1.1957
1.2607
1.2069
1.1986
1.1984
1.2006
1.1948
1.2166
1.2011
1.2005
1.2266
1.1915
1.563
1.2003
1.2189
1.1954
1.1992
1.1983
1.2572
1.2191
1.2337
1.199
1.2136
1.198
1.2016
1.1973
1.1952
1.1963
1.2005
1.2019
1.2035
1.1989
1.1949
1.2036
1.2168
1.2129
1.2009
1.1946
1.1983
1.1988
1.2003
1.197
1.1941
1.1998
1.196
1.2495
1.2004
1.1924
1.2025
1.1997
1.1974
1.1974
1.199
1.1981
1.1959
1.1986
1.2513
1.1978
1.195
1.194
1.2308
1.2464
1.1972
1.2149
1.6932
1.1987
1.1956
1.2017
1.2069
1.1967
1.2031
1.1992
1.1989
1.1983
1.2027
1.1957
1.1944
1.1959
1.3238
1.1993
1.2141
1.2562
1.1974
1.1971
1.2016
1.1974
1.1973
1.1999
1.2622
1.1998
1.2016
1.2044
1.2013
1.177
1.1993
1.2425
1.2027
1.1994
1.2108
1.1958
1.1955
1.1989
1.201
1.205
1.2003
1.3351
1.1941
1.1969
1.2074
1.2737
1.1955
1.1983
1.2181
1.1978
1.2373
1.1988
1.202
1.2166
1.1981
1.207
1.1929
1.2003
1.1988
1.1966
1.1984
1.2002
1.1934
1.2029
1.1996
1.2189
1.1932
1.2083
1.1681
1.226
1.2031
1.1958
1.1916
1.2036
1.1994
1.1953
1.195
1.2041
1.197
1.197
1.2048
1.1921
1.2059
1.2014
1.1971
1.3414
1.2146
1.1981
1.1991
1.2028
1.1952
1.3419
1.1959
1.2024
1.2047
1.2002
1.2672
1.1986
1.2063
1.2002
1.1942
1.2013
1.1982
1.1982
1.1985
1.1964
1.2247
1.1969
1.199
1.2025
1.1998
1.208
1.2025
1.1975
1.215
1.2093
1.199
1.1717
1.1995
1.2004
1.1969
1.1945
1.1997
1.197
1.2018
1.1986
1.2032
1.1953
1.1949
1.2467
1.1957
1.1955
1.1951
1.2031
1.2007
1.2871
1.2001
1.2139
1.3932
1.2001
1.2003
1.1937
1.1947
1.2043
1.2049
1.2328
1.2003
1.2315
1.1972
1.2068
1.2138
1.1966
1.2024
1.2038
1.2009
1.1985
1.2052
1.1968
1.1994
1.1927
1.2009
1.1958
1.2403
1.1981
1.2141
1.1938
1.1996
1.1961
1.1971
1.2041
1.1957
1.2112
1.2009
1.1996
1.194
1.2065
1.1971
1.2138
1.1959
1.1698
1.2072
1.1971
1.2048
1.204
1.1971
1.1988
1.2228
1.2014
1.255
1.1932
1.2006
1.2125
1.2118
1.1984
1.196
1.2014
1.2018
1.1984
1.2874
1.1982
1.2001
1.2232
1.1999
1.2611
1.6832
1.1687
1.1975
1.2056
1.2033
1.1946
1.1976
1.2042
1.195
1.1956
1.1999
1.1981
1.1978
1.2009
1.2633
1.1977
1.197
1.1976
1.1998
1.202
1.1986
1.195
1.1966
1.1951
1.2085
1.1964
1.2258
1.198
1.1962
1.2023
1.1979
1.2143
1.2008
1.1972
1.197
1.2017
1.2036
1.2002
1.2013
1.1948
1.199
1.2017
1.1971
1.1963
1.1954
1.1961
1.1946
1.198
1.194
1.1937
1.2014
1.1971
1.2196
1.1985
1.2008
1.1973
1.2038
1.2004
1.2091
1.2115
1.2598
1.1954
1.1988
1.1983
1.1968
1.2015
1.2021
1.2082
1.1967
1.2038
1.1954
1.1921
1.1989
1.1941
1.1935
1.1982
1.1979
1.1964
1.1974
1.2042
1.1984
1.1987
1.1968
1.1976
1.1962
1.1954
1.2331
1.1926
1.1972
1.1984
1.2028
1.2286
1.1962
1.1969
1.2025
1.1937
1.1954
1.2055
1.1954
1.1992
1.2026
1.1944
1.2047
1.1959
1.1999
1.1967
1.1988
1.1922
1.2025
1.1986
1.1989
1.1952
1.2034
1.2009
1.3862
1.2121
1.197
1.2073
1.1983
1.1992
1.2018
1.1934
1.203
1.1941
1.1973
1.2014
1.2029
1.1983
1.1993
1.1954
1.2013
1.2006
1.1956
1.2048
1.1991
1.1983
1.1941
1.2
1.1951
1.2177
1.1934
1.1994
1.199
1.2015
1.2302
1.198
1.1977
1.2054
1.3037
1.2008
1.1932
1.211
1.1986
1.2116
1.1959
1.2113
1.2125
1.1978
1.2165
1.2001
1.1969
1.2198
1.1949
1.1988
1.1995
1.1985
1.197
1.2005
1.204
1.2049
1.3114
1.1948
1.1969
1.202
1.1981
1.1946
1.1982
1.2
1.1986
1.1987
1.1983
1.1948
1.1961
1.2032
1.1961
1.1948
1.1954
1.202
1.1936
1.1971
1.2003
1.1958
1.1987
1.2018
1.1998
1.3346
1.1955
1.1973
1.2083
1.1945
1.3211
1.2103
1.1931
1.1992
1.1981
1.2893
1.1971
1.1943
1.1943
1.2707
1.1982
1.198
1.2026
1.1961
1.197
1.1997
1.2017
1.1992
1.2036
1.2021
1.2005
1.1988
1.2009
1.1952
1.1675
1.1988
1.1984
1.193
1.1966
1.1987
1.2005
1.2715
1.1926
1.2172
1.1967
1.1975
1.1955
1.2952
1.1966
1.1955
1.2002
1.1965
1.2054
1.2051
1.2059
1.2093
1.1985
1.1973
1.2592
1.1913
1.1948
1.1934
1.2248
1.2325
1.2267
1.1957
1.1981
1.1946
1.1969
1.1892
1.2032
1.1963
1.1943
1.1971
1.1693
1.1997
1.21
1.2017
1.2007
1.1985
1.2056
1.1955
1.1997
1.1996
1.2484
1.2041
1.1988
1.1963
1.2003
1.1941
1.1985
1.1973
1.1963
1.1963
1.1955
1.1988
1.1969
1.2001
1.1965
1.1995
1.2011
1.1958
1.1974
1.1942
1.1968
1.1955
1.1938
1.1993
1.1956
1.1985
1.2301
1.1955
1.2047
1.1933
1.2009
1.2048
1.1956
1.2053
1.2045
1.1994
1.2273
1.1986
1.1964
1.2806
1.2019
1.297
1.1964
1.195
1.1671
1.1973
1.2061
1.1947
1.2599
1.1999
1.1971
1.1994
1.1987
1.2063
1.1997
1.2011
1.1975
1.1981
1.1994
1.1977
1.1975
1.1913
1.1961
1.1962
1.2243
1.205
1.1958
1.1917
1.1989
1.1954
1.1702
1.2219
1.1955
1.2007
1.1971
1.198
1.1936
1.1977
1.1983
1.2
1.17
1.1934
1.2022
1.195
1.1958
1.1688
1.1952
1.2018
1.2086
1.347
1.1989
1.1966
1.1963
1.1956
1.1941
1.2016
1.199
1.199
1.1954
1.1987
1.1963
1.1968
1.1982
1.1983
1.6887
1.1928
1.1968
1.1994
1.2052
1.2131
1.2004
1.1939
1.1957
1.1921
1.1994
1.1936
1.198
1.1976
1.1997
1.1987
1.1917
1.1994
1.1956
1.1941
1.2021
1.1957
1.2066
1.1955
1.1977
1.1959
1.5849
1.2057
1.1987
1.1933
1.1967
1.1996
1.2204
1.1965
1.1992
1.1936
1.2025
1.1949
1.4232
1.2205
1.2038
1.2015
1.2046
1.2048
1.2016
1.197
1.2006
1.2423
1.2039
1.2046
1.1959
1.1713
1.2632
1.1978
1.3966
1.1744
1.1958
1.2361
1.1941
1.1949
1.2038
1.1966
1.1662
1.2039
1.194
1.2024
1.1965
1.1676
1.1966
1.1983
1.2073
1.1975
1.1981
1.201
1.1962
1.1983
1.1977
1.1961
1.2032
1.204
1.1934
1.1997
1.1963
1.1943
1.1933
1.1963
1.212
1.2094
1.1969
1.2516
1.2062
1.1926
1.1948
1.2004
1.1953
1.2108
1.2042
1.1944
1.1961
1.2523
1.2085
1.2212
1.2048
1.1989
1.1943
1.2008
1.1945
1.1965
1.1962
1.1925
1.1966
1.1986
1.2
1.1972
1.2054
1.2034
1.205
1.274
1.6979
1.197
1.1995
1.1988
1.1968
1.2391
1.1957
1.2449
1.2041
1.1976
1.2012
1.2063
1.2181
1.1968
1.2
1.2236
1.2017
1.2878
1.199
1.1988
1.1981
1.1949
1.1972
1.1987
1.2018
1.1967
1.3073
1.2353
1.1958
1.1956
1.1944
1.1987
1.2093
1.1955
1.3347
1.1953
1.2014
1.1968
1.2008
1.1988
1.1971
1.2091
1.1993
1.2109
1.2119
1.1979
1.2074
1.1957
1.1993
1.2037
1.208
1.1955
1.1932
1.2023
1.1962
1.1692
1.1978
1.1988
1.204
1.2265
1.1963
1.2297
1.1965
1.229
1.1999
1.1967
1.1936
1.1957
1.2141
1.2003
1.2022
1.2004
1.3025
1.2008
1.2207
1.202
1.1981
1.1941
1.1958
1.1977
1.1988
1.2004
1.1973
1.1976
1.2005
1.1956
1.1953
1.1947
1.2081
1.1982
1.2065
1.2035
1.2015
1.1978
1.1945
1.1951
1.1983
1.2028
1.2043
1.1925
1.1982
1.2967
1.1917
1.4112
1.2141
1.201
1.198
1.2106
1.2078
1.1972
1.2191
1.1948
1.1926
1.1961
1.2033
1.2003
1.193
1.1992
1.1948
1.1969
1.2129
1.1954
1.2081
1.1927
1.1988
1.1962
1.2031
1.1982
1.1915
1.2013
1.2027
1.1998
1.2006
1.2002
1.2
1.2055
1.1951
1.1939
1.1951
1.2084
1.2005
1.2091
1.2992
1.199
1.196
1.1996
1.1961
1.1976
1.2909
1.204
1.1647
1.1981
1.274
1.198
1.2354
1.3922
1.1973
1.1942
1.1971
1.2172
1.1961
1.1963
1.1962
1.2322
1.1996
1.1957
1.1973
1.1965
1.1961
1.196
1.2269
1.1993
1.194
1.1936
1.1928
1.2032
1.2365
1.1951
1.2066
1.2041
1.1946
1.2546
1.1991
1.1958
1.2668
1.2032
1.2009
1.1969
1.195
1.1984
1.2007
1.2044
1.1943
1.6973
1.1961
1.1991
1.1955
1.2
1.2779
1.199
1.1995
1.196
1.2206
1.2221
1.1986
1.2414
1.1964
1.2029
1.2117
1.2004
1.1954
1.197
1.3008
1.1962
1.2061
1.1969
1.1979
1.2025
1.2015
1.1942
1.1978
1.2006
1.2067
1.2128
1.2155
1.1949
1.1927
1.2183
1.2026
1.1968
1.1954
1.1942
1.2093
1.1958
1.1936
1.1959
1.2424
1.1963
1.2027
1.1959
1.2793
1.2701
1.1993
1.2005
1.2015
1.2167
1.231
1.2259
1.1978
1.1987
1.1952
1.1984
1.1971
1.201
1.1961
1.1945
1.1965
1.2215
1.2019
1.2003
1.1988
1.1942
1.1983
1.1968
1.1945
1.1987
1.2668
1.1984
1.1961
1.1999
1.2153
1.1974
1.1974
1.2009
1.1951
1.1963
1.1962
1.1961
1.1974
1.1689
1.1999
1.1976
1.1951
1.2014
1.2087
1.2031
1.1964
1.1955
1.2022
1.2334
1.1997
1.195
1.1933
1.2001
1.1946
1.1987
1.1977
1.2012
1.1968
1.196
1.1947
1.195
2.6871
1.1955
1.2046
1.2229
1.1973
1.2035
1.2
1.2081
1.2823
1.2022
1.2006
1.1951
1.2001
1.1997
1.1996
1.2331
1.1988
1.2023
1.1967
1.2013
1.2041
1.1986
1.1991
1.199
1.1996
1.2949
1.2
1.2007
1.2054
1.1994
1.2042
1.2135
1.198
1.1968
1.198
1.2002
1.1979
1.2602
1.2024
1.1934
1.2002
1.201
1.2004
1.2502
1.1955
1.2371
1.1931
1.1988
1.2042
1.1973
1.1951
1.202
1.1976
1.2005
1.2031
1.2001
1.1971
1.1963
1.2017
1.2422
1.196
1.1979
1.2589
1.1979
1.2027
1.2024
1.2052
1.1969
1.1991
1.854
1.196
1.1984
1.1958
1.1971
1.1985
1.198
1.2158
1.2668
1.1931
1.1979
1.4129
1.1944
1.2197
1.1967
1.1948
1.1952
1.2006
1.1943
1.1865
1.2044
1.1983
1.1965
1.2043
1.2054
1.1971
1.1978
1.2253
1.2035
1.1966
1.2171
1.2033
1.2008
1.1914
1.1988
1.1992
1.1982
1.2024
1.1934
1.2558
1.1968
1.4122
1.1961
1.2265
1.2255
1.2092
1.3591
1.2134
1.1995
1.2003
1.2049
1.1994
1.2554
1.1989
1.1992
1.1983
1.2088
1.1984
1.2032
1.2017
1.2062
1.2008
1.1963
1.2531
1.2003
1.1984
1.6914
1.1936
1.1988
1.1936
1.2013
1.2
1.1933
1.2057
1.1938
1.3607
1.2091
1.197
1.1964
1.2007
1.2726
1.1967
1.1968
1.1981
1.5247
1.1938
1.1987
1.1974
1.198
1.193
1.2002
1.1955
1.2101
1.2118
1.2015
1.1954
1.1943
1.1989
1.2007
1.1946
1.2089
1.1972
1.197
1.2498
1.2016
1.1945
1.2005
1.2027
1.2096
1.196
1.1998
1.1977
1.1984
1.2034
1.2022
1.2016
1.1961
1.2031
1.2171
1.3431
1.2028
1.1961
1.2025
1.1999
1.2018
1.3709
1.1982
1.1982
1.1929
1.1918
1.1967
1.2033
1.1974
1.2002
1.1971
1.1963
1.1965
1.2089
1.1987
1.198
1.2038
1.1971
1.1922
1.2003
1.2098
1.1994
1.202
1.2007
1.2006
1.1965
1.2122
1.2007
1.1704
1.201
1.1972
1.3287
1.1924
1.2035
1.196
1.2078
1.1959
1.1992
1.1993
1.199
1.1978
1.2067
1.1993
1.1683
1.1988
1.2022
1.1985
1.1951
1.1983
1.2026
1.1949
1.2666
1.2063
1.1976
1.1949
1.2026
1.1982
1.1956
1.2378
1.1977
1.1956
1.2007
1.1941
1.1979
1.1918
1.1711
1.2034
1.1967
1.1966
1.2165
1.1945
1.2003
1.2
1.1985
1.2056
1.1958
1.2027
1.1958
1.4202
1.1965
1.2001
1.1985
1.1972
1.1942
1.196
1.1939
1.199
1.1706
1.1911
1.2023
1.2042
1.2264
1.1988
1.1984
1.1973
1.2027
1.1979
1.2002
1.1988
1.1957
1.1943
1.1977
1.2
1.1953
1.2096
1.1986
1.1977
1.1977
1.1943
1.2009
1.1914
1.1956
1.1965
1.2052
1.1972
1.1965
1.1997
1.1988
1.1967
1.1995
1.1969
1.1972
1.2789
1.1984
1.2513
1.1945
1.2017
1.1957
1.2002
1.1962
1.212
1.2018
1.1943
1.1963
1.2137
1.1954
1.1989
1.201
1.211
1.1992
1.1985
1.1938
1.2556
1.1972
1.1995
1.1985
1.2864
1.1988
1.1988
1.1983
1.2051
1.1985
1.1984
1.1969
1.2081
1.1969
1.2695
1.196
1.3116
1.1967
1.2016
1.1946
1.1957
1.6936
1.1984
1.1991
1.1961
1.2424
1.211
1.1986
1.1991
1.1974
1.202
1.1916
1.1993
1.3079
1.1934
1.1966
1.1978
1.1952
1.1957
1.2034
1.2006
1.2464
1.1932
1.202
1.1987
1.1685
1.1928
1.2017
1.1983
1.1984
1.2036
1.1981
1.1926
1.3366
1.2641
1.1913
1.1947
1.2125
1.2016
1.1997
1.1947
1.1971
1.1982
1.1988
1.1974
1.2018
1.2004
1.232
1.1936
1.291
1.3054
1.2007
1.1673
1.1973
1.1976
1.2009
1.304
1.1939
1.2003
1.1973
1.1985
1.1952
1.198
1.2214
1.1981
1.2482
1.1944
1.2486
1.2
1.2085
1.199
1.2017
1.195
1.2133
1.2111
1.2072
1.1951
1.1999
1.2296
1.1956
1.1929
1.198
1.1994
1.1957
1.2066
1.2014
1.2078
1.2025
1.2314
1.1932
1.2205
1.2637
1.1983
1.2005
1.1953
1.1987
1.1967
1.2153
1.2009
1.2048
1.1972
1.1953
1.2046
1.1963
1.1926
1.1965
1.197
1.1953
1.1949
1.2134
1.1981
1.2027
1.2025
1.2018
1.1995
1.201
1.2009
1.1952
1.2203
1.1995
1.1951
1.1936
1.1976
1.1998
1.1997
1.1933
1.1992
1.1965
1.1938
1.2061
1.2003
1.197
1.2311
1.1949
1.2111
1.1932
1.1938
1.1965
1.1957
1.1996
1.2014
1.1981
1.1993
1.1977
1.1949
1.1989
1.2023
1.1995
1.199
1.1945
1.1945
1.1993
1.2017
1.2067
1.2001
1.1988
1.3222
1.1952
1.2018
1.1969
1.1977
1.228
1.1995
1.1949
1.2377
1.2277
1.1931
1.1935
1.1956
1.2096
1.2075
1.1986
1.1951
1.2064
1.2014
1.1977
1.219
1.1998
1.1948
1.2608
1.1979
1.1995
1.1973
1.1953
1.2325
1.1973
1.2776
1.1984
1.2214
1.2178
1.2216
1.1963
1.1997
1.2007
1.1996
1.2069
1.2411
1.1938
1.2053
1.2003
1.1984
1.2129
1.1977
1.2045
1.1984
1.1969
1.199
1.1984
1.2084
1.1979
1.2876
1.196
1.1972
1.2002
1.2005
1.1973
1.1977
1.2005
1.2576
1.2101
1.1992
1.1948
1.1967
1.192
1.2022
1.2012
1.1962
1.1654
1.2018
1.1979
1.1984
1.2205
1.1963
1.2038
1.1955
1.1981
1.1974
1.1987
1.2101
1.2014
1.2004
1.1698
1.2032
1.195
1.1952
1.1977
1.1938
1.1954
1.2016
1.2018
1.2103
1.1998
1.1932
1.1954
1.2052
1.5579
1.1991
1.2384
1.1966
1.1691
1.1972
1.1952
1.1979
1.1977
1.1933
1.2051
1.199
1.194
1.197
1.2023
1.1986
1.2018
1.195
1.1931
1.1964
1.2144
1.1922
1.1939
1.2097
1.2241
1.1926
1.1947
1.2114
1.1938
1.2085
1.2024
1.2002
1.1961
1.1978
1.2023
1.2029
1.1957
1.2005
1.2035
1.3116
1.2121
1.1983
1.2012
1.2023
1.2005
1.2059
1.198
1.2013
1.1954
1.1967
1.1979
1.1985
1.1986
1.1951
1.2006
1.1956
1.1943
1.1994
1.1977
1.2001
1.1956
1.1939
1.1975
1.1986
1.2088
1.1972
1.1924
1.2021
1.6737
1.2147
1.2646
1.1976
1.1995
1.2146
1.2041
1.1975
1.1922
1.1981
1.1895
1.1969
1.2013
1.1953
1.2135
1.1966
1.1993
1.2019
1.199
1.2011
1.1953
1.1941
1.1962
1.2008
1.1963
1.2003
1.1986
1.1958
1.1995
1.2251
1.1992
1.2282
1.1941
1.1966
1.1984
1.1964
1.1955
1.199
1.2058
1.196
1.199
1.2026
1.2001
1.2128
1.208
1.1983
1.2013
1.1969
1.2876
1.191
1.3996
1.2331
1.1961
1.1967
1.2069
1.2004
1.2018
1.2228
1.1704
1.1952
1.197
1.1975
1.197
1.1954
1.2158
1.2884
1.1978
1.1957
1.1867
1.1941
1.1912
1.1981
1.1953
1.1963
1.2025
1.2126
1.3829
1.2308
1.2298
1.1954
1.1954
1.2145
1.1958
1.1858
1.1945
1.2014
1.2016
1.1988
1.1985
1.1951
1.2
1.3689
1.195
1.199
1.1984
1.1959
1.1992
1.2285
1.2076
1.2005
1.2009
1.1946
1.1991
1.1964
1.1958
1.2041
1.2058
1.2123
1.198
1.201
1.1993
1.1954
1.2161
1.1988
1.1955
1.1983
1.2145
1.1962
1.197
1.1966
1.1979
1.1971
1.2019
1.2007
1.1951
1.2013
1.1962
1.169
1.2015
1.1977
1.2013
1.1966
1.2208
1.1974
1.2022
1.209
1.2125
1.2291
1.1993
1.2116
1.1956
1.2008
1.1944
1.204
1.1981
1.1699
1.1986
1.1963
1.1973
1.2088
1.1966
1.2024
1.1964
1.2018
1.2009
1.1932
1.2079
1.1987
1.1689
1.1954
1.1938
1.3712
1.2009
1.1958
1.201
1.2
1.1973
1.2305
1.2001
1.1965
1.1971
1.2008
1.1934
1.2
1.1961
1.1954
1.1996
1.2289
1.2013
1.1938
1.1921
1.2084
1.1967
1.1975
1.1973
1.2022
1.1986
1.1951
1.1962
1.198
1.1929
1.2018
1.2024
1.2608
1.1958
1.2429
1.1974
1.1967
1.1966
1.1976
1.2005
1.2231
1.2029
1.2001
1.1959
1.2037
1.1994
1.1966
1.1962
1.194
1.1951
1.197
1.2018
1.1713
1.1988
1.1924
1.1989
1.2116
1.1985
1.1937
1.1926
1.201
1.1991
1.1982
1.1989
1.193
1.1913
1.2066
1.1969
1.197
1.1974
1.1958
1.1986
1.1994
1.1923
1.3116
1.1942
1.1978
1.2078
1.1934
1.2003
1.1965
1.1977
1.2015
1.2781
1.2016
1.1995
1.1992
1.1999
1.1967
1.196
1.1953
1.1996
1.1914
1.1944
1.1974
1.1678
1.1936
1.1941
1.2086
1.6829
1.1989
1.2027
1.191
1.1986
1.1912
1.1926
1.2023
1.1975
1.2
1.2912
1.1876
1.2407
1.1916
1.1953
1.198
1.2026
1.1946
1.2017
1.1956
1.1681
1.2603
1.2052
1.1961
1.1682
1.1996
1.1983
1.1956
1.1967
1.2058
1.1933
1.1964
1.1931
1.1985
1.1956
1.2268
1.2072
1.2074
1.2068
1.1947
1.2013
1.1987
1.2323
1.194
1.1947
1.2003
1.1936
1.1995
1.1964
1.2722
1.1954
1.2002
1.1947
1.1987
1.2068
1.2019
1.2463
1.1955
1.2164
1.1941
1.1983
1.205
1.1992
1.1935
1.2106
1.215
1.1964
1.1978
1.1988
1.1926
1.1955
1.1953
1.2022
1.2
1.2042
1.1989
1.1971
1.1973
1.2011
1.1937
1.2042
1.1944
1.199
1.198
1.1956
1.1986
1.1947
1.1985
1.2012
1.1667
1.197
1.1957
1.1923
1.2009
1.1959
1.1936
1.1995
1.1939
1.1684
1.1991
1.2539
1.1927
1.197
1.1954
1.1934
1.1957
1.1985
1.1974
1.2674
1.1916
1.1995
1.2286
1.191
1.2011
1.1969
1.205
1.2164
1.2428
1.1971
1.3685
1.1677
1.1984
1.2011
1.2065
1.1963
1.1987
1.1993
1.1972
1.2016
1.696
1.1938
1.2673
1.1984
1.195
1.2162
1.2046
1.1995
1.2096
1.1995
1.1969
1.1985
1.3006
1.1933
1.1977
1.1971
1.199
1.1933
1.1966
1.1913
1.2021
1.1987
1.2019
1.2002
1.1987
1.2005
1.2876
1.1938
1.1968
1.2029
1.2026
1.1952
1.3249
1.198
1.1958
1.1974
1.1962
1.1965
1.194
1.2034
1.1973
1.1988
1.1958
1.5594
1.1921
1.1957
1.1987
1.1984
1.1986
1.194
1.197
1.1965
1.1972
1.2012
1.1993
1.1972
1.1969
1.1969
1.1974
1.204
1.2026
1.2005
1.1995
1.1988
1.193
1.3004
1.2025
1.1966
1.1925
1.1978
1.1972
1.1924
1.1959
1.2026
1.2294
1.2004
1.194
1.1976
1.1954
1.195
1.1978
1.1975
1.2081
1.1964
1.1976
1.1981
1.1947
1.1978
1.203
1.1956
1.1986
1.1951
1.1958
1.1963
1.695
1.1938
1.1973
1.1953
1.1977
1.1988
1.1936
1.1944
1.2
1.2012
1.1974
1.1976
1.1994
1.1955
1.2044
1.2205
1.2013
1.2192
1.1977
1.208
1.1956
1.1995
1.1985
1.2247
1.1924
1.1976
1.1959
1.1937
1.2061
1.1706
1.1975
1.1994
1.2024
1.1944
1.2035
1.1852
1.1982
1.1961
1.2042
1.1718
1.1978
1.1974
1.2062
1.1974
1.2038
1.2012
1.2002
1.2002
1.1975
1.1939
1.1939
1.1988
1.1913
1.1973
1.1982
1.1953
1.1942
1.1965
1.1995
1.1999
1.2012
1.1962
1.201
1.1924
1.1936
1.1966
1.1933
1.2016
1.1943
1.1668
1.1928
1.1913
1.1972
1.1978
1.2329
1.3775
1.1965
1.1962
1.1956
1.1979
1.196
1.1974
1.1965
1.1935
1.2029
1.2019
1.2003
1.2158
1.1979
1.1977
1.1978
1.1963
1.1969
1.1972
1.1993
1.1946
1.2006
1.1961
1.3176
1.1958
1.1712
1.1973
1.1951
1.1962
1.2014
1.1995
1.197
1.2034
1.1939
1.2
1.1956
1.2011
1.1988
1.1931
1.1978
1.2236
1.1961
1.1978
1.1946
1.1949
1.1939
1.1992
1.1977
1.1981
1.198
1.1956
1.1981
1.1998
1.1961
1.2014
1.2025
1.197
1.1932
1.1992
1.3012
1.2001
1.1954
1.7007
1.2032
1.2446
1.2046
1.1934
1.1994
1.2043
1.1955
1.1999
1.1992
1.1982
1.2009
1.1986
1.2003
1.2055
1.2156
1.1969
1.1961
1.1994
1.1983
1.4102
1.1984
1.1994
1.1929
1.1954
1.2212
1.5758
1.1931
1.272
1.2025
1.199
1.1937
1.1984
1.1986
1.2051
1.387
1.2035
1.2321
1.2121
1.2014
1.2112
1.1992
1.1958
1.1993
1.2037
1.1985
1.1972
1.1992
1.2007
1.1975
1.1965
1.1945
1.2074
1.1977
1.1977
1.1989
1.2009
1.1971
1.2022
1.1961
1.6897
1.21
1.2582
1.1963
1.2137
1.5634
1.1966
1.2008
1.2059
1.2023
1.1969
1.2012
1.2023
1.2098
1.1982
1.2071
1.2006
1.1968
1.3551
1.1706
1.2012
1.1967
1.1974
1.1914
1.168
1.2051
1.1976
1.1967
1.218
1.1947
1.1994
1.2003
1.2158
1.1992
1.198
1.2009
1.1992
1.2137
1.1979
1.1955
1.1986
1.1937
1.1944
1.1963
1.1955
1.1982
1.2002
1.1946
1.196
1.2042
1.1958
1.1956
1.1958
1.1921
1.2049
1.2035
1.2049
1.2236
1.2032
1.1967
1.1956
1.1999
1.2116
1.2019
1.1985
1.2064
1.1978
1.1955
1.2002
1.1969
1.1699
1.2015
1.1968
1.3553
1.1971
1.2034
1.196
1.1968
1.196
1.197
1.1964
1.2096
1.2054
1.1989
1.1978
1.199
1.1985
1.1999
1.1932
1.2691
1.2014
1.1978
1.2032
1.1975
1.2011
1.2233
1.1959
1.2428
1.1932
1.4071
1.1999
1.1962
1.1992
1.1936
1.2104
1.1953
1.1927
1.2318
1.2837
1.1973
1.1992
1.2588
1.1956
1.1983
1.2021
1.1921
1.2011
1.1945
1.1659
1.2025
1.2174
1.1975
1.1958
1.3346
1.2082
1.1918
1.2026
1.1974
1.1948
1.2241
1.2005
1.2008
1.1989
1.2006
1.213
1.1654
1.1959
1.2149
1.1992
1.1956
1.1699
1.197
1.1962
1.1956
1.2008
1.2161
1.197
1.1902
1.2155
1.1957
1.1939
1.1941
1.2015
1.1955
1.1989
1.1987
1.1705
1.1938
1.2175
1.2025
1.193
1.195
1.2039
1.1955
1.1982
1.1965
1.1983
1.1945
1.1945
1.1982
1.199
1.1961
1.1988
1.2016
1.2117
1.1964
1.1961
1.1942
1.1968
1.2008
1.1967
1.2016
1.171
1.191
1.1951
1.1966
1.2094
1.2602
1.202
1.1984
1.2064
1.2008
1.231
1.1969
1.2037
1.1992
1.1948
1.5491
1.1989
1.2169
1.2002
1.2054
1.2006
1.2018
1.1985
1.1988
1.1955
1.1959
1.1984
1.1916
1.196
1.1932
1.2007
1.1953
1.199
1.1974
1.2021
1.1954
1.1974
1.197
1.1995
1.1971
1.2002
1.2654
1.1964
1.1951
1.2
1.2051
1.2285
1.3534
1.1992
1.1977
1.1963
1.1997
1.1997
1.1958
1.2053
1.1948
1.2394
1.206
1.1981
1.201
1.1953
1.1936
1.2047
1.198
1.1953
1.2015
1.1982
1.1991
1.1992
1.2033
1.2033
1.2441
1.207
1.2001
1.2121
1.1996
1.1938
1.3475
1.1953
1.1691
1.1991
1.1971
1.2014
1.1965
1.1938
1.1969
1.2942
1.1977
1.2018
1.3412
1.8563
1.1955
1.1992
1.1965
1.202
1.2107
1.1983
1.1965
1.1963
1.1962
1.1999
1.1912
1.1934
1.1934
1.1935
1.1996
1.274
1.1942
1.204
1.2359
1.2487
1.1689
1.1955
1.203
1.1931
1.2853
1.1986
1.1982
1.2004
1.1952
1.1937
1.1973
1.1965
1.1989
1.1981
1.1967
1.1961
1.2035
1.195
1.1961
1.1942
1.1983
1.3113
1.197
1.2023
1.1994
1.1876
1.1925
1.204
1.2004
1.196
1.1979
1.1961
1.2
1.2014
1.1953
1.1946
1.2025
1.2126
1.1938
1.1973
1.1993
1.1996
1.1964
1.2042
1.1966
1.1999
1.1942
1.1969
1.1964
1.2016
1.1994
1.1973
1.1992
1.1989
1.1969
1.2013
1.1954
1.1929
1.207
1.1694
1.2005
1.226
1.2172
1.1983
1.1984
1.1982
1.1951
1.1979
1.1842
1.3382
1.2115
1.2365
1.1973
1.195
1.2008
1.2024
1.21
1.1951
1.2007
1.1976
1.194
1.285
1.1954
1.1996
1.1984
1.3772
1.2067
1.1987
1.2182
1.1995
1.1978
1.2025
1.2026
1.2284
1.1947
1.1979
1.1981
1.199
1.1955
1.1974
1.2001
1.1954
1.1953
1.1994
1.1948
1.1951
1.1934
1.1975
1.1992
1.2006
1.1972
1.1996
1.6918
1.2051
1.1987
1.1983
1.1996
1.2116
1.1991
1.2018
1.1947
1.2364
1.212
1.1705
1.1949
1.2011
1.2026
1.2141
1.2767
1.2036
1.1971
1.1987
1.1989
1.1997
1.1943
1.1975
1.1912
1.1916
1.2353
1.205
1.2013
1.2028
1.2057
1.2038
1.2
1.1942
1.1951
1.1952
1.1949
1.1964
1.2027
1.1917
1.1999
1.2014
1.2327
1.1983
1.2114
1.1942
1.1929
1.2008
1.1987
1.193
1.1987
1.1971
1.1974
1.1627
1.2005
1.1956
1.2008
1.2014
1.2018
1.1993
1.2132
1.1965
1.1938
1.199
1.1944
1.2745
1.1905
1.2008
1.1979
1.2047
1.1948
1.1985
1.1995
1.1999
1.2028
1.2203
1.2006
1.1977
1.2412
1.2155
1.1974
1.3083
1.2049
1.1996
1.1955
1.5544
1.1953
1.196
1.1919
1.1983
1.1947
1.1952
1.2001
1.2016
1.2031
1.1964
1.2008
1.2172
1.1972
1.1985
1.2218
1.2483
1.1957
1.2122
1.1992
1.2054
1.2128
1.1963
1.1922
1.1968
1.1963
1.1961
1.2011
1.1933
1.196
1.195
1.3383
1.2025
1.1967
1.1962
1.1942
1.1916
1.192
1.2092
1.201
1.2001
1.1957
1.1966
1.2777
1.2013
1.2015
1.2025
1.2008
1.2352
1.1997
1.2033
1.1946
1.198
1.2033
1.2123
1.4897
1.1963
1.1977
1.1975
1.1972
1.1984
1.1996
1.2053
1.1916
1.1991
1.1988
1.1943
1.1983
1.1952
1.1999
1.1994
1.4006
1.1977
1.1951
1.1995
1.1986
1.2016
1.198
1.1976
1.2067
1.1944
1.2184
1.2011
1.3094
1.1955
1.1994
1.2013
1.1972
1.1977
1.1924
1.205
1.1946
1.1951
1.1936
1.1947
1.1967
1.201
1.1969
1.1998
1.1945
1.1973
1.1996
1.222
1.2277
1.1975
1.2015
1.2009
1.2055
1.1958
1.1971
1.2016
1.2003
1.1939
1.1989
1.1932
1.2592
1.2088
1.1998
1.1987
1.1989
1.2008
1.199
1.1948
1.1959
1.2042
1.1969
1.2
1.1976
1.2016
1.2038
1.1983
1.1992
1.1996
1.2141
1.198
1.2147
1.2106
1.2053
1.1981
1.1995
1.1941
1.1983
1.1984
1.1987
1.2343
1.2022
1.202
1.2017
1.1965
1.1985
1.1925
1.3108
1.2121
1.2033
1.2149
1.1942
1.1972
1.212
1.2815
1.2054
1.2038
1.2002
1.2066
1.2008
1.1992
1.201
1.1978
1.197
1.2052
1.1946
1.2252
1.1956
1.1999
1.1997
1.2136
1.1674
1.1675
1.2003
1.202
1.2002
1.1984
1.1952
1.1952
1.1979
1.195
1.2076
1.1973
1.2013
1.1961
1.1982
1.2009
1.1937
1.1964
1.196
1.1955
1.1955
1.1982
1.2002
1.2005
1.1991
1.1993
1.195
1.1908
1.2012
1.2099
1.203
1.2004
1.1941
1.1935
1.1956
1.2043
1.3207
1.3812
1.1988
1.1955
1.208
1.1974
1.1954
1.2119
1.196
1.1997
1.2019
1.1992
1.2066
1.2028
1.1852
1.2014
1.1953
1.1986
1.1949
1.1928
1.1975
1.23
1.2334
1.204
1.1966
1.2014
1.1979
1.1885
1.192
1.1948
1.1979
1.1987
1.2027
1.2005
1.2616
1.1963
1.1939
1.1976
1.2007
1.1965
1.1979
1.1974
1.1943
1.1946
1.1956
1.1953
1.1922
1.2781
1.1677
1.1949
1.2882
1.1968
1.1952
1.2771
1.2033
1.1964
1.2015
1.1953
1.1974
1.1632
1.1971
1.2087
1.1982
1.1982
1.1998
1.2033
1.2025
1.1952
1.1981
1.195
1.2773
1.196
1.1999
1.203
1.1979
1.2283
1.1958
1.2093
1.1997
1.1989
1.1956
1.2006
1.1697
1.1992
1.1995
1.2004
1.1992
1.202
1.2094
1.2037
1.1937
1.1973
1.2151
1.204
1.2008
1.2046
1.1935
1.1959
1.1935
1.2016
1.1979
1.2121
1.3911
1.1936
1.1982
1.1978
1.3247
1.1958
1.1977
1.1988
1.1967
1.1992
1.2853
1.1979
1.1712
1.1964
1.1958
1.2066
1.1721
1.2023
1.2072
1.1971
1.1952
1.1977
1.1984
1.2112
1.1935
1.2058
1.22
1.1972
1.1981
1.2009
1.204
1.2027
1.1986
1.1963
1.1919
1.2148
1.1952
1.1952
1.1941
1.1941
1.1976
1.1948
1.1997
1.1967
1.1954
1.1972
1.1951
1.1933
1.1979
1.1972
1.243
1.1951
1.2302
1.2741
1.1982
1.1963
1.1988
1.1977
1.2036
1.2476
1.1983
1.5453
1.2035
1.2028
1.2088
1.195
1.2048
1.1998
1.1994
1.1979
1.1991
1.1945
1.195
1.1816
1.1937
1.1983
1.198
1.202
1.2002
1.1917
1.194
1.198
1.2009
1.2937
1.1945
1.1988
1.4962
1.1962
1.202
1.1957
1.1965
1.198
1.192
1.1931
1.2142
1.2008
1.2464
1.1982
1.2013
1.1961
1.1928
1.1949
1.2068
1.3988
1.2094
1.1974
1.2013
1.194
1.2166
1.1965
1.2025
1.1985
1.1993
1.2019
1.2011
1.1975
1.1953
1.2004
1.2174
1.2005
1.1982
1.2008
1.1959
