Timp in Milisecunde
1.5724
1.475
1.4724
1.4541
1.7056
1.5438
1.4749
1.4663
1.4571
1.4676
1.5275
1.4648
1.5982
1.5097
1.5511
1.4753
1.974
2.0048
1.5522
1.4427
1.5587
1.4613
1.4566
1.4727
1.4497
1.456
1.4751
1.4476
1.4793
1.4616
1.9919
1.4789
1.4483
1.461
1.4489
1.4418
1.7072
1.4751
1.4761
1.4554
1.5065
1.4503
1.4412
1.4549
1.4459
1.4747
1.485
1.4639
1.4676
1.4681
1.464
1.5201
1.4856
1.5365
1.4842
1.46
1.4516
1.4564
1.4606
1.4831
1.4584
1.4687
2.4561
1.9454
2.3877
2.1904
1.473
2.209
1.5374
1.4544
1.5124
2.3274
1.442
1.4632
1.477
1.4531
1.4858
1.4475
1.4688
1.7031
1.4667
1.5175
1.4501
1.4629
1.4731
1.4587
1.4596
1.6266
1.4645
1.4721
1.4431
1.4472
1.73
1.4352
1.4584
1.465
1.7881
1.4464
1.4598
1.5135
1.4525
1.4527
1.4697
1.458
1.597
1.4545
1.4605
1.4419
2.6588
1.4688
1.4615
1.7898
1.4796
2.0164
1.459
1.7906
1.4736
1.6626
1.8469
1.4558
1.5718
1.5497
1.548
1.6214
1.8869
2.0565
2.4617
1.4815
1.4864
1.6274
1.4693
1.7197
1.5283
1.5413
1.4913
1.8629
1.8061
1.56
2.4521
1.7377
1.4769
1.4849
1.5061
1.4854
1.4939
1.5261
1.7913
1.5631
1.7765
1.8228
1.4828
1.877
1.9565
1.5551
1.5378
1.7097
1.4617
1.4802
1.5329
1.558
1.6983
1.4592
2.1766
1.6808
1.4647
1.4634
1.8018
1.6003
1.4937
1.5603
1.5227
1.7253
2.0777
1.5784
1.8244
1.546
1.5593
1.4515
2.1361
1.7097
2.2311
1.6973
1.8863
1.9798
1.8197
1.5353
1.4499
1.6366
1.4975
1.4881
1.4942
1.5041
1.532
1.4747
1.7576
1.4753
1.9076
1.7773
1.4459
2.0326
1.6356
1.4857
1.5903
2.2637
2.3334
1.741
1.8729
1.6016
2.3663
1.5353
1.4666
1.495
2.1354
1.4892
1.4773
1.5896
1.4987
1.4568
1.4608
1.7816
1.5371
1.5672
1.4983
1.4683
1.4692
1.556
1.4747
1.5806
1.4918
1.6369
1.7897
1.9035
1.4951
1.4569
2.0115
1.697
1.6006
1.5271
1.7843
1.5296
1.7672
1.4664
1.4652
1.5626
1.4855
2.2603
1.995
1.4798
1.6553
1.4611
1.4864
1.5523
1.4591
2.3855
1.5995
1.6358
1.6138
1.5474
1.4866
1.557
2.1336
1.6865
1.5737
2.1923
1.8446
2.1381
1.5718
1.4858
1.5638
1.5484
1.5146
1.5777
1.9753
1.7027
1.6794
1.6917
1.488
2.1823
1.504
1.8793
1.8036
2.6727
1.6113
1.7173
1.5401
1.541
2.3178
1.8297
2.2003
1.7374
1.6891
1.4518
1.8361
1.9826
1.6316
2.1497
1.9659
1.6973
2.4344
1.9748
1.7732
1.5065
1.7511
1.6665
1.5761
1.5124
1.9471
2.3883
2.1072
1.6041
1.7939
2.0108
2.0941
1.6672
1.925
1.5617
1.7448
1.5881
2.067
2.3129
1.5468
1.4926
1.493
1.7642
1.9413
1.5689
1.6018
1.5564
1.9237
1.6488
2.0566
1.8142
1.7274
3.8956
1.943
2.0405
1.5119
1.4955
1.9304
2.062
1.5004
1.5194
1.4996
1.7807
1.5095
2.013
1.9285
1.6962
1.6
1.7952
1.4978
1.5104
1.5697
1.7093
2.3971
1.7865
1.9927
1.7422
1.6042
1.6215
1.7863
2.0915
1.7346
1.9389
1.6243
1.5493
2.2787
1.5566
1.543
1.5137
2.0997
1.594
1.5106
2.0497
2.0736
1.5637
1.6602
1.4804
1.5304
1.8437
1.6076
1.6003
2.3995
1.918
1.7629
1.9397
1.7129
1.4837
1.4563
1.6744
1.6796
1.5409
1.7711
1.9895
2.3232
1.6082
2.199
1.617
1.81
1.6967
1.6902
1.4936
1.4754
1.8875
1.9524
2.1578
1.5428
1.6904
1.5474
1.5222
1.6626
1.5883
2.0374
1.5416
1.8183
1.6243
1.7347
1.7218
1.5647
1.5879
1.5101
1.7686
1.5537
1.7344
1.477
1.6116
1.6292
1.6759
1.7017
1.7965
1.5793
1.9521
1.7081
1.5541
1.9903
1.5673
1.5499
1.5291
1.685
1.5008
1.4788
1.6146
1.587
1.5454
1.7194
1.5026
1.5772
1.743
1.6569
1.7091
1.7455
1.4938
1.4718
1.5495
1.4962
1.6306
1.4867
1.5498
1.6648
1.9537
1.6069
1.7205
1.5516
2.1281
1.7339
1.7714
1.5806
1.6288
1.5244
1.534
1.8613
1.5745
1.5279
2.3148
1.5008
1.4666
1.5968
1.7275
1.5339
1.7819
2.3559
1.5637
2.1778
1.5553
1.8229
1.675
2.0854
1.5864
1.7972
1.7904
1.4936
1.7581
1.5309
1.668
1.9657
1.5865
2.0906
1.4909
1.6136
1.6415
1.5409
1.7727
1.9668
1.8647
1.4814
1.5152
1.9126
1.6894
1.6161
1.4621
1.9839
1.9582
1.4908
1.5861
1.5506
1.4613
2.1914
1.9993
1.5583
1.5341
1.491
1.4678
1.4957
1.877
1.5954
1.4948
1.5095
1.5384
1.5666
1.5973
1.5077
1.5013
1.5132
1.5165
1.6621
1.8058
1.7056
1.515
1.656
2.1504
1.5188
1.5516
2.3713
1.5168
1.5189
2.0038
1.5238
1.5948
1.7903
1.8262
1.4657
2.5049
1.5595
1.7119
2.1615
1.8232
1.5144
1.5848
1.7805
1.7235
1.5078
1.5391
1.9793
2.3577
1.7251
1.4917
1.7111
1.7395
2.2116
1.4711
2.6035
1.5469
2.2214
1.4832
2.008
1.4796
1.7639
1.5941
1.5759
1.6534
1.6675
1.5869
1.479
1.5157
1.8425
2.1022
1.7401
1.5961
2.4577
1.8915
1.8165
1.6327
1.8053
1.9608
1.7133
1.5268
1.7154
1.8589
1.4498
1.4719
1.606
1.5639
1.6998
1.6733
1.6734
1.5794
1.834
1.5955
1.5879
1.4945
1.5064
1.5183
1.7418
1.4775
1.5409
1.4728
1.4905
2.04
1.5336
1.4714
1.6014
2.2819
1.5969
1.7279
1.4818
1.5428
1.5833
2.1804
1.6471
2.2272
1.5885
1.4912
1.5016
2.2242
2.2758
1.6802
1.8253
1.4681
1.7056
2.1541
1.6383
2.0821
2.359
1.6196
1.5231
1.5235
1.8362
1.9179
1.5858
1.8164
1.6588
2.1571
1.5193
1.4691
1.8951
2.0974
1.9721
1.7969
2.1209
2.255
1.4953
1.5471
2.322
1.555
2.1581
1.8333
1.6809
2.0572
1.9457
2.1481
2.0529
2.1126
2.0135
1.571
3.0631
2.0381
1.5508
2.2623
1.602
1.6501
1.5962
1.7378
1.7614
1.4842
2.3494
1.5146
1.4973
1.538
1.5408
1.5456
2.1037
1.4653
1.7618
1.7642
1.4742
1.5093
1.6531
1.4889
1.7148
1.5433
1.7116
1.9456
1.7176
1.5825
1.9784
1.5482
1.5145
1.9683
1.4871
1.742
1.5719
1.5003
1.822
1.5887
1.768
1.783
1.9545
1.5704
1.4893
1.7503
1.5165
1.5119
2.283
1.4458
2.1725
1.571
1.9448
1.5297
1.4982
1.6268
1.5505
1.4685
1.4705
1.7038
1.6622
1.4862
1.5082
1.4615
1.661
1.5018
1.6802
1.8665
1.9429
2.1669
1.5741
1.8184
1.5524
1.4639
1.4981
1.4649
1.9083
1.5415
1.4773
1.5834
1.995
1.5482
1.5901
1.4737
2.3509
1.4468
1.5085
1.6844
1.5432
1.5755
1.5088
1.646
1.5766
1.5648
1.467
1.4579
1.4902
1.9546
1.5622
1.7861
1.6018
1.4908
1.4891
1.538
1.4609
1.4878
1.6014
1.9485
1.8069
1.5165
1.4673
1.5116
1.483
1.4748
1.5166
1.5104
1.4966
1.6412
2.18
1.5469
1.4765
1.5432
1.7246
1.4556
1.4597
1.6512
2.0265
1.4895
1.9037
1.8582
1.5571
1.5519
1.4719
1.7951
1.4903
1.478
1.5137
1.8052
1.4813
1.7187
1.7861
1.475
1.7329
1.5009
1.4932
1.6813
1.8766
1.5852
1.4695
1.9806
1.572
1.9179
1.7103
2.1115
1.4966
1.569
1.4735
1.6223
1.5401
1.4933
1.5963
1.8359
1.9215
1.5291
1.46
1.8325
1.562
1.4624
1.4665
1.5568
1.5775
1.5807
1.6975
1.6629
1.5085
1.4787
1.891
1.4512
1.4599
1.4508
1.5256
1.6915
1.4696
1.7042
1.5141
1.5509
1.4601
1.5398
1.5119
1.4802
1.7505
1.4653
1.8393
1.6459
1.4452
2.3441
1.4764
1.456
2.0229
1.5707
1.6967
1.5265
1.7136
2.0574
1.4759
1.5044
2.4594
1.458
1.4847
1.5083
1.5258
1.6782
1.7655
1.5233
1.8998
1.5259
1.5783
1.6543
1.8599
1.542
1.7691
2.4257
2.0734
1.5305
1.4991
1.5456
1.4928
1.4691
2.0095
1.9519
1.4945
1.8744
2.1519
1.5918
2.0728
1.4839
1.5702
1.7848
1.5064
1.5967
1.6281
1.5447
1.8344
1.7443
1.6925
1.7701
1.6066
1.9612
1.6944
1.5275
1.8499
1.6843
1.5832
1.4841
1.7851
1.6341
1.5767
1.4734
1.4587
1.4581
1.6873
1.4598
1.4548
1.7052
1.4687
1.5515
1.5102
1.6738
1.6229
1.4848
1.6856
2.2857
1.6151
1.6552
1.5045
1.5608
2.3033
2.3876
1.4692
1.6779
1.5835
2.226
1.9489
1.5666
2.0623
1.8615
1.6001
1.7716
1.6196
1.5094
1.7127
1.6988
1.5927
1.4557
1.7145
1.5099
2.1671
1.5687
1.7061
1.7708
1.7287
1.4553
1.5843
1.6445
1.6296
1.4612
1.9014
1.6117
1.7406
1.5665
1.8325
1.6386
1.4955
1.5137
1.5668
1.5262
2.3201
1.4859
1.9612
1.4745
2.2179
2.1759
1.5025
1.7443
1.4875
1.8427
1.5558
1.6003
1.9734
1.61
1.5461
2.2208
2.0295
1.5763
2.1245
1.6094
1.5204
1.7863
1.5456
1.8846
1.7951
1.7475
1.5971
1.9325
2.0526
1.614
1.8616
1.776
1.7683
2.3232
1.73
1.7356
1.7925
2.3022
1.5975
1.5703
1.9351
1.5752
2.1188
1.6714
1.5469
1.6864
1.5618
1.4615
1.5824
2.2326
1.5296
1.493
1.666
1.5048
1.6508
1.6573
1.5165
1.7574
1.4551
1.5325
1.5182
1.5795
1.4804
1.514
1.4921
2.3949
1.7941
1.8019
1.4759
1.4969
1.5234
2.0416
1.881
1.8843
1.8564
1.7631
1.5324
1.9528
1.4669
1.7579
1.4699
1.5198
1.4971
1.8063
1.5805
1.6614
1.4698
1.6549
1.7088
2.2246
1.5309
2.0252
1.4731
1.5556
1.4847
1.8323
1.504
1.5243
1.598
1.6835
1.6416
1.5148
1.5805
1.7029
1.5596
1.5269
1.9164
1.768
1.4702
1.4853
1.5128
1.5383
1.6632
1.561
1.8521
1.5565
1.5894
1.6571
1.5513
1.513
1.5256
1.5272
1.5047
1.5241
1.6699
1.4898
1.4813
1.7063
1.4661
1.6516
1.9647
1.7764
1.5831
1.8438
1.5492
1.506
1.474
1.5368
1.6516
1.4927
1.5036
1.6334
1.8508
1.5068
1.6545
1.5245
2.3064
1.6422
1.9804
1.7603
1.8056
1.8839
2.1159
1.8012
1.6768
1.5044
1.5699
1.5785
1.4836
1.6475
1.9486
2.3594
1.7401
1.5214
1.5702
1.8573
1.486
1.5151
2.1484
1.4709
1.5518
1.5253
1.6496
1.5228
1.5503
1.4798
1.6838
1.5277
1.4811
1.7799
1.5842
1.8273
1.5018
1.4993
1.5718
1.493
1.4807
1.9205
1.4736
1.5408
1.7957
1.4595
1.6037
1.5749
1.5437
1.6478
1.4782
1.642
1.4935
1.8657
2.2882
1.5493
1.8141
1.6118
1.6639
1.8397
2.1176
1.4666
1.485
1.6182
1.595
2.112
1.5468
1.6135
1.5393
1.7952
1.4961
1.5258
1.7076
1.774
2.1529
1.5242
1.5591
2.1365
2.1274
1.8915
1.6814
1.5779
2.2147
1.6171
1.5788
1.5014
1.5192
1.5782
2.0001
2.1739
1.5683
2.0422
1.7063
1.9339
1.8082
1.579
1.534
1.5502
1.5138
2.0147
1.499
2.0825
1.6808
1.542
1.5979
1.8685
2.0319
1.5674
1.6317
2.0667
1.6051
1.5458
1.5302
1.4862
1.5803
1.4803
1.6499
1.8568
1.5119
1.6046
1.667
1.5557
1.8962
1.6506
1.6563
2.3078
1.6714
2.0826
2.2629
1.9442
1.644
2.138
1.7091
2.0639
1.7773
1.6457
1.5538
1.8292
1.6237
1.6048
2.4722
1.6345
1.5746
1.5644
1.4936
1.5557
1.4621
1.5515
1.4837
1.6928
1.5246
1.4603
1.9269
2.2105
2.0533
1.5974
1.4448
1.4633
1.6319
1.4667
1.4834
1.4721
1.4699
1.4523
1.465
1.4833
1.4549
1.4526
1.4823
1.4633
1.7907
1.4608
1.7699
1.4829
1.4626
1.4369
1.4605
1.4702
1.7248
1.7664
1.4517
1.4638
1.4641
1.4518
1.59
1.7449
2.0909
1.4531
1.4638
1.536
1.6064
1.7996
1.5068
1.9768
1.6992
1.4755
1.4858
1.993
1.5795
1.7943
1.8483
2.0552
1.5344
1.5148
1.844
1.5248
1.4736
1.7966
1.6043
1.4708
1.7696
1.4947
1.683
1.5636
1.7243
1.5874
1.5044
1.5743
2.6995
1.4783
1.9529
1.4817
1.9577
2.2486
1.8724
1.8011
1.8503
1.471
1.6572
1.9314
1.7035
1.582
1.5023
1.573
1.8483
1.8371
2.0132
1.473
2.2481
1.7848
1.4963
2.1837
2.1424
2.0933
1.4723
1.5373
1.4966
1.5157
1.4982
2.1261
1.513
1.4665
1.52
1.6344
1.6401
1.5826
1.7225
1.5091
1.9839
1.7359
1.4581
1.9537
1.5093
1.5556
1.8106
2.0461
1.6308
1.6691
1.5525
2.0318
1.525
1.9489
1.5132
1.4971
1.769
1.4911
2.0889
1.6091
1.5713
1.4888
2.3344
2.2682
1.4765
2.3595
1.5562
1.6095
1.6939
1.6708
1.516
1.5606
1.9835
1.5043
1.6483
1.4777
1.5354
1.7045
1.696
2.3831
1.5306
1.8022
1.7223
1.7117
2.2414
2.37
1.4833
2.0544
1.5078
1.4878
1.6908
1.7065
1.5306
1.9176
1.4949
2.1642
1.5817
1.5164
1.8934
1.642
1.6934
2.0322
2.2927
1.4793
1.5356
1.4979
1.5005
1.8354
1.8696
1.8302
1.8141
2.2898
2.2016
1.5246
1.7819
1.612
1.8373
2.2103
2.1658
2.1127
1.6033
1.9467
1.786
1.5418
1.6086
1.6388
1.4704
2.2604
1.8641
1.6009
1.685
1.8112
1.5588
1.8858
1.891
1.6966
1.4922
1.8267
1.6719
2.0219
1.7171
1.8269
1.5219
1.478
1.6089
1.5759
1.6198
1.6917
1.9893
1.5143
1.8447
2.4094
1.9424
1.523
1.9423
1.9644
1.5494
1.5494
2.0804
1.4708
1.6095
1.5044
1.7478
2.1683
1.6887
1.5299
1.6028
1.6991
1.6964
2.1838
2.178
2.2647
1.4996
1.5438
1.5443
1.918
2.0759
1.4907
1.5598
1.5903
1.4812
1.726
1.8202
2.1213
1.7394
2.0887
1.5226
1.4882
1.7929
1.8792
1.4709
1.5138
2.3397
1.5332
1.4742
1.6063
1.4825
1.5241
1.826
1.6196
1.8851
1.7079
1.6419
1.4647
1.7349
1.583
1.823
1.4959
1.715
1.4883
1.6371
1.5108
1.7255
1.7774
1.6686
1.4923
1.527
2.3063
2.3086
1.4815
1.8586
1.5177
1.7587
1.5582
1.5072
1.793
1.7977
2.5363
2.3314
1.6895
1.4989
1.8601
2.0953
1.4648
1.5278
2.0861
1.5561
1.6623
2.358
1.5678
1.4572
1.4775
1.6314
1.564
1.561
1.6767
1.544
2.2326
1.6186
1.7247
1.4612
1.58
1.4877
1.459
1.5727
1.5591
1.7897
1.5914
1.5284
1.8575
1.6527
1.6879
1.4712
1.5662
1.9767
1.468
1.518
1.5196
1.4512
1.6649
1.9309
1.5801
1.4667
2.383
1.6101
1.5402
2.2311
1.6593
1.8417
2.3482
1.5585
1.9055
2.0464
1.4777
1.5676
1.7149
1.609
1.5584
1.5187
1.6013
2.3664
1.5866
1.5121
1.5513
2.0779
1.5135
1.4859
1.8031
2.0818
1.6543
1.4959
1.5718
1.5214
1.5159
1.6296
1.8495
1.5385
2.2076
1.9821
2.0861
1.619
1.5141
1.5526
1.4804
1.4746
1.8471
1.493
1.4996
2.0063
1.4759
1.4708
1.5008
1.7941
1.5949
1.4807
1.4734
1.6015
1.524
1.5224
1.6721
1.6499
1.487
1.4925
1.5072
1.904
1.4937
1.5982
1.6458
1.6473
1.5796
1.595
1.4645
1.6987
2.1225
2.5625
1.6854
1.632
1.4773
1.6527
1.5402
1.9409
1.7668
1.4982
1.5085
1.4935
1.5349
1.957
1.548
1.5339
1.4961
1.6478
1.6565
1.5198
1.5099
2.2905
1.5778
1.6551
1.6312
1.5642
1.6287
1.4746
1.9445
1.6636
1.8344
1.5445
1.9388
1.5175
1.5709
1.4623
1.5078
1.6741
1.5249
1.4817
1.503
2.3662
1.8206
1.9466
1.8892
1.6315
1.5087
1.4828
1.8648
1.5425
1.5709
1.4596
1.4928
1.4977
1.5529
1.5017
1.5849
1.535
1.6948
2.1718
1.492
1.5842
1.572
1.4992
1.4853
1.646
1.9488
2.2866
1.6133
1.484
1.5784
1.6751
1.5074
1.5315
1.5576
1.4724
1.8309
1.4711
1.7478
1.5424
1.8963
1.5167
2.0132
1.55
1.4872
2.1081
1.4738
1.6408
1.4817
1.9302
1.5058
1.6492
1.5011
1.6732
1.6885
1.805
2.1986
1.5018
1.4987
1.69
1.4873
1.5356
1.554
1.7599
1.4685
1.5933
2.2349
1.5017
1.9187
1.4899
1.6043
1.5571
1.682
1.7739
2.1762
1.4924
1.5211
1.518
1.6191
2.0033
1.6466
2.1533
2.1389
2.2649
1.4735
1.7759
1.6615
2.0887
1.4796
1.4765
1.468
1.5588
1.4811
1.594
1.9847
1.5576
1.9569
1.5066
1.7371
1.5224
1.475
1.4603
1.5265
1.9921
1.6054
1.5192
1.4546
1.5856
1.7174
1.6488
2.0546
1.5102
1.4921
1.6413
1.5933
1.5085
2.2708
1.7212
1.5993
1.5395
1.7247
1.8419
1.9768
1.4802
1.4726
1.7712
1.5001
1.54
1.503
1.4958
1.5201
1.9888
1.7077
1.5368
1.8949
1.6182
1.4591
1.522
1.6154
1.4598
1.6843
2.2855
1.8124
2.0647
1.6895
1.6
1.9484
1.4985
1.6252
2.3149
1.4834
1.4713
1.5432
2.2695
1.6553
1.5163
1.7315
1.7827
2.3732
1.5432
1.6117
1.6305
1.606
1.9669
2.0476
2.0652
1.4709
2.0373
1.5372
1.8015
1.4837
1.6881
1.4688
1.5137
1.8926
1.8463
1.5503
1.518
1.7422
1.4459
1.476
1.8186
1.6251
1.6944
1.5682
1.5093
2.1545
1.484
1.529
1.4772
1.661
1.5176
1.4732
1.5971
1.5244
1.5111
1.5501
1.4915
1.7044
1.5914
1.4709
1.5955
2.0431
1.6256
1.6141
1.9267
1.6746
1.4693
1.4661
1.4691
1.6167
1.4664
1.9467
1.5228
1.5186
1.5895
1.4592
1.4579
1.621
1.8691
1.557
1.7024
1.6636
2.3571
1.7511
1.452
1.4438
1.483
1.6294
2.0179
1.6384
1.4931
2.3535
1.4697
1.5261
1.465
1.5959
1.585
1.4797
1.5088
1.874
1.5998
2.2153
1.5409
1.7346
1.4785
1.5526
1.6459
1.4822
1.4551
1.4486
1.5791
2.0034
1.8962
1.8769
1.9872
1.5866
2.1088
1.7609
1.5014
1.4727
1.5606
1.6259
1.6294
1.4563
1.5741
1.4626
1.5608
2.2909
2.3524
1.4724
1.5648
1.5089
1.9506
1.5326
1.6818
1.5371
1.4939
1.7297
2.3834
1.482
1.4838
1.523
1.5714
1.7756
1.9019
2.0986
1.9321
2.8445
1.5314
1.4822
1.6147
1.5245
1.4972
1.4874
1.6201
1.5757
1.465
1.4852
1.4575
1.4712
1.8292
1.8421
1.5167
1.6276
1.8991
1.4426
1.4479
1.592
1.5043
1.4773
1.6235
1.4953
1.7416
1.4738
1.6789
1.5067
1.5059
1.8449
1.5452
2.2661
1.4811
1.8748
1.4639
1.4677
1.4795
1.5726
1.5043
1.4607
1.4948
1.9473
2.1618
1.5545
1.5304
2.0292
2.4203
2.1246
1.7645
2.3595
1.8839
1.9882
1.5011
1.6877
1.7949
1.7932
1.6819
1.9038
1.5788
1.7034
1.5232
1.582
1.529
1.6769
1.7353
1.5843
1.6556
1.9543
1.568
1.521
1.4941
1.7917
1.5927
1.4783
1.5358
1.5651
1.6704
1.6978
1.655
1.6569
1.7521
1.7131
1.6841
1.4756
1.7321
1.5823
1.7106
1.821
1.4811
1.5772
1.8743
1.7321
1.8071
1.6095
1.7187
1.748
1.5283
1.4746
1.7909
1.5815
1.7046
1.5872
1.8681
1.9636
2.3193
2.1669
1.5796
1.6614
1.9772
2.1759
2.074
1.7391
1.4543
1.5294
1.9459
1.5737
1.8095
1.6624
1.5655
1.6932
1.6854
1.6463
2.0344
1.5752
2.1938
1.5751
1.593
1.6892
1.5047
1.5488
1.4733
1.6832
1.8341
1.5549
1.7976
1.489
1.6272
1.753
1.5123
2.0726
1.5159
1.4617
1.6831
1.7109
2.2803
1.4782
2.1188
1.5444
1.8018
1.6968
2.2833
2.005
2.0753
2.3134
1.5475
1.4801
1.459
1.5013
1.5341
2.2051
1.7113
1.9226
2.1406
1.5301
1.5659
1.7757
1.5001
1.7956
1.7275
2.2315
1.7289
1.7446
1.6763
2.2198
1.9814
1.7099
1.6364
1.6555
2.0636
2.1545
1.7206
1.5143
1.5807
2.4898
1.4909
2.4175
1.5271
1.7604
1.6289
1.8297
2.0691
1.8188
1.5535
1.5102
1.45
1.477
1.8098
1.5789
1.4696
1.5017
1.5328
1.5227
1.531
1.4605
1.4948
1.5548
1.7136
1.4517
1.5047
1.5001
1.4719
1.7309
1.4663
1.5511
1.4518
1.4515
1.5314
1.5249
2.0352
1.5307
1.4551
1.4993
1.7035
1.565
1.564
1.5072
2.0834
2.032
1.8088
1.6811
1.5498
1.6101
2.3551
1.5419
1.8987
1.5354
1.6665
1.6173
1.6503
1.4659
1.6587
1.5528
1.7723
1.7405
1.6693
1.5052
1.9944
2.2258
2.001
1.8725
2.1662
1.5591
1.5321
1.5584
1.6556
1.516
1.9534
2.0591
1.7018
1.7233
1.5692
1.551
1.7025
1.6158
1.5314
1.7406
1.5071
1.5115
1.5925
1.4816
2.2202
1.4673
1.7208
1.5892
1.6754
1.5014
1.5981
1.6308
1.7864
1.7352
1.6658
1.9885
1.5167
1.597
1.5167
1.7337
1.5149
1.562
1.5944
1.6314
1.654
1.7054
2.0974
1.4967
1.6346
1.5416
1.7195
1.8574
2.3366
1.522
1.6872
1.7408
1.4961
1.6772
1.6287
1.618
1.5716
1.5086
2.0412
1.5845
1.5891
2.099
2.3563
2.2375
1.4889
2.0022
1.6087
1.5443
1.5187
1.7129
1.6412
1.6318
1.5263
1.4893
1.5173
1.6088
1.5261
1.9905
1.5276
1.7633
1.6784
1.9849
1.5871
1.6699
1.9873
1.5402
1.5793
1.7674
1.4898
1.6843
1.5135
1.537
1.4995
1.8325
1.6024
2.0158
1.8697
1.5267
1.7372
1.6541
2.2735
1.6939
1.6728
1.5995
1.5126
1.5325
1.4889
1.541
1.5151
1.5412
1.6859
1.4843
2.0438
1.4995
1.5429
1.718
1.6077
1.6789
1.5086
1.5223
1.5601
1.7046
1.5144
1.4841
1.904
1.5682
1.8856
2.0118
1.5311
2.2832
2.0424
1.4945
1.4663
1.7107
1.7371
1.7583
2.1088
1.8776
2.0822
1.7783
1.5579
1.548
1.4966
1.4691
1.593
1.566
1.6731
1.9694
1.6194
1.6208
1.662
1.5628
2.257
1.5151
1.5327
1.5701
1.7047
1.8025
2.1103
1.5646
1.6153
1.7334
1.6336
1.5723
1.5481
2.0325
1.6207
1.7802
1.6063
1.7117
1.6678
1.5733
1.5234
1.5192
1.7856
1.7096
1.5712
1.6215
1.6542
1.7238
1.4975
1.6918
1.668
1.5151
2.0728
1.6206
1.5636
1.6164
1.4574
1.5833
1.7459
2.2855
1.5946
1.6698
1.5854
1.5829
1.6302
1.5168
2.3092
2.1153
1.4537
1.5694
1.6831
1.5066
1.9109
1.4664
1.5576
1.4966
1.6629
1.471
1.5063
1.4792
1.6621
1.9501
1.5168
1.5538
1.6332
1.9287
1.6067
1.456
1.551
1.5598
1.4599
1.6951
1.6889
1.8124
1.4942
2.0029
2.286
1.7025
1.45
1.5227
1.4843
1.8108
1.5173
1.5664
1.5582
1.9748
1.7321
1.6334
1.6917
1.5114
1.8493
2.1807
1.5063
1.4914
1.6257
1.6853
1.4655
1.6502
1.5228
1.5024
1.976
1.7926
2.3064
1.9438
1.6008
1.645
1.5014
1.6931
1.9309
1.4806
2.2025
1.6917
1.9189
1.6916
1.5214
1.6621
1.9405
1.518
1.9317
1.5377
1.6199
1.5453
1.6298
1.5345
1.5088
1.5456
1.5534
1.9341
1.9572
1.5965
1.4794
1.6702
1.516
1.8651
1.5965
2.0635
1.5821
1.8636
1.5653
1.47
1.4612
1.5372
1.4724
1.6402
1.5694
1.8003
1.4949
2.415
2.0048
1.5114
1.5755
1.5153
1.4495
1.7281
1.4661
1.4672
1.4614
1.4489
2.2253
1.5175
1.6809
1.463
1.6302
2.1728
1.5488
1.7378
1.5095
2.2289
1.4907
1.6101
1.5329
1.8113
1.5542
1.7576
1.5683
1.5023
1.6625
1.4784
1.6911
1.4893
1.7027
1.5863
1.5409
2.0275
1.7735
1.9478
1.5164
1.5748
1.6167
1.5022
1.5304
1.5008
1.7346
1.4882
1.5848
2.0692
1.6048
1.5899
1.468
1.7067
1.588
2.1679
2.2479
1.6771
1.5458
1.4846
1.8486
1.8161
1.5506
1.8155
1.5946
1.6464
1.6882
1.5163
1.4653
1.4597
1.4951
1.4672
1.4579
1.4518
1.4598
1.4544
1.4675
1.4801
1.4548
1.4482
1.4584
1.4524
1.4569
2.3914
1.464
1.5623
1.454
1.4462
1.4632
1.4412
1.4776
1.4808
1.4514
1.4563
1.5524
1.4867
1.4633
1.4541
1.4631
1.4822
1.939
1.6368
1.452
1.8357
1.971
1.4618
2.2394
1.4556
2.0544
1.4981
1.8442
1.9355
1.4979
1.4565
1.4878
1.5898
1.5338
1.5291
1.5724
1.4892
1.4622
2.3694
1.6178
1.5498
2.2043
1.5647
1.4742
2.2026
1.5338
1.5209
1.4794
1.6048
1.8158
1.5396
1.6031
1.5354
2.3798
1.8231
1.7386
1.7082
1.5209
1.5297
2.0027
1.6769
1.7462
1.7042
1.5777
1.6101
1.5925
1.5588
1.5453
1.4907
1.5746
1.8364
2.1167
1.7706
1.6241
1.9305
1.544
1.8624
1.5708
2.1873
2.3331
1.8766
1.8544
1.836
1.5353
1.5517
1.4765
1.7588
1.5752
1.5781
1.5105
2.2874
1.8639
2.3182
2.1156
1.5386
2.0409
2.2778
1.6525
1.4639
1.7245
1.6609
1.5843
1.6845
1.4834
2.2763
1.9236
1.4853
2.2761
1.5138
1.5423
1.54
1.5716
2.0698
2.1644
1.4969
1.8717
2.4111
1.9223
1.4757
1.5916
1.638
1.5821
2.265
1.9963
1.4733
1.929
1.5374
1.5464
1.6998
1.658
1.5313
1.5178
1.8242
1.4806
1.8712
2.3814
1.8503
1.5085
1.505
1.4545
1.8353
2.1655
2.0273
2.0186
2.1949
1.4855
2.4449
2.1274
2.1224
1.8049
1.5048
1.8061
1.7835
1.692
1.7124
1.6384
1.4609
1.7098
2.2727
1.5299
1.5515
1.9441
1.6176
1.8108
1.7467
1.7122
2.1391
1.8627
1.8314
1.9412
2.3817
1.7543
1.4954
1.8124
1.6721
2.433
1.7142
1.6671
2.0344
1.4794
1.814
1.7426
2.0205
1.4706
1.5671
1.6107
1.9239
1.5364
1.7082
1.6998
2.0934
1.5164
1.5874
2.3075
1.7707
1.5601
2.0837
1.7925
1.4856
1.5467
2.3312
1.4907
2.0006
1.529
2.0634
1.8513
1.739
1.7139
1.7972
1.7722
1.6727
1.5037
1.6908
1.7324
1.6157
1.4891
1.9697
1.831
1.883
2.052
1.5367
1.5499
1.7367
1.5513
2.3328
1.583
1.6397
1.5391
1.561
1.4807
1.5127
1.5019
1.7321
2.1734
1.5086
1.5027
1.5015
1.9911
1.4561
1.4772
1.5402
1.6599
2.1475
1.8714
1.837
2.2672
1.8984
2.2623
1.8271
2.0347
1.4861
1.8823
2.2264
1.743
1.6467
1.898
1.8056
1.959
1.8748
1.8722
2.1734
1.696
1.5041
2.2672
2.0533
1.5814
1.4913
1.6436
1.7261
1.781
1.545
1.6786
1.5239
1.5323
1.6432
1.5285
1.4862
1.593
1.5227
1.4832
1.9478
1.5325
1.4637
1.5495
1.5016
1.4766
1.9535
1.5238
1.8758
1.5547
1.465
1.5462
1.4887
1.4955
1.5631
1.5581
1.6152
1.833
1.4432
1.5616
1.6738
1.6007
1.5557
1.9291
1.5953
1.5364
1.6436
1.5229
1.6282
2.0789
2.0704
1.8609
1.9455
2.0178
1.6308
1.4494
2.2312
1.5713
1.527
1.886
1.7105
1.869
1.9843
1.5788
1.8694
2.0289
1.4794
1.5116
1.4548
1.4452
1.5404
2.2131
1.5684
1.8577
1.5601
1.5094
1.7522
1.5385
2.3071
2.105
1.5739
1.5197
1.7711
1.778
1.5708
1.6635
1.7379
1.6374
1.5689
1.4543
1.7279
1.718
1.8813
1.6129
1.7779
1.4609
1.482
1.8025
1.492
1.9315
1.4809
2.306
2.1131
1.5375
1.4913
1.4913
1.5802
1.4945
1.6717
1.4688
1.5264
1.4853
2.0539
1.5022
1.5251
1.6386
1.6192
1.728
1.8285
1.7646
2.04
2.2693
1.633
1.4903
1.9596
1.4609
1.4781
1.4584
1.4867
1.9579
1.5564
1.5678
1.5519
1.8136
1.4689
1.6755
1.9201
1.6325
2.1692
1.6449
1.7195
1.4966
1.9785
1.8599
1.4606
1.645
1.5517
1.5277
1.5069
2.0603
1.5591
1.5161
1.5515
1.521
1.5707
1.9459
1.5045
1.9465
1.5255
1.4788
1.5157
1.4711
1.5286
2.3079
2.1319
1.4654
1.9379
1.4852
1.6783
1.5777
2.0481
1.4505
1.4951
1.9419
1.6361
1.5547
1.857
1.6045
1.6652
1.4937
1.5416
1.5646
1.6174
1.4667
1.4784
1.6457
1.8838
2.3343
1.489
1.5277
1.6433
1.4735
1.4902
1.8693
1.4357
1.8358
1.8062
1.5038
1.4741
2.078
1.7715
1.5372
1.9271
1.4919
1.482
1.7774
2.1724
1.4951
1.5501
1.4597
1.5667
1.6423
2.3235
2.4313
1.574
2.383
1.5315
2.0544
2.0959
1.5342
1.6023
1.4632
1.8103
1.8213
1.9502
1.6268
1.5583
1.4573
1.6245
2.0632
1.7011
1.5006
1.494
1.4667
1.8306
1.4581
1.6091
1.4765
1.4668
1.4704
1.4564
1.4604
1.4595
1.6353
1.4722
1.6749
1.52
1.4613
1.5316
1.6675
1.4646
1.8159
1.5234
1.5155
2.0341
1.4498
1.4696
1.462
1.6675
1.4599
2.2074
1.5547
1.4616
1.5102
1.4993
1.7838
1.4808
2.0575
1.4543
1.4691
1.461
1.4722
1.5207
1.4788
1.4839
1.535
1.5013
1.5786
1.4603
1.5142
1.5151
1.4474
1.4784
1.5804
1.4635
1.8676
1.511
1.4679
1.4773
1.4693
1.4795
1.5615
1.805
1.5401
1.8252
1.5707
1.4915
1.4651
1.5034
1.5192
1.5089
1.4924
1.485
1.4927
1.4538
1.518
1.4914
1.5644
1.4967
1.4645
1.4635
1.4781
1.4693
1.468
1.4684
1.4604
1.4478
1.7103
1.4998
1.6238
1.5134
1.5216
1.4722
1.4521
1.5258
1.4837
2.1838
1.455
1.5161
1.9272
1.6916
1.4738
1.4846
1.5061
1.6561
1.5478
1.4757
1.4713
1.4642
1.6219
1.4681
1.6291
1.4769
2.0267
1.5505
1.5217
1.4878
1.8533
1.7182
1.4938
1.5725
1.4586
1.4617
1.4706
1.4665
1.4935
1.5469
1.5007
1.7946
1.4721
2.146
1.6787
1.4676
1.6614
2.0473
1.843
1.4533
1.4904
1.4738
1.6824
1.5252
1.7442
1.4631
1.5335
1.4654
1.8347
1.4849
1.4331
1.4731
1.4634
1.4602
1.4591
1.5657
1.4889
1.8921
2.0024
1.488
1.459
1.4634
1.4792
1.5157
1.6083
1.5212
1.5379
1.6944
1.9714
1.8398
1.5933
1.6177
1.5083
1.4606
1.5248
1.5508
1.4694
1.456
1.5307
1.5077
1.5019
1.4443
2.3182
1.4808
2.0173
2.1961
1.6092
1.6102
1.7678
1.7068
2.1981
2.0317
1.5972
1.4662
1.4662
2.176
2.0545
1.4827
1.5946
1.7041
1.8445
1.9391
1.9293
1.8823
1.4635
1.5509
2.1218
2.1466
1.8667
1.5266
1.4912
1.4503
1.6326
1.8646
1.4822
2.21
1.4847
1.9765
2.1219
1.6373
1.607
1.687
1.7622
1.7025
2.0517
1.4976
1.7502
2.102
2.0155
1.9718
2.1449
1.6913
1.7891
2.3019
1.5261
1.4646
1.6356
1.9132
2.1806
1.5722
1.6149
1.5386
1.8416
1.5568
1.6822
2.154
2.0469
1.9432
1.6314
1.5898
1.9523
1.4592
1.5266
1.4839
1.5922
2.233
1.8716
1.6006
1.7416
1.4752
1.9667
1.5298
1.9658
2.1254
1.4625
1.6189
1.5722
2.0792
1.5084
1.489
1.6691
2.0941
1.7635
2.0552
1.532
1.9623
1.5836
1.8542
1.7517
1.5876
1.6922
1.7702
1.5698
1.8802
2.1249
1.5029
1.5498
1.9518
2.1995
1.4987
1.5481
1.8042
2.1107
2.0662
1.6903
1.5147
1.5948
1.9449
2.1253
1.683
1.6162
1.74
1.5032
1.5589
1.6706
2.1124
2.2458
2.1162
1.5282
2.0903
1.7319
1.5528
1.9291
2.3092
2.0029
1.5266
2.0807
1.8612
2.1355
1.5959
1.9673
1.4796
2.0215
1.8479
2.0903
1.9931
2.3988
1.5761
2.3066
1.5415
1.647
1.5171
1.6291
1.5961
1.5774
2.0819
2.5191
1.6402
1.5313
1.5573
1.5065
1.6792
1.4685
1.5796
1.5874
1.6902
2.1869
2.1467
2.1855
1.7523
1.7195
1.655
1.6129
1.5671
1.8498
1.4885
1.9309
2.3105
1.5251
1.5538
1.6425
2.2247
1.6356
1.606
1.7429
1.5256
3.0719
1.6591
1.4771
1.7129
1.5662
2.432
1.545
1.4741
1.5814
2.1346
2.2328
2.0998
1.5602
1.9294
1.9334
1.4756
1.5622
1.8711
1.7708
2.0978
1.6189
2.2443
2.1776
1.4682
1.5611
1.5219
2.0635
1.6632
2.1196
2.2308
1.4933
1.6043
1.7517
1.663
1.5359
1.996
1.5176
1.5663
1.562
1.5001
1.6892
1.479
1.5768
1.7648
2.2789
1.7681
1.4988
2.0866
1.5393
2.0474
1.5339
1.5171
1.5327
1.5877
1.589
1.5067
1.7685
1.5406
1.5505
2.3762
1.4778
1.5545
1.5755
1.6939
2.0738
1.9768
1.6512
1.4916
1.5352
2.0635
2.2282
2.0174
1.6242
1.5982
1.5971
1.602
1.5357
1.5282
1.8895
1.772
1.9083
1.5809
1.5597
1.9263
1.5622
1.6727
2.0467
1.6975
1.7351
2.0556
1.6781
2.3311
1.9445
1.9268
1.5087
1.6645
1.6104
2.1922
1.6652
1.7312
1.5131
1.6314
1.554
1.4864
1.5508
2.2265
2.1595
1.4828
1.8958
2.1667
1.4961
1.6105
1.5935
1.9433
2.0461
1.8467
1.4929
2.0663
1.4962
2.0607
1.4947
1.8667
1.8249
2.1449
2.062
1.7795
1.7299
1.6278
1.8356
2.1901
1.5615
1.9547
1.7327
1.5903
1.7141
1.676
1.7283
1.596
1.5151
1.6408
1.8089
1.5184
1.7312
1.5311
1.7605
1.5991
1.7815
1.53
2.0154
1.5562
1.6188
1.7853
1.9283
2.0739
1.5683
1.5719
1.5745
1.4727
1.8255
1.546
1.7374
2.321
2.0233
1.7908
1.5915
1.5465
1.4793
1.5637
2.0036
1.5838
1.6956
1.8758
1.5367
1.6608
1.4807
1.5878
1.7616
2.3561
1.8045
1.6309
1.6662
2.0125
1.4864
1.5374
1.6723
1.6001
1.4712
2.1027
1.484
1.5355
1.5454
1.5233
1.4836
1.4778
2.2541
1.4504
1.4848
1.489
1.4891
1.8416
1.6988
1.646
1.7321
1.9907
1.7793
2.075
1.5613
1.7011
1.5151
1.4567
1.9077
1.607
1.5108
1.7979
1.4805
1.4771
1.6461
1.5223
1.5683
1.8472
2.424
1.5171
2.2814
1.5678
1.9865
1.5267
1.8759
1.6582
1.6442
1.7612
1.4706
1.6281
1.5002
1.5306
1.9943
1.733
1.5787
1.5975
2.1689
1.5389
1.8332
1.9164
2.2171
1.7928
1.4699
1.917
1.7603
1.648
1.5692
2.1759
1.7124
2.1884
1.8032
1.4812
2.2666
1.5167
1.464
1.4626
1.4655
1.4745
1.4744
1.4852
1.456
1.4742
2.3361
1.457
1.448
1.5347
1.4534
1.4552
1.4593
1.4678
1.4597
1.4569
1.4586
1.631
1.6065
1.9798
1.5306
1.5387
1.4816
1.9466
1.502
1.7691
1.5259
1.591
1.5713
1.6637
1.4765
2.0662
1.4587
2.2468
1.5766
2.0603
1.4921
2.1678
1.9379
1.7377
1.4764
1.7721
1.5092
1.7403
1.484
1.8827
1.959
1.7714
1.8143
1.4721
1.6933
1.5624
1.5247
1.6061
1.4611
1.9827
1.8059
1.4876
1.5742
1.4735
1.6697
1.8446
2.0697
1.6569
1.9697
1.4871
1.7009
2.0409
2.1319
1.7908
1.9717
1.5114
1.9451
1.5069
1.6356
1.5698
1.5574
2.0315
1.7235
1.7418
1.7591
1.5548
1.8926
1.5325
1.9505
1.5826
1.6166
1.8345
2.2387
2.1499
1.6138
2.2764
1.9672
2.2191
2.0344
1.8084
2.1692
1.6046
1.9282
2.151
1.6985
1.7252
2.1931
1.4899
2.0466
1.6368
1.5648
2.047
2.2734
1.8154
1.776
1.5012
1.5145
2.0705
1.4935
1.4602
2.1367
1.7043
1.4758
2.1058
1.7912
1.6634
1.8031
1.7051
1.5098
1.6888
1.6852
1.7267
1.9656
1.4798
1.8922
1.5674
1.5689
1.4615
2.164
1.6826
2.1813
1.8606
1.6979
2.2925
2.2751
1.4676
1.5917
1.5693
1.5661
1.7014
1.5807
1.7367
2.082
1.7862
1.7122
2.3771
1.6445
1.5552
1.727
1.5363
1.7733
1.7815
2.0295
2.382
1.4884
1.9156
1.829
2.0406
1.7743
1.5838
1.5375
1.7796
1.5047
1.573
1.5956
1.476
1.9321
2.0243
1.5147
1.6802
1.5469
1.6842
1.7339
1.497
1.6145
1.5045
1.5387
1.9624
1.5245
1.5232
1.5493
1.4788
2.1741
1.6294
1.844
1.6748
2.1232
1.4882
1.5274
1.4909
1.5785
1.4742
1.9616
1.8388
1.7608
1.8524
1.6301
1.5709
1.4652
1.6052
1.5975
2.0226
2.4689
1.7301
1.5016
1.5672
1.4967
1.4909
1.4791
1.5834
2.1033
1.8385
1.5416
1.7195
1.5249
1.5236
1.5057
1.4782
2.2781
1.4699
1.4669
1.4672
1.7036
2.1088
1.648
1.4679
1.608
2.3601
1.9035
1.8833
1.8912
1.5642
1.529
1.6378
1.7449
1.7007
2.2517
1.5873
1.4886
1.5467
1.8045
1.607
1.4763
1.957
1.8728
1.57
2.3749
1.949
1.4694
1.6568
1.5999
1.5075
2.2668
1.4491
1.4736
1.561
1.5084
1.4712
1.5684
1.573
1.9536
1.5168
1.7283
1.4809
1.5774
1.5647
1.9069
1.5749
1.8451
1.449
2.3416
1.4649
1.9803
1.5839
1.5702
1.4589
1.5419
1.9013
1.6428
2.1029
1.5448
1.9388
1.5392
1.4923
1.6594
1.832
1.4832
1.7126
1.4744
1.4491
1.6232
1.5281
1.865
1.6483
1.7733
1.7646
1.616
1.5672
1.5293
1.5104
1.5198
1.5139
1.4632
1.4632
1.494
1.6136
1.6796
1.9295
2.0982
1.6698
2.0601
1.6658
2.214
1.9091
2.0946
1.7756
1.5325
2.1755
1.9266
1.7143
1.4851
1.5346
1.6421
2.1126
1.6415
1.5148
2.3408
1.5633
1.6197
2.0904
1.7628
1.5106
1.6429
1.7666
1.5932
1.547
1.793
1.8362
1.5757
1.5074
1.4664
1.966
1.8618
1.7832
1.5319
1.8019
1.48
2.0503
1.5288
2.118
1.4843
2.072
1.6241
1.9686
1.6936
1.9078
1.7369
1.5146
2.0942
1.891
2.4564
1.8531
1.7138
1.4731
1.5263
2.2334
1.4689
1.4948
1.4747
1.6416
1.48
1.9775
1.518
1.7093
1.92
1.4888
2.1554
1.6967
1.5789
1.5762
1.77
1.605
1.6697
1.7809
2.2143
1.8524
1.9713
1.8081
2.1687
1.6539
2.0258
1.5986
1.636
1.687
1.6091
1.7084
2.2043
2.0933
2.1682
1.6668
1.6457
2.2579
1.6809
1.8001
1.7302
1.6097
1.8446
1.4973
2.2689
1.8569
2.4706
2.2177
1.59
1.815
2.0682
2.1637
2.1259
2.1334
2.0342
1.4924
1.6862
2.4984
1.5307
1.7112
1.928
1.554
1.6066
1.571
2.2429
1.462
1.4864
1.9634
1.8403
1.4905
1.5379
1.5967
1.5557
1.5408
2.2019
1.6797
1.5415
1.549
1.5356
1.58
1.5229
1.4786
1.6124
1.8053
2.0971
1.6083
1.5369
1.5796
1.9203
1.6557
1.5833
1.9857
2.0677
1.5568
1.503
1.6865
1.6229
1.5482
2.0117
1.5272
1.6601
1.588
1.5565
1.5149
1.4772
1.5135
1.6792
2.079
1.5024
1.4936
2.2047
1.5628
1.5101
2.0851
1.5358
1.5119
1.6407
1.552
1.4903
1.5172
1.4735
2.208
2.0273
1.6408
1.7656
1.5231
1.4942
1.4955
1.5855
1.6333
2.0685
1.8673
1.6363
1.5585
1.7319
1.513
1.6085
1.7012
1.5281
1.5491
1.7151
1.9681
1.5282
1.5287
1.5463
2.0051
1.4982
1.4597
2.2633
2.1585
2.2147
1.5352
2.2578
1.7876
1.4825
1.7392
1.5409
1.5503
1.6751
1.5336
2.3662
2.0954
1.5205
1.5363
1.473
1.9505
1.6192
1.5694
1.8411
1.6483
2.0821
1.6376
1.6564
1.4755
1.8747
1.5865
1.6299
2.004
1.5262
1.7404
2.1197
2.1309
1.5322
1.5247
1.5266
1.974
2.0784
1.6125
1.5334
1.6611
1.6235
1.9943
1.7009
1.6752
1.7757
1.4849
2.1307
1.9914
1.5561
1.4877
1.4652
1.5494
2.0622
1.5527
1.7691
2.0798
1.8236
2.0326
1.4791
1.7048
1.5005
1.5026
1.5229
1.497
1.5844
1.8779
1.6807
1.6574
1.6019
1.5171
1.539
1.5703
1.4504
1.5164
1.7255
1.4665
1.5122
1.5068
1.5514
1.7685
1.8307
2.2293
1.6503
1.7065
1.5347
1.4994
1.4699
1.5823
1.4722
1.4607
1.5645
1.4999
1.8781
1.4631
1.4997
1.5111
1.7734
1.551
1.4918
1.5134
1.5394
1.8979
1.4705
1.4974
1.4823
1.5517
1.4757
2.1964
2.0536
1.6479
1.6599
1.5011
1.5978
1.4636
1.6355
1.9315
1.4567
1.4756
2.0436
2.2742
1.4829
1.6407
2.1079
1.5127
1.5019
1.5608
1.5215
2.2458
1.5507
1.5619
1.579
1.6414
1.879
1.7097
1.5261
1.4606
1.5417
1.5038
1.4908
1.5437
1.5566
1.682
1.5015
1.7204
2.1218
1.4901
1.5161
1.5774
1.5085
1.5638
1.5012
2.1421
1.747
1.9483
1.4896
1.8672
1.5955
1.5398
1.6894
1.4691
1.4923
1.474
1.4945
1.7572
1.856
1.6548
2.1862
1.5161
1.4873
1.5196
1.8295
1.6123
1.5809
1.7216
1.5907
2.1677
1.582
2.1626
1.7959
2.0181
1.4907
1.5106
1.7728
1.7368
1.6272
1.508
1.5275
1.6175
2.0805
1.6671
1.5505
1.7262
1.7496
1.5706
1.8023
1.6286
2.1171
2.0649
2.3483
1.5774
2.1199
1.6033
2.4524
1.5786
1.5618
1.657
1.4973
1.8701
1.5312
1.6241
1.5097
1.5495
1.5609
1.5271
1.7408
1.5027
1.5136
1.6235
1.4962
1.5579
1.525
1.7018
1.5266
1.4926
1.7702
1.6238
1.9902
2.041
2.2554
1.8112
2.3392
1.5946
1.655
1.4954
1.9396
1.8671
1.5849
2.0854
1.5917
1.55
1.4986
1.6124
2.2159
1.4797
2.0214
1.5549
1.632
2.112
1.4628
1.6811
1.5037
1.8126
2.2383
1.5291
1.4955
2.1344
1.533
1.566
1.6238
1.5501
1.5274
1.6331
1.6038
1.5099
1.5816
1.581
1.532
1.5608
1.5152
1.8663
2.0066
1.6285
1.7642
1.5458
1.6899
1.8186
2.0859
1.6816
1.9661
1.5136
1.5636
2.0741
2.0244
2.277
1.7886
1.8162
1.6325
1.5394
2.0395
1.4791
1.7843
2.1567
1.4502
1.5665
1.4795
1.6317
1.4929
2.0398
2.2341
1.8159
1.4601
1.5131
1.9291
1.5707
1.7062
1.498
2.0642
1.4756
1.4973
1.5138
1.7069
2.1857
1.6639
1.7416
1.5335
1.6674
1.9438
1.482
1.7657
1.4574
1.5346
1.5368
1.7289
1.5511
1.579
1.6056
1.7897
1.5127
1.7368
1.9454
1.617
1.5659
1.5913
1.5892
1.6179
1.5339
1.5294
2.0245
1.6603
1.7648
2.0477
1.7099
1.5292
1.8417
2.0934
1.5266
1.6178
1.7753
1.4582
1.4896
1.5757
1.6955
2.1629
1.5068
2.2257
1.8983
1.8279
1.5076
1.7037
1.5116
1.8096
1.9017
1.6162
1.5652
1.9187
2.1208
1.5301
1.5775
1.4919
1.4944
1.6227
1.5466
1.6804
1.9189
1.5178
1.7828
1.7211
1.5459
1.4826
1.673
1.5035
1.5836
2.3045
1.9952
1.9017
1.8475
1.5658
1.6136
2.0823
1.5483
1.4757
1.4854
1.47
1.4883
2.0825
1.8632
1.7045
1.5646
2.1836
1.6006
1.5204
1.5403
1.5562
1.5169
1.5291
1.6471
2.1872
1.6135
1.5075
2.0182
1.5209
1.9424
2.0894
1.566
1.5505
2.1734
1.9978
2.3411
1.7361
2.1008
1.4751
1.6581
1.4989
2.1153
1.7456
1.8384
1.9636
1.5044
1.5793
1.6199
1.9874
1.5746
1.7927
1.8838
2.2974
2.2791
1.5246
1.5706
1.6816
1.5239
1.7994
2.0682
1.5104
1.5555
1.7949
1.5666
2.1401
1.5555
1.855
2.1142
1.887
1.6784
1.8
1.6588
2.0146
1.5332
1.8461
1.8571
1.566
1.545
1.5931
1.5687
1.6813
1.6398
1.473
1.4652
1.5652
1.5634
2.1307
1.8264
1.5228
1.5214
1.4775
1.9312
1.8206
1.5564
1.6049
1.6227
1.6228
1.5328
1.5084
1.8571
1.5502
1.607
1.917
1.7891
1.6396
1.5649
1.9988
1.4772
1.6189
1.4918
1.5864
1.8005
1.4998
1.9965
1.4808
1.5297
1.4802
1.5795
1.4494
1.8399
1.7169
1.4987
1.7129
1.5817
1.7344
1.925
1.4817
1.5524
2.0465
1.8474
1.6089
1.5397
1.6983
1.6004
1.469
1.638
1.9851
1.5989
1.5139
1.9081
1.9424
1.6791
2.1781
2.0687
2.1617
1.6051
1.5687
2.2549
1.5081
2.1697
2.2299
1.6382
3.0735
1.7858
1.7801
1.5678
2.0929
2.0672
1.7542
1.4939
2.0314
1.5569
1.5306
1.9337
1.8349
1.7791
1.8231
1.6306
1.8018
1.494
1.886
2.2719
1.6441
1.6652
1.5123
1.5063
2.0832
1.7228
2.2541
1.6798
2.0057
1.5189
1.5324
1.9793
1.6568
1.5117
1.566
2.2753
1.6042
2.0889
1.6164
1.4751
1.464
1.8383
1.8537
1.5719
1.4683
1.57
1.5809
1.5943
1.6547
1.9137
1.5336
1.5299
1.9544
1.5836
1.8068
1.5968
1.464
2.2864
1.4924
1.6545
1.5152
2.1349
1.5663
1.6197
1.555
1.5604
1.7301
1.6801
2.313
1.861
1.5266
1.6078
1.4858
2.0164
1.7895
1.6595
1.8799
1.7718
1.5235
1.5303
1.7372
1.5271
1.5894
1.466
1.9485
1.5151
1.5073
1.6034
1.6891
1.8755
1.6
1.6028
1.5562
2.2461
1.7135
1.5313
1.5296
1.4984
2.1152
1.5155
1.5733
1.5579
1.8563
1.5318
1.4796
1.5235
1.8053
1.5512
1.6099
1.5198
1.6014
2.1597
1.5274
1.7381
1.6822
1.8471
2.2264
1.452
1.4884
1.461
1.6804
2.0333
1.6445
1.4647
1.4696
1.4657
1.4626
1.4549
1.4638
1.5458
1.8055
1.4791
1.4483
1.4734
1.4698
1.8096
1.4591
1.4728
1.4492
1.4595
1.5645
1.4942
2.0055
1.4928
1.5836
1.5508
1.6208
1.639
1.7635
1.482
1.9779
2.208
1.739
2.0363
1.5798
1.8982
1.4962
1.5205
1.555
1.4708
1.6337
1.6571
1.6374
1.8109
1.7699
1.4894
2.0667
1.5845
2.1279
1.6667
1.9137
1.5145
2.3635
1.5618
2.3735
1.479
1.5647
2.1301
