Timp in Milisecunde
0.0785
0.0792
0.0804
0.0826
0.079
0.0808
0.0795
0.0817
0.0833
0.0813
0.0803
0.08
0.0798
0.0818
0.0805
0.0824
0.0799
0.0832
0.0798
0.0837
0.082
0.0808
0.082
0.0803
0.0809
0.0814
0.0805
0.0852
0.0825
0.08
0.0791
0.0813
0.0812
0.0798
0.0798
0.0874
0.0804
0.0799
0.0866
0.081
0.0799
0.0804
0.0807
0.0829
0.0807
0.0832
0.0786
0.0802
0.0789
0.0818
0.0807
0.0807
0.0882
0.0797
0.0798
0.0801
0.0808
0.0796
0.0852
0.0789
0.0816
0.0823
0.0832
0.0787
0.0789
0.0791
0.0799
0.0805
0.08
0.0801
0.084
0.0792
0.0831
0.0844
0.0801
0.0804
0.0803
0.0861
0.0796
0.0789
0.084
0.0797
0.0774
0.0818
0.0805
0.0796
0.0792
0.082
0.1089
0.0807
0.0801
0.0811
0.0793
0.0822
0.0802
0.0819
0.0819
0.0797
0.0799
0.0819
0.0797
0.0826
0.0834
0.084
0.0797
0.0824
0.0825
0.0806
0.0786
0.0814
0.0788
0.0827
0.0786
0.0805
0.079
0.0815
0.0822
0.0792
0.083
0.0777
0.0771
0.0809
0.0798
0.0796
0.0834
0.0844
0.0793
0.0797
0.0786
0.0823
0.0807
0.0831
0.0812
0.0812
0.0808
0.0799
0.0805
0.0807
0.0812
0.0816
0.082
0.0809
0.0806
0.0805
0.0841
0.0811
0.0839
0.0836
0.0825
0.0819
0.0798
0.0797
0.0799
0.0809
0.0794
0.0803
0.0809
0.0794
0.0797
0.0825
0.0798
0.0821
0.0828
0.0816
0.0838
0.0835
0.082
0.086
0.0795
0.0813
0.0801
0.0797
0.0848
0.0798
0.0823
0.08
0.0799
0.0796
0.0812
0.081
0.0802
0.0803
0.1301
0.0803
0.0811
0.0806
0.0846
0.0794
0.0852
0.0823
0.0803
0.078
0.081
0.0797
0.0802
0.08
0.0806
0.083
0.0795
0.0824
0.0821
0.0841
0.0796
0.0807
0.0801
0.0785
0.0799
0.0792
0.0771
0.0806
0.0795
0.0795
0.0798
0.0803
0.081
0.0835
0.0807
0.0812
0.0799
0.0797
0.0808
0.0817
0.0832
0.0785
0.0788
0.0801
0.0802
0.0804
0.0822
0.0823
0.0806
0.0802
0.0798
0.08
0.0802
0.0803
0.0807
0.0824
0.0803
0.0794
0.0819
0.0815
0.0805
0.083
0.0799
0.0822
0.0789
0.0808
0.0801
0.0799
0.0802
0.081
0.0826
0.0808
0.0791
0.0807
0.0794
0.081
0.0854
0.0798
0.08
0.0828
0.08
0.0854
0.0798
0.0799
0.0818
0.0808
0.0795
0.0804
0.0813
0.083
0.0784
0.0798
0.0827
0.0831
0.0806
0.0763
0.081
0.081
0.0796
0.0801
0.0791
0.0825
0.0816
0.0809
0.0806
0.0799
0.0796
0.0811
0.0791
0.0772
0.0786
0.0832
0.0798
0.0792
0.1107
0.0798
0.0826
0.0835
0.0804
0.0817
0.0809
0.0826
0.0836
0.0837
0.0786
0.0806
0.0796
0.0831
0.0791
0.0796
0.0796
0.0813
0.0788
0.0827
0.0821
0.0821
0.0826
0.0789
0.0804
0.0836
0.0819
0.0857
0.0797
0.0795
0.0806
0.0823
0.0808
0.079
0.0824
0.0798
0.0846
0.084
0.0801
0.0796
0.0809
0.0852
0.0791
0.079
0.0985
0.08
0.0798
0.085
0.0806
0.0784
0.0795
0.0786
0.0824
0.0806
0.0811
0.0812
0.0796
0.0825
0.0823
0.0804
0.081
0.0801
0.0802
0.0794
0.079
0.082
0.0828
0.0795
0.0807
0.0867
0.0832
0.0795
0.0837
0.079
0.081
0.0798
0.0798
0.0863
0.0801
0.0804
0.0797
0.081
0.0804
0.0819
0.0812
0.0814
0.084
0.0795
0.0809
0.082
0.0832
0.0804
0.082
0.0832
0.0829
0.0789
0.0792
0.0798
0.0829
0.0799
0.0803
0.0853
0.0826
0.08
0.0821
0.0828
0.0791
0.0802
0.0783
0.0798
0.0817
0.0956
0.08
0.0789
0.0807
0.0845
0.0803
0.082
0.0797
0.08
0.0805
0.0889
0.0786
0.0824
0.0912
0.0842
0.0943
0.0797
0.0807
0.0802
0.0813
0.0788
0.0818
0.0866
0.0864
0.08
0.0835
0.0794
0.079
0.0788
0.0829
0.0798
0.0786
0.0819
0.0827
0.0831
0.0806
0.0799
0.0817
0.0835
0.0866
0.0804
0.0815
0.0842
0.0817
0.0807
0.0818
0.0801
0.079
0.0807
0.0815
0.0813
0.0802
0.0848
0.0813
0.0795
0.0808
0.0796
0.0802
0.0805
0.0805
0.0879
0.0811
0.0794
0.0791
0.0792
0.0811
0.0802
0.0815
0.0859
0.0794
0.0789
0.0792
0.0832
0.0797
0.0802
0.0805
0.0807
0.0813
0.0816
0.0796
0.0813
0.0832
0.0796
0.0796
0.1072
0.0855
0.0807
0.0803
0.0798
0.0786
0.0838
0.0813
0.0816
0.0869
0.0804
0.0804
0.0811
0.0817
0.0831
0.0794
0.0795
0.0805
0.0804
0.0805
0.0807
0.083
0.0811
0.0905
0.0807
0.0857
0.0805
0.0811
0.0815
0.0805
0.0836
0.0819
0.0833
0.0803
0.0814
0.0824
0.0804
0.0796
0.0794
0.0794
0.0812
0.081
0.0829
0.0793
0.0831
0.0815
0.08
0.0835
0.08
0.081
0.0801
0.078
0.0794
0.0844
0.082
0.0817
0.0803
0.0807
0.0825
0.08
0.0796
0.0809
0.0798
0.0782
0.0818
0.0803
0.081
0.0798
0.0793
0.0809
0.079
0.0789
0.0799
0.0837
0.0786
0.0844
0.0797
0.0813
0.0764
0.0798
0.0828
0.0789
0.0789
0.0853
0.0873
0.0861
0.082
0.0797
0.0801
0.0798
0.0827
0.0808
0.0834
0.0844
0.0802
0.0827
0.0917
0.0829
0.0784
0.0794
0.0819
0.0795
0.0801
0.0826
0.0795
0.0793
0.0803
0.0805
0.0829
0.0843
0.079
0.08
0.0815
0.0802
0.0815
0.0816
0.0809
0.0789
0.08
0.0818
0.0812
0.0803
0.083
0.0801
0.0793
0.0813
0.0801
0.0778
0.0798
0.0839
0.08
0.1121
0.0809
0.0803
0.0806
0.0792
0.0813
0.079
0.0831
0.0809
0.0792
0.0841
0.0832
0.0817
0.0811
0.0814
0.0809
0.0927
0.0806
0.0845
0.0791
0.0803
0.0796
0.0806
0.0829
0.0807
0.0787
0.0797
0.0796
0.0807
0.0804
0.0791
0.0792
0.0805
0.0784
0.0839
0.0876
0.0794
0.0834
0.0839
0.0797
0.08
0.0801
0.0794
0.0797
0.0795
0.0833
0.081
0.0808
0.0797
0.08
0.0821
0.0824
0.0806
0.0834
0.0801
0.0816
0.0821
0.0815
0.0791
0.0819
0.0791
0.0796
0.0835
0.0807
0.0799
0.0838
0.0789
0.0799
0.0823
0.0797
0.0799
0.085
0.0814
0.0896
0.0815
0.0797
0.0806
0.0805
0.0802
0.0804
0.0824
0.0801
0.0791
0.0795
0.0792
0.0804
0.0841
0.0814
0.0818
0.0817
0.0797
0.0793
0.0825
0.084
0.0805
0.0808
0.078
0.0787
0.0807
0.0826
0.0807
0.0915
0.0797
0.0815
0.0797
0.0804
0.0799
0.0826
0.0814
0.0802
0.0828
0.0799
0.0804
0.0809
0.0792
0.0807
0.0817
0.0813
0.0794
0.0802
0.0819
0.0795
0.083
0.0826
0.0837
0.0797
0.0803
0.0803
0.081
0.0797
0.0805
0.08
0.0847
0.0795
0.0792
0.0856
0.0784
0.0811
0.0838
0.0797
0.0787
0.0825
0.0833
0.0793
0.0843
0.0805
0.081
0.0825
0.0854
0.0784
0.0824
0.0804
0.08
0.0824
0.084
0.08
0.0819
0.0827
0.0836
0.0831
0.0819
0.0795
0.0871
0.0786
0.0803
0.079
0.084
0.08
0.0807
0.0823
0.1013
0.0829
0.08
0.0805
0.0852
0.0829
0.0795
0.0796
0.0805
0.0807
0.0798
0.0793
0.0809
0.0785
0.0796
0.0821
0.0805
0.0802
0.0799
0.0795
0.0801
0.0786
0.0799
0.0798
0.0803
0.0799
0.0797
0.0824
0.0842
0.08
0.0795
0.084
0.0803
0.0807
0.0839
0.0789
0.0797
0.0816
0.0808
0.0813
0.0827
0.0802
0.083
0.0817
0.0797
0.0796
0.0793
0.0803
0.0805
0.0799
0.0823
0.0796
0.0846
0.0841
0.0819
0.0813
0.0818
0.0837
0.0811
0.0801
0.0788
0.0807
0.0796
0.0815
0.082
0.0801
0.0799
0.0836
0.08
0.0805
0.0812
0.0792
0.0817
0.0793
0.0792
0.0808
0.0811
0.0791
0.0811
0.0798
0.0811
0.0802
0.0805
0.0801
0.0831
0.0826
0.0814
0.0798
0.0837
0.0828
0.0826
0.08
0.0831
0.0798
0.0817
0.081
0.0802
0.0822
0.0807
0.0797
0.0802
0.0808
0.0782
0.0802
0.0813
0.0801
0.0811
0.0811
0.0839
0.0798
0.0803
0.0812
0.0791
0.0767
0.0801
0.0811
0.0806
0.0821
0.0789
0.0821
0.0814
0.0801
0.0828
0.0806
0.0803
0.083
0.0797
0.082
0.0787
0.0895
0.0893
0.0846
0.0791
0.0808
0.0814
0.0851
0.0807
0.0792
0.0801
0.0804
0.0793
0.0829
0.0792
0.0798
0.0842
0.0801
0.0806
0.0788
0.0814
0.0797
0.0798
0.0826
0.0793
0.0824
0.0806
0.0794
0.0807
0.0807
0.0828
0.0799
0.0798
0.0832
0.0802
0.0822
0.0791
0.0829
0.0796
0.0785
0.0844
0.0804
0.0884
0.0839
0.0845
0.0796
0.0795
0.0803
0.0803
0.0808
0.0798
0.0788
0.0796
0.0813
0.0793
0.0822
0.0802
0.0802
0.0789
0.0793
0.0785
0.0816
0.0816
0.1014
0.0808
0.0819
0.0792
0.0792
0.0847
0.0793
0.0809
0.0797
0.0799
0.0806
0.0799
0.0796
0.0801
0.0788
0.0846
0.0897
0.0826
0.081
0.0812
0.0804
0.082
0.1081
0.0892
0.0819
0.0815
0.0833
0.08
0.0796
0.0805
0.0834
0.082
0.0847
0.0828
0.0798
0.0798
0.079
0.0858
0.0799
0.0825
0.0827
0.0815
0.0809
0.0798
0.0793
0.0809
0.0851
0.0784
0.0803
0.0793
0.084
0.081
0.0817
0.0806
0.0798
0.0833
0.0803
0.0793
0.0827
0.08
0.0836
0.0829
0.0796
0.0804
0.0785
0.0808
0.0817
0.0832
0.0805
0.08
0.0788
0.08
0.079
0.0798
0.0847
0.0796
0.0823
0.0799
0.0833
0.0791
0.0794
0.0797
0.0797
0.0797
0.083
0.0786
0.0803
0.0788
0.0833
0.0804
0.0811
0.0818
0.0794
0.0829
0.0793
0.0802
0.0793
0.0792
0.0799
0.0794
0.0852
0.0849
0.0827
0.0797
0.0789
0.0835
0.0812
0.0836
0.0798
0.0803
0.0789
0.0802
0.0822
0.0796
0.0847
0.08
0.0797
0.0805
0.0816
0.0806
0.08
0.0811
0.0819
0.081
0.0816
0.0825
0.0789
0.0802
0.0809
0.0843
0.08
0.0799
0.0796
0.0805
0.0798
0.0792
0.0795
0.0791
0.0795
0.0838
0.0831
0.0783
0.0851
0.0851
0.0843
0.0789
0.0799
0.0814
0.0818
0.0837
0.0794
0.0807
0.0777
0.0797
0.0964
0.0895
0.0801
0.0824
0.0771
0.0823
0.0832
0.0801
0.0794
0.08
0.0807
0.0804
0.0816
0.0836
0.0798
0.0849
0.0781
0.0824
0.0805
0.0789
0.0801
0.0839
0.0831
0.0839
0.0785
0.0799
0.081
0.0797
0.0805
0.0807
0.0801
0.0792
0.0892
0.0828
0.0811
0.0834
0.0821
0.0801
0.0808
0.0827
0.0812
0.082
0.0807
0.0808
0.0796
0.0818
0.0788
0.0799
0.0794
0.0804
0.0828
0.0798
0.0803
0.0826
0.0791
0.0808
0.0847
0.0806
0.0819
0.0828
0.0823
0.0793
0.0796
0.0806
0.0816
0.0808
0.0802
0.0806
0.0798
0.0946
0.0815
0.0814
0.0799
0.0802
0.082
0.0802
0.0804
0.0794
0.0845
0.0833
0.0806
0.0805
0.0813
0.0804
0.0852
0.0796
0.0822
0.0821
0.0801
0.0831
0.083
0.08
0.0798
0.0799
0.0806
0.0798
0.0809
0.083
0.0818
0.0832
0.0799
0.0831
0.0809
0.093
0.0797
0.0821
0.0819
0.0846
0.0771
0.0806
0.0806
0.0804
0.0839
0.0785
0.0839
0.079
0.082
0.0808
0.0799
0.0802
0.0805
0.0799
0.0806
0.0807
0.0814
0.0793
0.0797
0.0797
0.0815
0.0815
0.088
0.0819
0.0842
0.0812
0.0824
0.0784
0.0789
0.0812
0.0851
0.0905
0.0831
0.0793
0.0839
0.0798
0.0827
0.0798
0.0799
0.0844
0.079
0.082
0.0837
0.0836
0.0799
0.0827
0.079
0.0805
0.0792
0.0867
0.0801
0.0821
0.0775
0.0812
0.0821
0.0815
0.085
0.0794
0.0813
0.0808
0.0792
0.0817
0.087
0.0808
0.0804
0.0841
0.0823
0.08
0.0825
0.0794
0.0805
0.0828
0.0799
0.0812
0.0812
0.0821
0.0838
0.0805
0.0805
0.082
0.0802
0.0838
0.0794
0.0832
0.0801
0.0812
0.0792
0.08
0.0793
0.0823
0.084
0.0785
0.081
0.0781
0.0838
0.0792
0.0823
0.0827
0.08
0.0793
0.0799
0.0934
0.0793
0.0848
0.0794
0.0802
0.0822
0.0804
0.0799
0.0807
0.0844
0.0839
0.0792
0.0801
0.0798
0.0808
0.0839
0.0836
0.0806
0.0808
0.0816
0.0834
0.0837
0.0817
0.0795
0.0795
0.0816
0.0826
0.1023
0.0802
0.1014
0.0807
0.083
0.0821
0.0977
0.0802
0.0824
0.083
0.08
0.083
0.0804
0.0813
0.0849
0.0825
0.0806
0.0834
0.0822
0.0805
0.0825
0.082
0.0809
0.0805
0.0792
0.0835
0.0786
0.0809
0.0803
0.0797
0.081
0.0806
0.0843
0.0804
0.0832
0.0808
0.0849
0.0827
0.0834
0.0789
0.079
0.0841
0.0821
0.0825
0.0794
0.0807
0.0813
0.0817
0.0819
0.0797
0.0799
0.0824
0.0793
0.0842
0.0798
0.079
0.081
0.0807
0.0819
0.0848
0.0827
0.0798
0.0796
0.0794
0.0823
0.0801
0.0792
0.0813
0.0795
0.0816
0.0801
0.0861
0.0827
0.0865
0.0826
0.0811
0.0818
0.0793
0.0799
0.0797
0.0806
0.0821
0.0791
0.0796
0.0841
0.079
0.0841
0.0817
0.0804
0.0809
0.0807
0.0818
0.0829
0.083
0.0823
0.0816
0.0835
0.0833
0.0855
0.0801
0.0801
0.0784
0.0804
0.082
0.0791
0.0804
0.0835
0.0829
0.0801
0.0801
0.0835
0.0824
0.0824
0.0846
0.0838
0.0797
0.0798
0.0854
0.0795
0.0799
0.0806
0.0813
0.0807
0.0797
0.0796
0.0799
0.0802
0.0793
0.081
0.0864
0.0824
0.0797
0.0827
0.0786
0.0849
0.0832
0.0831
0.0805
0.0792
0.0799
0.0794
0.079
0.0839
0.0818
0.0851
0.0803
0.0796
0.0822
0.083
0.0841
0.0775
0.0801
0.0809
0.0836
0.0788
0.0892
0.0825
0.084
0.0806
0.0837
0.0836
0.0823
0.077
0.0792
0.0796
0.0805
0.0837
0.0782
0.0814
0.08
0.0838
0.0795
0.0812
0.0828
0.0847
0.0824
0.0811
0.0799
0.0797
0.0795
0.0791
0.0831
0.0824
0.0802
0.08
0.0799
0.0827
0.0855
0.0842
0.0816
0.0838
0.0813
0.0806
0.0789
0.0817
0.0821
0.0796
0.0801
0.0834
0.0804
0.0805
0.0822
0.0837
0.0835
0.0816
0.0789
0.0826
0.0819
0.082
0.0798
0.0788
0.0787
0.0802
0.083
0.0804
0.0806
0.0805
0.0794
0.0803
0.0807
0.0805
0.0799
0.0834
0.0842
0.082
0.0802
0.0932
0.0813
0.0823
0.0794
0.0841
0.0784
0.08
0.0811
0.0804
0.0853
0.08
0.0849
0.0877
0.0795
0.0793
0.0835
0.0795
0.0794
0.081
0.0791
0.083
0.0831
0.0797
0.0809
0.0818
0.0788
0.0819
0.0853
0.0801
0.0812
0.0788
0.0806
0.0816
0.0798
0.0813
0.0825
0.0836
0.0832
0.0831
0.0806
0.0818
0.0813
0.0812
0.0805
0.0843
0.084
0.1245
0.0813
0.085
0.0842
0.0824
0.0803
0.0806
0.0838
0.0805
0.0825
0.0804
0.0799
0.0804
0.0822
0.0802
0.0799
0.0798
0.0768
0.0791
0.0791
0.0801
0.0828
0.0817
0.0803
0.0844
0.079
0.0803
0.0817
0.0828
0.0786
0.0806
0.0797
0.0813
0.0797
0.082
0.0815
0.0793
0.0816
0.0804
0.082
0.0816
0.0814
0.081
0.0801
0.0794
0.0848
0.08
0.0788
0.0803
0.0802
0.0826
0.0799
0.0791
0.0787
0.0843
0.0792
0.0808
0.0802
0.0841
0.0797
0.0801
0.0794
0.0798
0.0859
0.0795
0.0797
0.0788
0.0821
0.0814
0.0809
0.0808
0.0859
0.082
0.079
0.0804
0.0804
0.0851
0.0805
0.0805
0.0791
0.081
0.0796
0.0808
0.0834
0.0794
0.0789
0.0804
0.0827
0.0807
0.0794
0.0816
0.0806
0.08
0.0829
0.0808
0.0826
0.0791
0.0798
0.0828
0.0802
0.08
0.0817
0.079
0.1255
0.0913
0.0836
0.0814
0.0826
0.0831
0.0803
0.0802
0.0801
0.0812
0.0803
0.081
0.0838
0.0803
0.0829
0.0829
0.0798
0.0803
0.0811
0.0815
0.0813
0.0818
0.0803
0.0828
0.0788
0.0816
0.082
0.0806
0.0829
0.0795
0.0798
0.0811
0.0805
0.0813
0.0808
0.0817
0.0844
0.0776
0.0797
0.0814
0.0803
0.0828
0.084
0.0841
0.0795
0.0804
0.0798
0.0802
0.0795
0.0819
0.0837
0.0852
0.0799
0.0777
0.0795
0.0803
0.0869
0.0801
0.0796
0.0791
0.0835
0.0781
0.0798
0.0824
0.0785
0.079
0.0844
0.0836
0.0815
0.0797
0.0793
0.0792
0.0823
0.0806
0.0809
0.0797
0.079
0.0795
0.0784
0.0833
0.0863
0.0798
0.081
0.0821
0.0803
0.0813
0.0826
0.0806
0.0795
0.0819
0.0835
0.0799
0.083
0.0788
0.0805
0.0807
0.0799
0.0822
0.0814
0.0799
0.082
0.0814
0.0812
0.0833
0.0806
0.0818
0.0811
0.0826
0.0795
0.0822
0.0804
0.0836
0.0837
0.0785
0.0796
0.0822
0.0823
0.0805
0.0801
0.0854
0.0792
0.0815
0.0819
0.0782
0.0831
0.0862
0.0803
0.0815
0.0805
0.0822
0.0797
0.0808
0.0842
0.0851
0.0802
0.0795
0.0829
0.0836
0.0801
0.0846
0.0808
0.0795
0.0841
0.0805
0.0805
0.0826
0.0825
0.0817
0.0802
0.0806
0.0807
0.0796
0.082
0.0812
0.0779
0.0828
0.0799
0.0846
0.0802
0.0845
0.0811
0.0797
0.0803
0.0816
0.0803
0.0978
0.0806
0.0811
0.0804
0.0845
0.0834
0.0813
0.081
0.0828
0.0795
0.0817
0.0795
0.0826
0.0797
0.0796
0.0793
0.0783
0.0811
0.08
0.081
0.079
0.0823
0.0811
0.0808
0.0802
0.0799
0.0827
0.0818
0.0795
0.0834
0.089
0.0795
0.0792
0.0822
0.0808
0.0813
0.0789
0.08
0.0796
0.0808
0.0792
0.0867
0.081
0.0804
0.0803
0.0776
0.079
0.0793
0.0807
0.0828
0.0816
0.0815
0.0797
0.08
0.0787
0.0824
0.0795
0.0816
0.0803
0.0836
0.0792
0.0794
0.0829
0.0794
0.0792
0.0795
0.0819
0.0803
0.0794
0.0823
0.079
0.0848
0.0824
0.0845
0.0823
0.082
0.0805
0.081
0.0823
0.0811
0.0802
0.0801
0.0948
0.0817
0.0811
0.0859
0.0793
0.0802
0.0829
0.0814
0.0803
0.0827
0.0796
0.0825
0.0886
0.0794
0.0856
0.0807
0.08
0.0813
0.0795
0.0801
0.0801
0.0804
0.0792
0.0778
0.0794
0.0833
0.0817
0.0823
0.0961
0.0794
0.0827
0.0802
0.0847
0.0812
0.0797
0.0797
0.086
0.0837
0.0805
0.0795
0.0823
0.079
0.0798
0.0814
0.082
0.0795
0.0825
0.0798
0.0823
0.0789
0.0806
0.0835
0.0802
0.0956
0.0834
0.0792
0.0814
0.0841
0.0792
0.0788
0.0829
0.0799
0.0803
0.0794
0.0799
0.0797
0.0797
0.0809
0.0811
0.0821
0.0796
0.083
0.0803
0.0804
0.0814
0.0944
0.0795
0.0804
0.0801
0.0807
0.0798
0.0791
0.0787
0.0821
0.0819
0.0825
0.0913
0.0846
0.0804
0.0798
0.0861
0.0801
0.0822
0.0804
0.0811
0.0796
0.0817
0.0792
0.0814
0.0813
0.0812
0.0799
0.0804
0.0804
0.0819
0.0797
0.0821
0.0801
0.0808
0.0794
0.0794
0.0841
0.0789
0.0808
0.0802
0.0818
0.0824
0.0825
0.0803
0.1074
0.0807
0.0794
0.0799
0.0801
0.08
0.0813
0.0787
0.0815
0.0824
0.1035
0.0801
0.0814
0.0805
0.0823
0.0804
0.0754
0.0802
0.0854
0.0822
0.0806
0.0802
0.0795
0.0827
0.079
0.0827
0.0796
0.0805
0.0807
0.0789
0.0828
0.08
0.0818
0.0816
0.0801
0.0809
0.0789
0.0824
0.0825
0.0801
0.0803
0.0796
0.0799
0.0794
0.0812
0.0812
0.0835
0.0801
0.0799
0.0794
0.0803
0.0817
0.0795
0.0832
0.0797
0.0799
0.0801
0.0826
0.0808
0.0807
0.0984
0.0861
0.0833
0.0802
0.0834
0.0803
0.0817
0.0803
0.0812
0.0805
0.0964
0.0802
0.079
0.0842
0.0814
0.083
0.081
0.0792
0.0812
0.0792
0.0817
0.0809
0.0829
0.0802
0.0808
0.0827
0.0798
0.0805
0.0823
0.0829
0.0807
0.0798
0.0799
0.0828
0.0823
0.0801
0.0806
0.0797
0.0805
0.0845
0.0815
0.0835
0.0808
0.0788
0.0814
0.0791
0.081
0.0812
0.0797
0.0803
0.0799
0.0841
0.0796
0.08
0.0801
0.0814
0.0846
0.085
0.0829
0.08
0.0798
0.0816
0.0806
0.08
0.0809
0.0816
0.0803
0.0804
0.0845
0.081
0.0832
0.0813
0.0805
0.0823
0.0797
0.0841
0.0831
0.079
0.0797
0.0818
0.0804
0.0811
0.082
0.0793
0.0829
0.0832
0.0824
0.0796
0.0797
0.0802
0.0808
0.0817
0.0823
0.0843
0.0795
0.0797
0.0808
0.0795
0.0808
0.0808
0.0808
0.0825
0.0838
0.0807
0.0808
0.0805
0.0811
0.0814
0.0803
0.0801
0.0817
0.0807
0.0831
0.0809
0.0815
0.0812
0.0801
0.0804
0.0792
0.0801
0.08
0.0802
0.0823
0.082
0.0807
0.0799
0.0799
0.08
0.0811
0.0801
0.0823
0.0805
0.0805
0.0803
0.0808
0.0819
0.08
0.0806
0.0842
0.0782
0.0803
0.0788
0.0803
0.0805
0.0808
0.0848
0.0799
0.0805
0.0817
0.08
0.0796
0.0843
0.0821
0.0782
0.0789
0.0841
0.0795
0.0808
0.0808
0.0802
0.0809
0.0827
0.0789
0.0818
0.0794
0.0823
0.0816
0.0803
0.0818
0.0793
0.0793
0.0826
0.0802
0.0812
0.0827
0.0803
0.0808
0.0829
0.0842
0.0823
0.0813
0.0793
0.0837
0.0897
0.0805
0.0805
0.1003
0.0806
0.0802
0.0792
0.0809
0.081
0.0828
0.0828
0.0797
0.0805
0.081
0.0839
0.0796
0.0808
0.0831
0.084
0.0818
0.0784
0.0792
0.0828
0.0788
0.084
0.0792
0.0796
0.0805
0.0804
0.0793
0.0801
0.0831
0.0813
0.091
0.0797
0.0802
0.1081
0.0828
0.0794
0.0804
0.0792
0.0814
0.0828
0.083
0.0835
0.0797
0.0812
0.0826
0.0863
0.0845
0.0848
0.0797
0.0816
0.0788
0.0801
0.0821
0.0798
0.08
0.0827
0.0819
0.0793
0.0779
0.0799
0.0804
0.0802
0.0831
0.0805
0.083
0.084
0.0819
0.0827
0.0828
0.0944
0.0799
0.0802
0.0823
0.0795
0.0784
0.0838
0.0836
0.0829
0.0805
0.0813
0.081
0.0827
0.0808
0.0795
0.0795
0.0822
0.0815
0.0783
0.0803
0.0786
0.08
0.0818
0.0805
0.0792
0.0824
0.0816
0.0838
0.0827
0.0806
0.08
0.0821
0.0843
0.0805
0.0817
0.0795
0.0804
0.0796
0.0802
0.0841
0.0814
0.0798
0.0823
0.0786
0.0789
0.0851
0.0802
0.0824
0.1061
0.0799
0.0798
0.0821
0.0797
0.0787
0.0795
0.081
0.0862
0.0798
0.0821
0.0823
0.0822
0.0825
0.082
0.0795
0.0805
0.0799
0.0808
0.0801
0.0828
0.0833
0.0811
0.0801
0.0818
0.0797
0.0807
0.083
0.0867
0.0785
0.0822
0.0797
0.0809
0.0798
0.0815
0.0836
0.0803
0.0835
0.0787
0.0831
0.084
0.0812
0.0802
0.081
0.0797
0.0806
0.0786
0.0801
0.0828
0.0822
0.0787
0.0797
0.0831
0.0804
0.0825
0.0806
0.0804
0.0813
0.084
0.0795
0.0832
0.0804
0.0804
0.0802
0.0817
0.0806
0.0832
0.0791
0.0807
0.0804
0.0784
0.0819
0.0796
0.0828
0.0791
0.0853
0.0832
0.0805
0.0802
0.0805
0.0827
0.0833
0.08
0.0802
0.0812
0.0778
0.0806
0.0788
0.0809
0.0792
0.0799
0.0788
0.0809
0.0802
0.0782
0.0834
0.0806
0.0812
0.0803
0.0791
0.0818
0.0821
0.0784
0.0798
0.0802
0.0789
0.0833
0.0788
0.082
0.082
0.0794
0.0863
0.0852
0.0793
0.0809
0.0791
0.0825
0.0809
0.0804
0.081
0.0799
0.0821
0.0799
0.0822
0.0797
0.0822
0.0796
0.0796
0.0836
0.0825
0.0795
0.0797
0.0806
0.0809
0.0811
0.0796
0.0804
0.0821
0.0809
0.0823
0.0783
0.0802
0.0801
0.0793
0.0826
0.0823
0.0792
0.084
0.0814
0.0794
0.0821
0.0793
0.0816
0.0814
0.0807
0.0877
0.0803
0.0804
0.0793
0.0803
0.0804
0.0805
0.0813
0.0808
0.0802
0.0885
0.0876
0.0796
0.0824
0.0797
0.0815
0.0807
0.0827
0.0798
0.0817
0.079
0.0814
0.0836
0.079
0.0819
0.0797
0.0823
0.0799
0.0805
0.0817
0.0802
0.0854
0.0809
0.081
0.0806
0.0817
0.0802
0.0817
0.0834
0.0783
0.0813
0.0809
0.083
0.083
0.0791
0.08
0.0842
0.0827
0.0807
0.0808
0.0805
0.0816
0.0802
0.0785
0.0818
0.0806
0.0811
0.08
0.0819
0.0811
0.0806
0.0801
0.0795
0.0795
0.0802
0.0799
0.0797
0.0795
0.0798
0.0812
0.0812
0.0803
0.0784
0.0785
0.0803
0.0783
0.081
0.0803
0.0797
0.0802
0.0808
0.0837
0.082
0.08
0.0814
0.0834
0.0827
0.081
0.0806
0.0802
0.0805
0.0805
0.0816
0.08
0.0812
0.0806
0.0789
0.0806
0.0807
0.0834
0.0796
0.0803
0.0813
0.0804
0.0811
0.0805
0.0796
0.0805
0.0803
0.081
0.079
0.0791
0.0804
0.0812
0.0812
0.077
0.08
0.0842
0.0804
0.0821
0.0813
0.0801
0.0795
0.0808
0.0799
0.0797
0.0834
0.0819
0.081
0.0806
0.0817
0.0805
0.0848
0.0792
0.0806
0.0816
0.0797
0.079
0.0826
0.0825
0.0818
0.0807
0.0845
0.079
0.0804
0.0818
0.0805
0.081
0.079
0.0795
0.0821
0.0801
0.0805
0.0789
0.0806
0.0799
0.0796
0.083
0.0838
0.0887
0.0809
0.0797
0.0803
0.0928
0.0855
0.0811
0.0825
0.0853
0.0808
0.0804
0.0796
0.0802
0.0795
0.0816
0.0794
0.0859
0.081
0.0796
0.0789
0.0805
0.0801
0.0821
0.0793
0.082
0.0805
0.0799
0.0804
0.0802
0.0805
0.0818
0.0816
0.0808
0.0836
0.0808
0.0793
0.08
0.0825
0.0813
0.0816
0.0824
0.0812
0.0792
0.0805
0.0792
0.0801
0.0807
0.081
0.0811
0.0815
0.0795
0.0861
0.0802
0.083
0.0787
0.0783
0.0837
0.0791
0.0853
0.079
0.0808
0.0797
0.0802
0.0804
0.1031
0.0805
0.0818
0.0836
0.0851
0.0789
0.082
0.0801
0.0786
0.0797
0.0836
0.0831
0.0832
0.0842
0.0818
0.0788
0.08
0.08
0.0828
0.0795
0.081
0.0817
0.0785
0.0822
0.0795
0.0791
0.0799
0.0817
0.0818
0.0802
0.0808
0.0833
0.0832
0.0802
0.0813
0.082
0.0807
0.0824
0.0809
0.0805
0.0832
0.0799
0.0795
0.0806
0.0814
0.081
0.0795
0.0818
0.0802
0.0827
0.0803
0.0803
0.0815
0.081
0.0809
0.0796
0.0802
0.0803
0.0802
0.0811
0.0981
0.0846
0.0795
0.0791
0.0816
0.0798
0.0826
0.0797
0.0798
0.08
0.0802
0.0855
0.079
0.0829
0.0825
0.0827
0.0845
0.0797
0.0822
0.0811
0.0815
0.0818
0.082
0.0812
0.0796
0.08
0.0799
0.082
0.083
0.0813
0.0798
0.0798
0.0793
0.0877
0.0829
0.08
0.0818
0.0795
0.0802
0.0827
0.0806
0.0798
0.0806
0.08
0.0805
0.0803
0.0823
0.0808
0.0813
0.0828
0.081
0.0934
0.0795
0.0934
0.0827
0.08
0.0794
0.0824
0.083
0.08
0.0806
0.0803
0.0828
0.0795
0.0839
0.0825
0.0808
0.0812
0.0812
0.0793
0.0795
0.08
0.0842
0.0793
0.0807
0.0837
0.0803
0.0809
0.0798
0.0842
0.0805
0.0789
0.0803
0.0803
0.0855
0.0791
0.0812
0.0827
0.0787
0.0834
0.081
0.08
0.0798
0.0788
0.0832
0.0805
0.081
0.0806
0.0828
0.0794
0.0825
0.081
0.0815
0.0803
0.0816
0.0823
0.0799
0.0815
0.0794
0.0839
0.0802
0.0793
0.0815
0.0802
0.0801
0.0807
0.0801
0.0807
0.0806
0.0802
0.0806
0.0836
0.0807
0.0806
0.0816
0.082
0.0838
0.0856
0.0808
0.0792
0.0804
0.0822
0.0796
0.08
0.0839
0.0825
0.0802
0.0829
0.0796
0.0805
0.0842
0.0788
0.0795
0.0812
0.08
0.0786
0.0828
0.0831
0.083
0.0821
0.0799
0.0824
0.0826
0.0797
0.0796
0.0786
0.0814
0.084
0.0809
0.0802
0.0801
0.0791
0.0832
0.0807
0.0807
0.0827
0.0801
0.0811
0.0823
0.082
0.0794
0.0796
0.0819
0.0804
0.08
0.0801
0.0799
0.0807
0.0808
0.0805
0.0806
0.08
0.0803
0.08
0.0795
0.0809
0.0798
0.0798
0.0818
0.0816
0.0811
0.0811
0.0875
0.0833
0.0804
0.08
0.08
0.0822
0.0791
0.0834
0.0803
0.0816
0.0787
0.082
0.0814
0.0831
0.0802
0.0803
0.082
0.0804
0.0825
0.0768
0.0804
0.0781
0.0808
0.0812
0.0831
0.0806
0.0824
0.0802
0.0807
0.0794
0.0797
0.08
0.0816
0.0796
0.0827
0.0801
0.0826
0.087
0.0802
0.0804
0.0786
0.0797
0.0814
0.0793
0.0826
0.0819
0.0819
0.0821
0.0826
0.0817
0.0808
0.0803
0.0804
0.0827
0.0801
0.0826
0.0809
0.0851
0.0819
0.0794
0.0806
0.081
0.0816
0.0799
0.0825
0.0796
0.0796
0.08
0.0801
0.0808
0.0799
0.0815
0.0821
0.0845
0.0831
0.0814
0.0818
0.0804
0.0846
0.0794
0.0803
0.0802
0.0832
0.0839
0.081
0.0822
0.0832
0.0822
0.0916
0.0832
0.084
0.0804
0.0813
0.0809
0.0798
0.1098
0.0805
0.0788
0.0847
0.083
0.0799
0.082
0.0806
0.0799
0.08
0.0828
0.0853
0.0812
0.0796
0.0843
0.0797
0.083
0.0809
0.0804
0.0799
0.0825
0.0809
0.0817
0.0815
0.084
0.0848
0.0792
0.0856
0.0791
0.0799
0.0807
0.0833
0.08
0.0848
0.0793
0.0808
0.0836
0.0819
0.0808
0.0818
0.0809
0.0835
0.081
0.08
0.0795
0.0823
0.0801
0.0809
0.0794
0.079
0.0792
0.0806
0.0816
0.0792
0.0872
0.0818
0.0792
0.0801
0.0802
0.0802
0.0801
0.0798
0.0833
0.0802
0.0802
0.0808
0.0797
0.0835
0.0886
0.0806
0.0793
0.0814
0.0802
0.0821
0.0816
0.0808
0.0842
0.0795
0.0802
0.0833
0.081
0.0796
0.0828
0.0804
0.0796
0.0837
0.0861
0.0799
0.0843
0.0802
0.0831
0.0811
0.085
0.0797
0.0796
0.0813
0.0801
0.0787
0.0803
0.0816
0.0788
0.0798
0.0829
0.0813
0.083
0.081
0.0791
0.0821
0.0878
0.0831
0.0814
0.081
0.0814
0.0815
0.0787
0.0822
0.0812
0.0798
0.0816
0.0796
0.0829
0.0807
0.0799
0.085
0.0849
0.0808
0.0791
0.0792
0.0806
0.0796
0.0794
0.0795
0.0813
0.0834
0.0811
0.08
0.0787
0.0986
0.0795
0.0831
0.0803
0.0803
0.0848
0.0819
0.0794
0.08
0.0827
0.0803
0.0806
0.0831
0.0813
0.0798
0.0813
0.0976
0.0799
0.0796
0.0813
0.0791
0.0834
0.0804
0.0838
0.0811
0.0797
0.0824
0.0791
0.0811
0.0811
0.0807
0.083
0.0806
0.097
0.0813
0.0807
0.0799
0.0811
0.0807
0.0788
0.0793
0.0807
0.0828
0.0827
0.0807
0.0795
0.0796
0.0797
0.082
0.0852
0.0824
0.081
0.0815
0.0817
0.0819
0.0816
0.0829
0.082
0.0805
0.0798
0.0828
0.0807
0.0802
0.0803
0.0802
0.0809
0.0812
0.0831
0.0817
0.1015
0.0793
0.0815
0.0805
0.0794
0.081
0.0853
0.0804
0.0811
0.0828
0.0787
0.0814
0.079
0.0781
0.0802
0.0835
0.08
0.0819
0.0815
0.0825
0.0802
0.0796
0.0931
0.0787
0.0788
0.0821
0.0795
0.0809
0.0799
0.083
0.0806
0.0817
0.082
0.0792
0.0804
0.0805
0.0818
0.0856
0.0861
0.0849
0.0788
0.0846
0.0795
0.0811
0.081
0.0795
0.0842
0.0834
0.0802
0.0835
0.0805
0.0793
0.0828
0.0798
0.0835
0.0819
0.0832
0.0822
0.0807
0.0837
0.0788
0.0843
0.0799
0.0801
0.08
0.0805
0.0814
0.0815
0.0786
0.0829
0.0793
0.0805
0.0805
0.0828
0.0836
0.0814
0.08
0.0804
0.0791
0.0854
0.082
0.0796
0.081
0.0793
0.0802
0.0798
0.0812
0.0813
0.079
0.0799
0.0803
0.0795
0.0824
0.0803
0.1057
0.0816
0.0834
0.083
0.0828
0.081
0.0831
0.0802
0.0802
0.0797
0.0828
0.0794
0.0838
0.0973
0.0819
0.0796
0.08
0.0809
0.08
0.0787
0.0837
0.0825
0.082
0.0802
0.0842
0.0796
0.0807
0.0858
0.0808
0.0809
0.081
0.0797
0.0795
0.0832
0.0794
0.0829
0.0851
0.0805
0.0849
0.0799
0.0796
0.0817
0.0809
0.0816
0.0799
0.08
0.0827
0.0812
0.0959
0.0821
0.0831
0.0823
0.0798
0.0816
0.0827
0.081
0.0803
0.0817
0.0807
0.0798
0.0827
0.0837
0.0829
0.0808
0.08
0.0827
0.0817
0.0826
0.0855
0.0808
0.081
0.0809
0.0801
0.0803
0.0807
0.0792
0.084
0.0794
0.0806
0.081
0.0828
0.081
0.0829
0.0794
0.0827
0.1032
0.0811
0.0805
0.0833
0.0822
0.0799
0.0808
0.0798
0.0813
0.0821
0.0799
0.0831
0.0803
0.0809
0.0811
0.0802
0.0797
0.0824
0.1052
0.0848
0.0804
0.0821
0.083
0.082
0.0793
0.0834
0.0805
0.0791
0.0804
0.0803
0.08
0.079
0.0802
0.083
0.0827
0.0799
0.0816
0.0862
0.0782
0.0804
0.0811
0.0783
0.0798
0.0821
0.08
0.081
0.0811
0.0826
0.0799
0.0795
0.0816
0.0788
0.0812
0.082
0.0802
0.0806
0.0815
0.0928
0.0798
0.0794
0.084
0.081
0.0806
0.0857
0.0797
0.0809
0.0804
0.0816
0.0832
0.0794
0.0798
0.0809
0.0794
0.0793
0.0819
0.0842
0.0832
0.0836
0.0835
0.0802
0.0798
0.0799
0.0804
0.08
0.0816
0.0813
0.0809
0.0801
0.081
0.0796
0.0794
0.0791
0.083
0.0796
0.0831
0.0865
0.083
0.0824
0.083
0.079
0.0797
0.0851
0.0803
0.0818
0.0825
0.0798
0.0809
0.0819
0.0796
0.08
0.0793
0.0818
0.0807
0.0795
0.0794
0.0816
0.0798
0.0809
0.0809
0.0799
0.0799
0.0832
0.0799
0.0808
0.0833
0.0832
0.0792
0.08
0.0813
0.0803
0.0831
0.0806
0.0824
0.0834
0.0792
0.092
0.0791
0.0816
0.0803
0.0812
0.0848
0.0826
0.0848
0.0786
0.0819
0.0789
0.0782
0.0818
0.0839
0.0804
0.0805
0.0798
0.0827
0.0823
0.0814
0.0816
0.0817
0.0788
0.0813
0.0834
0.0814
0.0802
0.0808
0.0805
0.0796
0.0812
0.0822
0.0794
0.0818
0.0806
0.0854
0.0825
0.0791
0.0806
0.0836
0.0798
0.0805
0.0817
0.0826
0.0811
0.0806
0.0797
0.0796
0.08
0.0866
0.0817
0.0804
0.0816
0.0793
0.0798
0.0836
0.0834
0.0892
0.0797
0.0811
0.0827
0.08
0.0838
0.0798
0.0802
0.0813
0.0825
0.0791
0.0802
0.0828
0.0795
0.0802
0.082
0.0805
0.0807
0.0796
0.0827
0.0799
0.0795
0.0796
0.0802
0.0819
0.0799
0.0794
0.0836
0.0795
0.0794
0.081
0.0801
0.0804
0.0798
0.0795
0.0834
0.0826
0.0799
0.0818
0.0828
0.0824
0.0803
0.0807
0.0823
0.0797
0.0803
0.084
0.0807
0.0812
0.0834
0.0798
0.0795
0.0824
0.0813
0.079
0.0807
0.0801
0.0834
0.0799
0.0831
0.0827
0.0821
0.0805
0.0851
0.0816
0.0818
0.0813
0.0786
0.0817
0.0817
0.0798
0.0783
0.0794
0.0809
0.0803
0.0851
0.0805
0.0807
0.0783
0.0818
0.0834
0.0799
0.0796
0.0849
0.0803
0.0807
0.079
0.0818
0.0818
0.0827
0.0819
0.0863
0.0824
0.0793
0.0791
0.0803
0.0804
0.081
0.079
0.0806
0.082
0.0821
0.0801
0.0821
0.082
0.0802
0.0831
0.0811
0.0825
0.0792
0.0788
0.0805
0.0802
0.0801
0.0883
0.0806
0.0829
0.0813
0.0805
0.0809
0.0799
0.0799
0.0795
0.0799
0.0812
0.0804
0.0766
0.0792
0.079
0.0812
0.0803
0.0851
0.0797
0.0814
0.0794
0.0802
0.0812
0.0835
0.0795
0.0823
0.0811
0.0836
0.0802
0.0813
0.0822
0.0798
0.0822
0.0807
0.0795
0.0782
0.0802
0.0808
0.0801
0.0859
0.0813
0.0891
0.0809
0.0832
0.0806
0.0794
0.0795
0.0829
0.0817
0.08
0.083
0.079
0.0798
0.08
0.0821
0.0817
0.0799
0.0829
0.0838
0.0808
0.0842
0.0801
0.0812
0.0819
0.086
0.0803
0.0845
0.0804
0.0809
0.102
0.0798
0.0811
0.0796
0.0831
0.0846
0.0804
0.0847
0.0805
0.079
0.08
0.082
0.081
0.079
0.0791
0.0802
0.0921
0.0836
0.0795
0.0809
0.0799
0.0798
0.08
0.081
0.0802
0.0831
0.0803
0.079
0.0786
0.0792
0.0806
0.0821
0.0816
0.0784
0.0796
0.0806
0.0814
0.083
0.081
0.0836
0.0823
0.0829
0.0805
0.0795
0.0793
0.0802
0.0806
0.0807
0.0795
0.0803
0.0799
0.0789
0.0837
0.0806
0.0974
0.081
0.08
0.0807
0.0848
0.0804
0.0833
0.0803
0.0805
0.0813
0.079
0.0796
0.0825
0.0807
0.0809
0.0825
0.0808
0.0827
0.0799
0.0863
0.0799
0.0812
0.0785
0.0798
0.0795
0.0812
0.0795
0.0825
0.0811
0.0795
0.0795
0.0796
0.0804
0.0795
0.0836
0.0792
0.0831
0.0811
0.082
0.0807
0.0794
0.0927
0.0788
0.0792
0.0807
0.0827
0.0813
0.0813
0.0826
0.0809
0.0813
0.0803
0.0803
0.082
0.0798
0.0835
0.0789
0.0803
0.0799
0.0838
0.0801
0.08
0.0897
0.0793
0.0858
0.0822
0.0806
0.0814
0.0803
0.079
0.0829
0.079
0.08
0.0807
0.0793
0.0804
0.0823
0.0799
0.0805
0.0793
0.0796
0.0811
0.0795
0.0814
0.0824
0.0805
0.0835
0.0804
0.0814
0.0808
0.0805
0.0784
0.0823
0.0806
0.0827
0.0816
0.0826
0.0794
0.0852
0.0803
0.0829
0.0788
0.0804
0.0793
0.0824
0.0797
0.079
0.0826
0.0795
0.0825
0.0793
0.0791
0.0811
0.0825
0.0805
0.0807
0.086
0.083
0.0811
0.0796
0.0804
0.0815
0.081
0.0797
0.0806
0.0781
0.0835
0.0846
0.08
0.0806
0.0794
0.08
0.0822
0.0789
0.0827
0.0832
0.0801
0.081
0.0802
0.0836
0.0814
0.0806
0.0814
0.0791
0.0818
0.0809
0.0801
0.0799
0.0795
0.0817
0.0804
0.08
0.0808
0.08
0.0799
0.0808
0.0796
0.0825
0.0794
0.0808
0.08
0.0809
0.0896
0.0812
0.0792
0.0804
0.0906
0.0821
0.0829
0.0802
0.0832
0.0808
0.0833
0.0807
0.0832
0.0827
0.081
0.0829
0.079
0.1747
0.08
0.0826
0.0831
0.084
0.0816
0.0802
0.0809
0.0801
0.0817
0.0799
0.0806
0.0828
0.0837
0.0815
0.0985
0.0803
0.0794
0.0799
0.0803
0.0802
0.083
0.0829
0.085
0.0833
0.0829
0.0832
0.0814
0.0787
0.0796
0.0801
0.0804
0.0795
0.0804
0.0808
0.0809
0.0793
0.0788
0.0821
0.081
0.0806
0.0797
0.0804
0.0824
0.0804
0.0813
0.0792
0.0839
0.0835
0.0801
0.079
0.0791
0.0805
0.0975
0.0819
0.081
0.0822
0.0827
0.079
0.0818
0.0806
0.0814
0.0794
0.081
0.0799
0.0803
0.0792
0.0793
0.0788
0.0831
0.084
0.0801
0.079
0.0829
0.081
0.081
0.0802
0.0801
0.0806
0.08
0.0792
0.0798
0.0823
0.0787
0.0837
0.0809
0.08
0.0799
0.0803
0.0801
0.08
0.0807
0.0824
0.0814
0.0817
0.0942
0.0803
0.0806
0.0798
0.0801
0.0799
0.0801
0.0804
0.0796
0.0828
0.08
0.0829
0.0811
0.0808
0.0829
0.0812
0.0792
0.0804
0.0806
0.0795
0.0805
0.0805
0.08
0.0806
0.0816
0.0816
0.0809
0.0866
0.0801
0.0865
0.0798
0.0822
0.0807
0.079
0.0806
0.0796
0.0786
0.0805
0.0792
0.0792
0.0804
0.0805
0.0809
0.0801
0.081
0.0825
0.0809
0.0812
0.0817
0.0797
0.0783
0.0837
0.0785
0.0823
0.0803
0.0815
0.0822
0.0886
0.0848
0.083
0.08
0.0804
0.0795
0.0799
0.0799
0.0823
0.0854
0.0791
0.081
0.0798
0.0826
0.0792
0.084
0.0804
0.0827
0.0799
0.0821
0.0819
0.0821
0.0802
0.0841
0.0805
0.0801
0.082
0.0806
0.0817
0.0807
0.0807
0.0827
0.0799
0.082
0.0785
0.0795
0.0813
0.1126
0.0802
0.0807
0.0799
0.0821
0.0819
0.0806
0.0951
0.0818
0.0799
0.081
0.08
0.0804
0.0833
0.0805
0.0795
0.0837
0.0845
0.0788
0.0822
0.0802
0.081
0.0803
0.0786
0.0792
0.0834
0.0846
0.0801
0.0828
0.0794
0.0805
0.0801
0.0818
0.0809
0.0792
0.0792
0.0841
0.0823
0.0818
0.0818
0.0788
0.0808
0.0822
0.0823
0.0811
0.0814
0.0814
0.0801
0.079
0.0779
0.0835
0.0805
0.0808
0.0792
0.0948
0.1814
0.081
0.0806
0.0872
0.0794
0.0809
0.08
0.0834
0.0798
0.0834
0.081
0.081
0.0808
0.0818
0.0855
0.0796
0.0787
0.08
0.0785
0.0825
0.0835
0.0829
0.0817
0.0831
0.08
0.0804
0.0789
0.0791
0.08
0.0833
0.0832
0.0813
0.0809
0.0845
0.0802
0.0809
0.0822
0.0792
0.0832
0.0803
0.0836
0.0822
0.0828
0.0844
0.0797
0.0796
0.0825
0.0785
0.0792
0.0825
0.0795
0.0793
0.081
0.0796
0.0839
0.0815
0.0875
0.0808
0.0824
0.0801
0.0812
0.0813
0.0824
0.0822
0.0798
0.0803
0.0797
0.0814
0.079
0.0823
0.0811
0.0832
0.0809
0.0841
0.0802
0.0824
0.079
0.0811
0.0794
0.079
0.08
0.0806
0.0803
0.0818
0.0821
0.081
0.084
0.0821
0.0819
0.0832
0.0798
0.0825
0.0792
0.0821
0.0826
0.0797
0.0826
0.0834
0.0799
0.0801
0.0806
0.0802
0.0815
0.0814
0.0798
0.0799
0.0813
0.0801
0.079
0.0803
0.0801
0.0789
0.086
0.0832
0.0803
0.0816
0.0797
0.0808
0.0799
0.0804
0.08
0.0801
0.082
0.0792
0.0811
0.0786
0.0829
0.0791
0.0804
0.0803
0.0813
0.0804
0.0822
0.0793
0.0831
0.0797
0.0833
0.0834
0.0793
0.0796
0.0791
0.0796
0.0831
0.0788
0.0823
0.0796
0.0809
0.0821
0.0807
0.0803
0.0839
0.0821
0.0828
0.08
0.0811
0.0809
0.0807
0.0809
0.0813
0.0812
0.0824
0.0813
0.0835
0.0824
0.0837
0.0832
0.0834
0.0787
0.081
0.0841
0.0794
0.0824
0.0795
0.0819
0.0808
0.0794
0.0852
0.0807
0.0804
0.0828
0.082
0.0801
0.0835
0.0807
0.0809
0.0797
0.0814
0.0779
0.0833
0.0792
0.0797
0.0799
0.0825
0.0842
0.0798
0.0806
0.0815
0.0803
0.0792
0.0808
0.0795
0.0792
0.0809
0.0793
0.0825
0.0799
0.0834
0.08
0.0824
0.0821
0.0804
0.0803
0.0795
0.0811
0.0805
0.08
0.0824
0.0817
0.081
0.08
0.0931
0.0794
0.0812
0.0822
0.0845
0.0829
0.0845
0.0791
0.0818
0.0802
0.0792
0.0809
0.0836
0.0805
0.0793
0.0837
0.0796
0.0829
0.0803
0.082
0.0805
0.082
0.0807
0.0866
0.0831
0.079
0.0792
0.0826
0.0835
0.08
0.0792
0.0816
0.0849
0.0802
0.079
0.0812
0.0797
0.0807
0.0839
0.0818
0.0817
0.0846
0.0841
0.0807
0.0795
0.0824
0.0788
0.0808
0.08
0.0816
0.0819
0.08
0.0798
0.0846
0.0782
0.082
0.0811
0.0828
0.0816
0.081
0.08
0.0818
0.0799
0.0798
0.0819
0.0806
0.0804
0.0825
0.0806
0.0799
0.0811
0.0829
0.0798
0.082
0.0953
0.0806
0.0789
0.0806
0.0833
0.0828
0.0844
0.0817
0.0796
0.0804
0.0833
0.0803
0.0796
0.0812
0.0835
0.0803
0.0824
0.0802
0.0803
0.0828
0.081
0.0807
0.0795
0.0808
0.0816
0.0803
0.0828
0.0822
0.0824
0.0805
0.0835
0.0802
0.0802
0.0819
0.0814
0.0794
0.0787
0.0799
0.0806
0.0879
0.0835
0.0813
0.0818
0.0809
0.0822
0.08
0.0819
0.0821
0.0805
0.0814
0.0813
0.0829
0.0805
0.0838
0.1095
0.0811
0.0834
0.0913
0.0806
0.0794
0.0826
0.0822
0.0799
0.0855
0.0796
0.083
0.0794
0.0799
0.0795
0.0821
0.0817
0.0785
0.0807
0.0822
0.0802
0.0817
0.0816
0.0809
0.0797
0.0852
0.0798
0.081
0.0802
0.0798
0.0799
0.0979
0.0799
0.0819
0.08
0.079
0.0803
0.0797
0.0848
0.0868
0.0797
0.0791
0.0801
0.0825
0.0827
0.0819
0.0795
0.083
0.0824
0.0799
0.0803
0.0789
0.0792
0.0821
0.08
0.0834
0.079
0.0793
0.0828
0.0904
0.0797
0.0836
0.08
0.0806
0.0794
0.0816
0.0808
0.0797
0.0816
0.0843
0.0796
0.0794
0.0821
0.0814
0.079
0.0838
0.0865
0.0816
0.0797
0.0828
0.0804
0.0802
0.0832
0.084
0.0799
0.0809
0.0819
0.0829
0.0828
0.0812
0.0788
0.0811
0.0809
0.082
0.0817
0.0802
0.0804
0.0819
0.08
0.0839
0.0803
0.0837
0.0847
0.0809
0.0816
0.082
0.0852
0.0786
0.0818
0.081
0.0793
0.0794
0.083
0.0812
0.0797
0.1049
0.0825
0.0868
0.0804
0.0804
0.0819
0.0849
0.0801
0.0816
0.0792
0.0808
0.0806
0.0788
0.0788
0.0871
0.1086
0.0822
0.081
0.0835
0.0815
0.0817
0.0822
0.0803
0.081
0.0854
0.0832
0.0774
0.0795
0.0807
0.079
0.0808
0.0812
0.0822
0.0839
0.0818
0.0833
0.0792
0.0802
0.081
0.0791
0.0823
0.0815
0.0812
0.0796
0.0821
0.0785
0.0816
0.0799
0.0809
0.0815
0.0797
0.0844
0.0829
0.0853
0.1014
0.0827
0.0821
0.0802
0.081
0.0813
0.0806
0.0781
0.0795
0.0793
0.0809
0.079
0.0812
0.0795
0.0814
0.0806
0.0799
0.0826
0.0852
0.081
0.0801
0.0826
0.081
0.0849
0.0814
0.0794
0.0814
0.08
0.0813
0.0965
0.0809
0.0822
0.0831
0.0804
0.0787
0.0815
0.0826
0.0792
0.0841
0.0816
0.0791
0.0792
0.0856
0.0805
