Timp in Milisecunde
206.872
226.723
227.764
234.518
226.896
231.3
227.3
224.039
230.84
231.437
230.248
239.299
232.275
225.835
234.826
229.549
219.294
228.294
224.51
236.998
225.778
228.445
221.371
228.013
220.468
248.873
229.711
243.126
245.125
235.247
240.384
233.849
235.342
226.559
236.981
233.259
232.379
239.464
233.775
240.488
225.157
230.038
238.384
252.561
243.858
239.461
234.59
244.909
242.14
239.096
240.187
236.018
227.991
231.302
237.845
230.892
232.987
248.289
236.298
226.668
229.01
240.463
231.912
233.445
232.305
225.932
236.487
235.824
231.793
243.878
239.401
232.875
224.107
235.005
229.087
228.038
232.144
225.561
224.588
227.351
233.354
226.98
249.567
232.294
239.053
238.706
244.85
232.088
238.29
237.686
231.073
223.66
220.374
222.624
218.407
231.193
229.417
242.088
215.317
223.627
219.594
219.672
221.606
229.022
235.804
226.04
219.814
224.635
218.503
220.509
235.833
238.729
232.94
236.335
230.171
240.546
235.857
227.586
223.622
225.554
228.374
237.513
238.774
248.907
238.74
240.408
231.991
232.863
233.004
232.534
226.008
237.036
226.005
229.351
229.29
230.141
235.97
233.87
233.663
235.882
223.636
244.256
235.956
233.891
232.269
217.917
234.446
235.202
225.947
238.228
232.407
236.98
240.993
233.86
231.567
233.159
235.041
229.784
237.255
229.836
235.716
240.513
232.975
230.601
228.382
214.487
218.503
224.579
234.596
240.029
228.484
229.519
226.212
233.658
227.92
230.56
219.968
222.023
219.194
221.201
220.989
240.551
219.449
235.008
221.006
217.861
224.813
213.204
230.346
218.056
219.875
224.952
227.967
220.003
236.396
224.408
231.738
218.274
240.935
238.411
239.762
228.064
219.748
217.006
266.98
238.718
234.919
246.707
234.697
235.939
233.366
238.262
232.097
238.209
233.984
231.805
226.711
229.251
254.243
247.066
239.096
232.413
240.517
234.016
232.261
235
228.805
225.009
228.424
236.411
232.893
244.804
238.831
239.645
231.046
242.164
235.135
233.75
235.907
245.427
242.021
238.957
223.834
234.089
234.642
226.998
236.237
227.59
237.855
222.287
224.357
227.699
218.93
224.295
227.232
218.676
257.241
217.886
220.317
221.495
229.331
243.609
222.233
224.928
218.964
218.502
216.171
236.228
225.953
231.214
237.746
228.243
220.262
218.14
218.78
222.589
236.441
231.256
219.296
259.061
237.268
241.229
235.167
234.976
228.648
235.631
240.494
238.693
244.939
246.315
220.157
220.18
218.437
235.125
234.651
230.472
233.687
237.787
239.939
235.528
229.456
223.591
225.92
232.046
226.156
227.041
252.009
227.503
233.888
237.123
239.097
238.808
236.748
237.99
223.659
227.95
239.579
232.011
236.233
227.478
238.186
230.754
229.68
225.142
232.154
231.358
221.86
235.62
229.574
250.801
241.497
212.02
210.753
234.058
238.755
229.101
229.161
227.447
229.53
231.248
231.828
231.748
216.258
225.91
222.136
222.754
230.556
236.472
235.117
227.66
223.164
218.251
223.287
227.733
240.815
235.624
222.749
216.025
234.162
233.1
216.548
229.785
237.561
248.374
232.6
244.348
230.69
240.142
244.565
240.073
232.353
260.667
226.945
230.261
230.252
228.509
232.126
239.243
233.438
239.062
237.279
237.362
231.125
224.828
228.882
235.308
228.406
228.561
222.046
223.785
240.486
235.731
235.657
239.527
235.044
244.449
234.43
233.204
238.42
266.397
239.476
246.946
237.042
229.082
244.281
232.012
239.714
250.631
243.914
244.948
243.429
245.176
287.902
249.343
241.899
250.015
252.728
232.098
234.021
239.601
250.878
237.753
220.412
225.251
230.762
222.889
221.542
223.255
230.378
218.501
219.113
243.158
244.689
235.427
238.544
231.717
230.788
238.884
240.141
243.746
233.04
255.193
243.192
238.298
229.731
237.055
229.294
227.212
240.235
241.79
233.444
244.789
230.697
232.155
257.839
230.791
231.87
232.956
228.422
245.099
234.88
229.744
228.012
233.981
234.449
242.17
240.889
236.71
232.963
227.467
221.349
235.275
217.462
225.453
221.502
229.859
228.923
226.35
236.45
229.408
231.684
236.455
239.287
228.497
233.124
229.773
223.625
220.549
219.056
216.577
225.142
222.915
230.002
220.493
228.079
225.841
229.51
236.071
232.48
216.138
217.959
224.997
219.575
225.216
223.732
215.442
226.213
248.024
218.705
229.437
217.028
234.311
234.64
227.307
225.88
230.562
233.861
235.856
242.165
225.233
227.516
221.776
225.445
229.607
229.654
246.8
237.825
238.165
235.782
235.428
246.792
230.129
253.328
242.834
243.046
243.957
231.544
236.113
242.36
238.884
236.709
237.521
242.144
227.133
253.123
238.476
238.877
237.562
237.972
228.155
227.473
235.647
233.81
233.432
237.239
235.228
240.397
236.094
248.513
251.16
240.925
235.826
242.618
237.684
241.185
243.005
239.165
226.907
216.211
234.53
219.167
220.993
229.93
223.555
229.498
228.234
251.275
233.215
234.928
225.538
233.386
229.254
234.411
238.387
231.584
243.115
247.464
226.506
229.719
238.964
240.986
238.398
230.041
228.432
223.379
237.928
247.904
226.259
232.763
239.161
230.274
231.185
230.719
227.192
235.262
231.227
229.043
230.932
237.477
232.634
225.427
229.435
231.925
240.475
223.181
232.377
234.234
232.283
219.093
228.736
228.145
226.388
228.988
226.152
241.153
240.811
244.024
239.995
242.199
237.688
231.943
242.938
237.973
240.039
242.142
244.243
232.056
230.493
237.975
237.444
239.193
232.115
242.693
245.406
241.265
235.32
248.113
243.078
239.084
237.028
242.816
234.353
243.067
245.819
241.658
239.263
233.972
247.662
243.156
250.739
240.2
236.965
239.871
238.424
236.201
243.454
238.362
253.904
239.643
260.749
259.799
239.404
228.53
227.609
227.69
237.002
227.84
239.632
258.374
235.238
222.214
223.976
219.642
234.851
238.326
236.183
244.37
235.561
231.516
224.505
240.222
228.457
245.684
230.02
225.767
233.568
228.376
238.633
259.037
245.577
240.024
240.927
244.853
250.088
240.301
234.385
240.6
242.963
249.732
243.55
242.778
244.711
237.283
242.87
235.172
232.627
245.314
229.993
234.291
234.816
229.558
237.721
245.078
225.159
238.755
234.809
234.47
234.562
232.225
229.802
232.949
238.547
235.415
233.008
242.184
254.022
230.323
241.991
227.617
231.188
218.455
223.032
211.794
220.172
219.689
228.475
231.141
219.74
211.524
222.713
207.736
206.133
206.752
216.993
205.695
214.321
214.516
217.487
213.148
218.275
207.193
208.772
218.15
209.532
204.522
207.645
204.022
206.12
212.295
214.633
209.71
209.596
211.945
210.284
213.773
213.78
216.007
203.958
213.16
208.274
202.902
210.327
211.108
212.334
212.182
218.136
209.64
212.733
207.612
209.752
206.035
206.463
214.704
209.592
207.137
213.736
213.681
213.127
208.76
208.338
215.481
212.799
203.872
214.241
218.375
210.35
217.803
208.89
215.811
208.996
207.215
211.858
212.376
224.064
207.477
212.914
212.404
217.604
215.486
213.853
217.107
213.772
223.892
216.726
210.115
212.98
216.5
217.257
219.498
219.449
211.025
217.529
219.051
216.8
208.839
213.23
208.849
212.754
205.432
207.175
208.72
213.908
228.267
223.147
222.107
231.559
216.146
223.255
216.69
214.837
216.82
217.862
208.812
224.41
207.151
216.268
212.758
226.852
212.151
217.191
211.152
220.684
209.134
213.531
207.304
210.021
211.515
214.261
232.533
208.385
228.261
210.658
207.135
208.094
210.526
212.153
249.062
224.914
214.721
208.128
220.506
205.928
217.094
208.067
217.14
207.634
215.223
214.143
209.63
218.22
221.321
216.504
209.627
216.602
212.4
210.436
210.694
222.531
216.366
214.572
208.421
230.885
214.555
209.26
216.422
207.799
209.096
209.592
208.61
213.414
235.804
212.006
213.538
213.397
214.279
217.947
220.394
213.533
207.795
225.066
215.744
223.047
213.946
217.682
210.04
211.7
220.096
211.813
214.88
223.618
223.899
212.928
219.955
217.908
217.424
208.507
220.881
215.509
218.429
205.152
229.748
208.749
207.053
213.99
216.968
208.494
211.753
204.937
222.329
204.929
210.031
208.19
204.681
219.446
220.278
225.339
209.364
225.078
215.986
224.264
235.337
235.126
230.663
225.126
215.767
218.67
209.254
243.796
232.658
228.781
243.289
238.107
231.688
232.289
239.176
234.666
243.384
223.381
234.946
236.702
243.775
243.459
247.498
244.16
240.533
240.303
221.848
226.874
225.228
229.706
243.377
242.414
241.52
226.327
239.303
233.143
241.672
237.602
231.189
235.435
231.683
228.825
227.821
231.968
229.152
229.141
240.481
230.622
233.283
238.422
243.352
237.572
243.342
231.359
230.354
222.657
233.557
224.475
227.393
228.426
237.101
231.822
235.17
237.057
237.811
227.561
223.93
232.367
226.502
235.947
230.715
234.258
236.622
239.773
242.353
236.915
234.345
244.318
236.947
238.533
246.184
242.907
251.263
241.178
238.439
222.907
231.645
244.468
234.305
227.178
224.392
231.52
232.971
225.538
234.044
227.614
228.478
233.866
233.65
236.606
233.713
232.409
239.76
249.04
233.651
233.009
238.955
233.594
223.816
223.939
231.095
239.839
250.37
247.854
234.187
238.474
238.852
238.379
240.739
242.182
237.112
244.855
252.109
240.874
239.747
219.913
231.176
228.605
223.085
226.883
225.732
231.803
229.003
226.038
221.272
263.622
281.574
236.074
236.165
237.623
239.065
239.697
233.427
236.169
233.245
241.41
234.11
232.895
237.207
228.361
232.279
243.527
233.274
241.135
234.634
236.639
246.962
232.354
238.759
235.916
227.163
236.856
236.367
237.545
228.06
236.49
234.447
237.956
232.951
231.721
279.464
238.899
232.287
243.513
238.466
229.957
233.613
241.946
242.098
239.676
244.33
240.602
243.085
242.821
235.906
245.879
236.036
239.299
243.479
242.481
238.35
248.347
244.074
240.676
242.095
246.329
237.147
236.583
242.954
240.367
243.765
249.83
247.555
234.68
249.998
243.28
243.078
245.271
242.267
236.365
233.367
243.483
234.78
224.2
220.598
222.222
239.05
229.982
227.349
224.97
228.516
241.781
244.446
220.026
227.131
219.728
228.456
216.809
236.16
223.03
234.988
227.546
237.316
245.037
244.001
230.242
237.731
232.733
235.07
248.819
244.778
244.978
230.257
235.776
238.936
255.923
235.861
239.871
233.832
244.094
236.105
232.196
244.141
245.738
239.439
233.748
238.989
240.506
244.752
246.842
238.591
239.04
240.026
242.065
237.735
235.429
231.554
234.604
243.053
266.509
238.903
246.354
245.41
244.905
239.858
240.287
244.109
246.517
243.05
242.554
238.57
250.844
248.451
243.503
243.943
246.576
242.337
244.949
239.202
229.4
235.31
239.632
240.171
238.469
230.383
224.192
231.272
262.134
233.178
236.117
226.5
222.568
227.789
227.575
225.474
245.804
234.154
236.484
231.216
235.867
236.172
239.654
235.036
236.983
235.829
222.91
249.296
237.48
248.544
235.176
247.031
264.279
235.496
229.69
232.706
236.743
232.891
231.577
234.156
248.089
244.918
237.679
228.133
237.276
240.645
233.919
234.49
234.106
233.831
232.281
231.809
226.985
242.707
230.821
231.834
228.816
226.981
229.871
232.32
242.674
233.835
287.089
247.044
236.16
244.473
243.24
244.672
230.813
228.724
237.763
239.3
243.093
242.379
235.522
244.283
226.812
255.199
246.2
232.06
224.568
229.132
234.689
237.618
229.016
235.666
233.244
240.162
215.578
227.837
234.895
223.777
226.048
217.422
248.583
232.242
262.493
230.574
234.091
233.581
235.241
240.429
229.203
228.985
235.507
246.58
247.302
237.154
233.537
232.783
237.049
234.843
234.685
231.248
252.231
252.568
227.296
234.596
239.832
231.287
233.308
248.563
248.83
231.666
238.32
238.491
223.646
231.999
234.91
232.006
224.913
234.286
234.496
227.446
227.279
229.818
220.496
229.494
230.653
237.27
246.759
230.584
232.27
218.887
223.802
243.284
227.481
210.684
205.643
243.985
232.094
239.429
240.098
238.563
238.127
243.715
238.166
232.005
229.558
237.818
228.177
233.186
233.96
227.983
232.613
230.449
236.234
236.885
220.184
237.044
220.397
236.273
234.025
232.152
233.245
225.759
217.329
229.316
224.025
223.213
243.418
236.233
233.825
223.67
234.214
241.056
234.717
244.345
236.038
232.509
240.871
231.37
223.112
242.939
236.001
242.048
239.009
231.851
233.122
231.908
235.23
234.999
238.957
235.845
241.677
236.685
231.2
234.902
247.946
240.937
222.462
234.391
231.166
227.721
230.843
234.718
237.728
238.696
234.218
239.132
241.639
234.292
235.544
248.149
230.871
222.077
226.582
220.94
234.208
225.337
220.663
219.3
222.135
222.632
222.074
228.063
207.677
218.554
219.886
228.908
214.847
234.429
238.028
225.369
228.726
243.223
242.07
227.126
240.464
230.716
231.097
232.878
230.025
240.244
234.567
227.988
233.529
235.303
234.651
227.058
235.367
232.545
233.671
229.867
242.118
246.221
223.023
233.021
236.253
245.121
227.432
225.105
236.386
222.42
240.898
252.518
240.232
232.161
228.434
226.659
239.094
235.565
237.229
232.398
227.277
233.338
227.551
233.154
233.414
242.331
232.366
227.238
229.667
221.936
211.962
222.757
240.355
231.414
233.434
229.277
231.44
224.366
235.275
236.86
216.023
234.865
237.442
233.862
247.363
248.119
231.499
244.561
226.425
235.596
234.014
228.178
240.581
240.766
242.882
244.051
226.011
228.559
227.771
227.976
222.334
229.112
235.521
235.76
227.391
229.686
249.315
228.939
231.756
230.641
225.11
231.916
227.109
236.087
236.49
227.854
227.414
220.027
222.832
226.754
218.297
232.549
228.73
233.621
234.36
227.868
234.334
236.725
234.246
244.57
239.948
247.57
233.129
232.386
221.574
224.617
231.248
223.726
224.225
229.052
232.122
228.972
224.848
230.127
227.087
234.739
238.823
227.282
231.058
228.047
231.61
225.058
222.822
222.725
233.739
234.48
230.715
248.016
239.482
239.022
231.613
246.259
230.414
239.882
242.384
246.258
227.488
237.296
244.227
231.784
233.381
230.612
231.817
230.447
220.5
227.159
221.276
228.131
222.931
235.186
242.057
230.922
223.895
219.952
233.245
234.595
237.108
201.342
245.665
245.892
245.166
234.525
247.353
233.518
233.279
245.437
243.356
237.057
237.815
237.16
236.746
232.274
228.117
237.099
239.507
233.111
224.25
236.86
236.872
231.157
240.514
232.412
223.62
225.904
235.734
227.49
223.569
225.29
227.95
227.383
225.408
218.157
247.908
221.44
229.814
222.139
225.222
227.11
235.535
228.07
229.414
234.481
229.21
235.879
230.41
227.14
227.109
231.078
223.01
236.298
238.524
237.517
245.173
243.324
239.438
237.953
243.679
238.323
233.604
234.318
237.429
242.112
226.066
233.25
228.518
230.694
230.528
234.066
245.646
239.186
243.597
241.02
224.926
260.308
222.626
236.425
240.014
227.819
233.645
222.58
222.846
224.764
218.555
230.254
235.51
215.337
248.186
248.061
246.586
231.71
231.238
244.742
231.176
235.495
244.387
242.603
238.112
237.44
239.534
231.519
241.802
234.257
229.388
232.379
235.607
230.637
239.365
234.039
237.464
223.34
234.032
231.19
230.636
232.954
236.02
240.42
230.031
231.837
222.842
235.366
232.791
223.001
239.186
230.484
226.448
228.559
225.265
243.366
228.693
207.85
211.647
234.024
238.604
232.921
230.323
224.81
220.693
219.657
227.26
227.841
228.432
245.021
239.271
239.22
238.518
237.859
245.115
235.709
238.027
242.955
234.157
232.774
242.701
231.481
224.522
234.936
211.868
209.501
212.218
214.405
217.786
209.035
206.66
233.387
228.863
239.871
245.105
245.885
236.958
236.676
231.232
232.98
232.73
235.128
228.189
233.755
224.592
222.166
232.596
232.334
238.102
245.884
230.798
232.131
238.918
237.99
220.255
231.57
236.646
226.037
240.235
257.921
240.548
248.514
229.064
228.283
227.346
208.705
224.522
221.593
226.188
224.168
225.042
222.801
220.422
238.626
223.546
224.406
232.031
224.789
226.743
221.508
227.937
218.933
221.374
212.929
216.385
226.324
239.525
234.366
236.648
235.333
245.627
230.546
230.364
230.782
232.527
229.145
228.383
241.746
231.242
242.42
237.458
221.154
233.943
228.91
224.619
232.773
236.692
236.605
240.077
229.55
230.774
234.859
243.555
232.48
228.095
242.312
233.592
234.784
234.667
230.701
238.744
234.825
231.284
242.517
240.165
257.963
237.672
247.852
249.525
229.996
231.004
242.373
242.675
230.568
230.268
216.858
217.808
215.767
214.152
234.864
228.898
222.144
220.156
219.656
236.429
221.002
221.563
228.218
210.83
223.417
221.229
220.804
222.21
219.311
221.508
224.394
221.18
219.178
235.487
223.85
234.248
242.977
231.218
234.657
219.829
224.304
234.442
235.251
228.172
252.081
221.167
224.744
232.437
228.004
236.221
235.923
239.886
228.792
238.511
237.496
233.418
240.327
234.321
235.01
219.83
237.249
236.711
225.363
225.986
251.672
238.431
234.065
226.001
233.463
232.197
229.42
234.032
240.99
241.902
230.964
241.295
207.01
205.618
208.146
212.242
228.674
225.63
227.816
231.857
226.048
225.395
228.031
229.125
238.691
244.484
212.605
216.896
220.063
225.453
228.512
217.43
228.574
227.651
219.892
224.045
230.732
232.425
225.512
233.046
234.575
222.883
235.424
220.778
223.455
229.709
226.126
229.137
223.36
221.616
223.581
228.44
221.205
219.324
231.337
242.214
244.957
226.209
238.76
225.695
243.581
218.959
218.003
235.315
243.121
239.075
244.898
241.751
249.141
245.188
239.913
236.798
229.634
243.671
233.411
238.879
283.211
241.511
227.871
225.706
239.646
240.536
234.838
238.389
235.137
233.07
240.816
240.654
240.664
230.387
237.035
229.539
243.119
240.136
227.174
230.061
227.126
220.955
239.569
237.385
230.899
235.318
221.611
250.153
232.711
233.438
242.354
240.277
243.747
240.366
247.841
234.352
235.949
238.402
239.017
242.889
248.716
247.562
242.757
247.6
229.799
237.764
239.839
228.405
235.4
239.111
229.612
224.914
234.574
233.181
228.038
227.9
234.206
238.092
233.545
231.446
242.696
234.981
239.861
234.441
250.697
247.784
240.068
247.772
235.247
239.666
231.758
248.192
240.412
235.95
232.062
218.303
226.975
238.46
235.166
228.456
233.54
239.535
224.661
220.697
228.44
220.058
229.614
231.403
230.252
220.755
244.037
219.905
228.728
217.363
237.779
241.768
229.041
223.952
225.004
234.494
234.206
240.502
237.92
240.219
238.47
259.852
235.899
241.798
229.44
240.055
231.177
236.773
234.248
235.544
239.75
234.796
225.074
227.754
244.644
239.98
224.682
233.428
237.465
235.644
241.356
231.95
210.449
215.788
222.297
215.366
247.79
234.553
236.248
238.088
237.054
239.764
244.395
240.121
245.068
231.999
227.567
244.587
242.06
234.6
223.712
242.532
233.132
236.846
238.47
222.523
231.922
231.647
218.37
214.286
217.297
224.052
218.907
226.163
222.122
218.851
221.992
219.431
222.036
214.149
229.584
231.54
243.778
273.249
238.772
234.266
238.584
240.216
241.703
233.261
236.978
238.791
243.765
242.341
242.696
238.481
231.858
235.055
235.47
234.31
239.936
237.251
241.669
231.568
229.349
236.232
247.157
224.238
230.404
234.955
230.488
233.749
238.446
236.716
229.779
238.312
235.047
247.851
244.523
242.205
239.871
230.617
234.505
240.366
241.271
236.704
232.504
233.851
227.186
230.927
231.156
231.622
227.905
229.172
235.1
238.988
229.529
230.522
238.639
239.371
245.131
238.216
243.284
241.765
247.25
235.323
250.512
237.136
232.937
240.008
248.026
242.66
242.171
238.137
237.278
227.942
221.421
221.403
234.477
229.038
219.891
218.986
226.524
228.633
229.006
224.207
229.526
238.499
221.417
216.095
238.81
225.506
215.51
218.107
218.358
224.874
218.682
229.417
235.554
234.493
229.414
234.837
232.318
228.058
252.041
244.114
248.271
240.891
227.315
232.121
222.789
238.823
233.234
223.86
229.838
229.991
237.393
233.661
233.335
240.545
226.885
247.33
229.42
233.683
229.771
230.275
226.272
241.895
250.788
247.288
223.091
220.149
230.663
237.157
247.594
211.433
215.285
209.783
210.097
224.642
238.279
233.933
233.724
238.222
242.422
231.458
234.373
236.047
243.438
243.074
242.396
228.793
223.327
224.953
220.976
217.117
223.355
224.843
249.882
247.123
225.293
221.028
231.437
223.612
224.122
230.778
222.507
225.417
219.436
252.111
235.212
234.779
234.083
227.488
222.193
253.71
238.519
242.94
241.832
237.945
240.332
234.686
252.379
230.264
236.679
229.61
244.177
233.691
242.376
232.221
234.253
234.01
230.256
218.21
235.263
221.142
235.292
233.884
235.709
242.526
241.618
234.421
229.49
231.258
239.221
231.97
226.057
233.495
259.336
237.15
227.381
234.711
233.724
239.182
234.149
228.594
231.047
227.128
227.251
235.012
245.045
239.235
238.486
236.302
230.557
233.704
240.25
229.122
206.912
219.138
221.279
219.526
224.126
247.989
224.385
213.561
225.393
216.633
221.944
220.15
242.207
249.587
247.674
231.16
242.568
227.636
227.588
243.747
236.981
241.047
238.051
239.759
232.849
227.103
225.472
226.704
230.409
241.958
238
239.354
230.094
232.434
226.976
230.033
223.742
231.709
236.081
239.948
243.283
226.155
234.379
228.886
228.79
220.796
227.892
240.802
234.29
234.214
234.93
237.75
233.246
224.86
227.517
225.446
203.969
227.264
222.234
232.888
225.962
225.416
219.74
227.963
220.254
234.107
216.596
215.17
231.282
203.293
219.241
217.498
219.63
213.177
201.527
217.893
205.415
208.901
207.095
209.624
208.127
213.63
210.59
205.542
208.805
215.556
207.982
204.867
211.003
204.639
210
204.824
213.264
208.864
208.75
217.976
205.438
209.336
222.255
207.827
210.385
214.826
213.883
203.729
205.73
206.641
205.089
210.028
215.188
220.128
219.379
217.358
216.872
210.463
223.451
208.601
213.031
209.937
207.595
217.802
206.783
215.164
205.955
211.487
204.992
209.684
205.159
225.913
213.302
207.119
218.43
204.835
212.664
209.751
213.989
223.906
233.811
210.905
208.245
216.681
212.428
221.781
206.64
202.762
211.41
212.127
205.949
205.029
213.925
207.483
206.739
203.627
203.534
208.618
202.345
204.323
219.954
206.128
217.381
210.191
221.726
211.257
213.562
209.448
217.356
209.578
215.074
207.331
212.67
213.542
204.581
214.42
218.953
217.9
218.819
206.447
205.6
212.796
205.18
205.933
203.498
212.159
210.144
210.491
203.418
212.399
215.37
210.389
213.73
209.978
209.818
208.879
211.938
209.57
212.686
215.836
206.089
212.22
205.139
213.668
213.608
210.907
215.762
208.238
212.397
206.043
209.553
205.911
206.854
214.43
217.784
203.412
208.472
215.07
207.243
208.84
217.534
215.17
210.114
215.163
215.8
202.849
207.788
208.921
211.627
207.183
204.808
206.262
214.708
209.283
214.158
257.17
221.243
211.386
211.412
204.908
204.751
212.143
220.615
213.464
207.283
218.945
230.722
207.818
215.5
248.064
229.455
222.801
215.984
238.791
224.068
227.516
220.332
213.602
207.615
209.993
213.939
204.267
215.103
207.328
210.399
218.606
207.317
216.639
213.536
213.657
212.154
223.008
206.13
208.217
225.069
214.922
219.931
222.403
215.582
216.722
213.207
213.568
215.463
207.802
214.933
206.618
211.214
207.713
212.261
215.135
208.979
205.164
211.728
214.744
220.725
223.494
220.212
215.455
210.898
211.454
209.085
213.508
224.092
217.952
218.912
214.604
217.186
214.718
215.576
234.109
214.926
228.41
213.023
217.868
213.372
208.82
213.867
211.294
214.885
222.405
211.89
210.955
209.994
217.923
238.06
224.355
223.856
214.778
213.21
215.994
215.671
207.55
216.16
206.815
217.127
214.912
210.731
217.624
233.637
228.284
209.914
210.216
204.396
231.822
212.693
219.658
208.362
206.427
214.62
210.629
208.864
210.543
218.298
218.684
211.689
212.804
225.013
218.316
209.103
219.833
219.88
212.431
207.134
218.812
215.526
211.842
205.219
205.157
216.813
211.119
212.177
209.395
218.212
211.844
211.379
210.16
212.378
208.198
210.957
204.759
217.902
209.16
213.156
207.007
215.201
207.983
214.767
212.958
217.276
206.959
207.334
220.666
211.695
213.036
221.324
210.448
209.504
215.571
210.223
211.834
217.401
203.677
215.935
205.541
210.809
214.767
217.003
214.224
209.111
208.99
218.371
204.293
219.074
209.154
214.05
209.649
203.965
215.883
206.703
217.95
214.911
213.929
217.449
219.584
211.823
214.382
228.993
228.518
221.863
223.898
216.971
219.77
223.568
223.778
216.982
247.214
233.846
235.708
235.215
231.778
232.248
236.606
237.637
236.673
242.398
214.738
236.994
241.857
231.408
228.329
237.974
233.292
232.468
235.208
239.623
222.178
229.565
221.731
223.383
221.287
223.489
241.645
239.29
228.244
240.39
232.566
236.68
240.605
234.56
239.719
232.119
235.323
224.613
235.964
230.091
226.238
231.994
237.412
228.294
228.471
223.821
227.571
233.689
229.351
233.132
230.88
239.713
234.91
236.815
234.02
229.405
228.716
239.866
239.923
237.74
240.888
232.837
235.32
240.203
241.001
231.614
236.675
238.169
240.749
247.618
236.795
243.34
221.91
224.431
235.867
227.736
225.416
230.138
236.812
230.464
223.661
238.591
261.707
237.302
235.858
237.985
241.636
230.213
235.446
235.252
227.304
230.031
242.411
239.437
241.968
240.092
242.157
242.465
235.784
216.218
219.218
223.409
220.723
235.941
226.511
221.91
227.481
218.755
214.527
222.383
218.812
222.933
221.819
222.095
225.341
218.556
243.767
243.989
230.924
227.918
238.379
236.728
237.003
229.554
234.349
234.114
229.754
231.637
233.651
247.256
234.522
233.599
238.254
231.138
237.429
229.409
229.178
229.766
235.068
234.223
245.526
238.604
237.146
236.641
239.628
233.619
228.085
235.457
236.05
231.451
229.865
230.103
234.803
242.138
227.849
231.757
236.726
236.609
233.876
225.063
239.302
239.519
239.47
235.565
238.235
239.345
233.652
244.186
237.54
227.438
227.192
226.971
227.594
241.675
238.642
282.737
237.433
242.148
232.91
243.079
244.593
246.833
209.145
206.814
214.94
244.106
238.013
229.576
224.557
226.428
218.632
216.835
227.088
220.973
228.356
217.062
218.78
220.122
225.09
227.054
224.016
222.121
233.827
219.344
222.426
228.066
228.556
222.502
259.577
232.178
222.383
237.379
251.009
252.119
231.478
228.101
225.432
228.384
225.377
222.38
237.604
241.158
236.161
228.708
245.04
244.522
232.489
237.724
236.216
225.744
243.743
239.029
237.557
230.657
238.372
235.55
228.807
239.029
227.163
233.378
237.544
236.19
230.303
240.031
235.939
236.836
231.932
230.65
245.402
238.798
214.523
224.872
241.107
238.706
228.62
236.226
247.02
255.461
244.996
235.933
246.356
239.025
244.795
238.88
242.505
257.941
227.029
239.423
249.926
244.545
235.649
241.832
240.426
239.846
243.29
245.91
267.794
243.791
242.226
235.032
236.294
242.176
226.38
223.823
220.418
231.139
217.696
226.359
213.962
223.012
225.648
219.146
224.932
235.119
236.831
234.475
231.918
242.465
232.423
226.098
229.134
235.931
223.354
237.321
231.908
226.894
235.489
231.394
225.02
230.973
228.038
230.295
234.663
227.681
228.915
239.489
230.825
223.579
222.095
215.184
212.296
221.143
240.266
236.147
250.726
238.452
237.441
231.895
230.875
225.057
229.644
226.906
229.044
226.366
233.079
244.105
233.077
225.944
238.481
225.621
240.85
226.988
240.392
236.744
234.455
231.105
227.277
242.538
227.92
232.722
233.294
209.177
212.574
243.529
239.233
248.792
239.855
231.828
237.859
233.283
224.533
220.975
234.629
240.401
235.386
233.88
230.548
223.744
224.694
225.238
232.292
243.387
241.774
240.712
226.519
226.787
226.183
234.632
236.221
226.651
227.522
233.379
213.649
230.839
218.23
222.263
223.882
224.862
220.977
213.686
220.296
221.015
218.447
226.385
222.321
221.097
226.7
218.47
239.94
233.101
231.904
233.184
222.017
234.895
238.839
235.924
225.132
231.092
230.269
242.199
231.263
237.812
229.422
231.017
236.277
223.789
231.187
235.569
227.161
230.164
224.954
236.913
276.897
235.32
234.043
235.091
234.973
238.807
237.848
242.617
235.934
236.723
247.922
251.592
232.726
236.463
236.753
241.396
242.97
241.392
239.482
235.3
227.155
225.004
217.114
205.818
213.919
213.736
226.377
213.561
224.634
231.245
219.654
224.355
219.209
230.386
243.852
230.825
237.616
234.687
228.005
237.687
239.146
244.772
238.094
241.157
239.598
253.212
231.153
228.122
231.023
230.114
226.146
218.914
233.902
235.957
231.864
229.221
233.016
237.633
233.899
219.253
232.8
230.33
240.053
223.644
234.417
231.107
236.541
242.276
230.331
244.758
245.974
233.766
235.972
247.612
264.833
244.182
257.054
250.975
247.823
248.06
251.491
246.078
243.686
248.505
253.054
239.888
243.549
241.832
242.117
245.898
246.427
247.361
240.944
243.294
243.412
242.779
248.35
223.833
222.562
218.918
227.252
226.327
230.232
218.34
204.636
234.353
237.882
243.859
215.501
212.468
222.04
220.18
230.153
230.51
218.792
235.296
238.217
241.93
246.917
236.04
243.643
234.641
236.174
239.108
235.677
238.419
231.204
226.961
239.189
228.807
231.861
231.71
230.655
230.152
225.006
227.254
228.086
232.864
229.426
232.192
224.198
235.629
241.837
229.884
238.07
243.858
234.887
218.74
225.708
243.015
230.945
238.253
233.919
211.159
209.75
223.756
227.351
222.279
225.501
222.566
221.765
231.034
243.134
238.446
242.528
243.424
240.077
234.917
234.432
243.362
238.156
246.163
228.95
221.685
233.434
221.014
222.045
224.502
228.164
263.714
244.409
242.72
236.678
241.757
230.731
227.116
215.576
225.836
222.315
223.421
225.562
232.393
218.814
217.365
215.396
225.209
222.321
222.206
234.819
227.47
235.526
235.251
224.331
220.763
237.679
229.937
227.76
254.58
230.371
231.674
235.942
238.608
232.465
240.703
235.905
231.255
235.249
237.664
240.964
234.978
237.086
240.017
244.986
238.96
236.208
244.545
237.906
231.754
229.627
237.393
228.304
229.985
227.099
232.36
243.008
266.656
244.243
239.427
244.538
236.994
231.123
238.386
236.04
235.457
234.628
221.381
236.04
242.463
243.019
244.267
230.306
237.279
233.556
237.499
237.792
246.076
228.867
238.376
259.709
246.694
245.504
245.513
240.129
237.826
237.572
239.374
244.275
235.202
242.077
239.573
243.297
238.898
242.34
235.542
238.549
231.616
235.856
234.886
234.24
242.212
235.098
235.348
232.342
248.714
233.462
239.925
241.832
236.881
231.936
234.479
233.732
236.426
237.336
238.894
248.705
228.979
224.666
240.851
246.437
233.997
226.321
243.067
241.611
246.211
251.514
251.327
246.285
209.422
241.579
233.352
249.143
230.129
232.144
240.137
231.537
235.636
233.34
226.758
218.815
236.495
228.02
240.018
229.017
222.595
227.128
218.131
219.822
215.01
222.146
210.909
223.773
253.76
237.633
231.745
249.985
226.591
228.871
235.312
241.623
230.9
234.219
227.775
239.553
235.294
229.537
222.6
227.989
224.353
230.338
234.915
234.397
232.108
238.729
228.332
240.906
231.643
233.04
240.646
230.034
233.796
232.767
236.769
228.75
230.578
238.178
244.716
236.675
241.453
242.346
246.468
245.536
233.599
242.194
240.92
235.555
239.511
233.468
235.206
239.8
229.262
212.222
237.266
234.552
228.512
223.164
260.739
243.011
234.06
234.076
242.052
233.87
230.772
225.484
242.597
240.661
221.297
221.227
219.529
220.958
231.168
230.422
220.339
226
213.533
219.894
231.302
229.982
226.653
229.525
236.131
228.417
227.518
242.73
225.625
231.439
239.447
227.403
257.882
226.592
227.976
232.127
220.1
246.63
226.723
226.505
230.487
227.261
228.57
225.072
224.986
233.899
237.801
226.154
208.298
210.307
227.567
240.097
228.841
233.295
223.981
229.879
231.952
225.675
224.114
230.092
225.83
234.578
236.024
238.781
234.803
242.947
206.361
212.407
206.553
212.485
207.408
202.376
208.884
212.504
208.277
210.376
214.588
212.971
209.062
213.594
204.772
215.532
204.839
207.18
210.461
210.049
220.719
228.739
220.859
235.991
222.656
225.925
235.562
237.974
240.145
239.219
249.275
242.124
234.583
221.012
225.904
233.44
225.365
234.426
237.454
218.938
236.176
234.102
227.798
233.366
239.03
256.143
236.743
231.447
232.319
229.706
235.836
235.368
231.546
240.841
227.89
230.089
224.618
220.663
224.758
219.931
218.269
218.03
216.783
221.405
218.483
222.44
230.077
215.905
222.351
225.412
238.907
229.87
233.02
242.431
228.634
229.836
233.37
225.732
234.448
232.894
241.205
254.718
232.055
239.604
236.329
234.833
243.666
240.524
229.99
237.328
227.175
233.359
232.664
237.918
235.39
229.474
228.063
236.084
235.847
235.59
234.875
233.734
240.177
240.015
239.284
228.48
234.15
227.184
233.731
226.768
232.066
246.639
244.187
235.259
236.187
228.914
231.514
234.426
232.112
229.11
242.049
235.258
244.189
235.055
236.73
236.685
246.983
236.168
235.173
229.094
216.137
214.288
219.472
220.139
210.781
219.414
220.768
216.392
230.811
231.019
244.025
236.694
242.742
236.907
229.633
234.118
237.209
238.269
221.475
231.063
241.209
234.407
230.404
232.171
239.064
232.975
228.861
239.629
225.842
228.904
230.639
236.46
229.466
221.222
237.957
231.21
235.871
231.826
229.082
228.145
229.484
228.008
233.21
233.532
238.606
236.368
233.491
237.048
227.565
220.959
230.434
233.259
221.258
235.021
233.802
233.242
248.2
233.966
225.003
237.44
225.452
236.949
233.272
236.022
231.189
236.693
229.599
223.42
224.672
228.114
209.751
210.589
229.091
230.554
222.344
224.185
220.631
231.924
235.131
247
248.198
242.833
266.249
242.03
241.576
228.617
237.572
245.474
237.275
243.516
240.565
235.438
233.438
235.109
234.276
234.494
234.86
273.182
240.34
242.04
242.811
229.89
245.683
240.094
234.024
230.829
237.199
231.056
247.217
238.863
230.717
232.863
234
235.393
232.54
238.661
248.632
228.074
239.287
233.47
246.676
248.506
224.966
231.632
245.011
231.966
228.104
232.096
229.616
239.502
231.306
225.955
235.548
228.582
235.105
231.413
230.526
238.475
224.472
231.191
238.838
225.508
223.947
225.594
231.34
231.116
223.05
226.689
224.092
225.355
234.469
228.496
229.11
222.188
242.691
232.478
239.292
236.553
226.889
236.351
232.215
228.904
236.997
232.766
243.711
238.299
236.354
237.199
225.097
220.437
218.289
222.308
221.138
239.576
229.876
226.295
224.289
236.013
228.325
227.216
229.973
220.294
222.774
234.901
222.34
245.031
242.783
244.332
239.086
247.342
251.313
248.585
241.511
252.584
257.623
246.666
239.112
237.087
242.807
236.457
235.124
235.586
242.608
237.374
234.303
241.174
234.57
234.213
239.869
237.876
233.577
237.743
235.266
233.609
231.171
247.224
232.572
243.403
240.94
239.598
240.638
235.041
231.503
239.46
246.419
242.607
247.575
232.229
240.205
235.386
239.44
231.212
232.158
248.013
236.863
248.156
235.464
234.698
229.947
233.335
225.921
234.325
230.416
229.694
234.812
241.867
231.33
225.118
249.09
238.125
243.71
237.496
240.848
233.661
235.266
249.607
254.558
251.185
240.332
245.508
238.512
243.716
242.744
246.036
257.073
240.098
248.785
247.113
243.283
238.632
247.57
248.731
238.968
230.724
240.454
237.979
238.516
229.952
238.96
223.648
221.782
234.16
219.997
223.317
270.602
232.633
225.333
218.898
246.396
246.489
249.871
245.405
234.171
230.753
219.078
249.172
244.519
247.426
241.141
247.451
237.992
244.072
237.375
235.93
240.423
240.422
230.437
249.811
252.056
250.21
245.946
230.925
230.581
233.341
235.764
242.398
233.815
231.893
236.715
244.936
232.845
233.207
228.646
235.607
230.829
214.453
209.758
237.044
232.683
228.839
238.684
239.955
227.39
231.813
230.286
220.394
234.233
224.623
227.329
230.979
240.728
235.039
248.637
228.943
221.122
220.387
223.724
224.934
252.261
242.006
242.511
228.794
221.941
222.351
222.828
248.716
243.534
232.574
244.65
238.328
239.986
247.283
244.305
245.781
246.176
240.924
253.605
252.276
236.719
240.311
232.085
233.213
241.024
240.722
231.703
239.363
243.216
245.383
235.051
233.656
248.856
245.194
245.436
238.867
260.488
245.738
232.758
230.119
232.526
231.303
234.906
243.895
244.628
252.008
239.591
244.088
234.668
245.631
229.802
242.436
235.011
232.867
227.247
236.078
242.326
225.221
233.394
237.877
233.55
239.517
218.736
226.094
251.637
225.414
231.291
216.38
223.866
232.827
237.348
238.498
225.154
219.822
240.74
232.59
229.825
237.837
237.476
228.468
228.669
230.837
232.046
229.529
247.461
237.397
233.232
234.64
229.969
238.315
229.389
235.862
224.774
235.681
261.782
236.456
231.959
236.844
236.717
241.947
240.344
235.057
232.026
226.463
233.768
236.027
227.848
235.076
232.073
233.553
243.011
238.531
264.262
231.296
235.623
253.52
235.978
233.937
231.234
224.964
224.525
231.313
233.94
230.811
235.825
232.921
236.763
239.888
242.578
236.738
226.992
245.782
228.481
228.378
236.215
245.401
233.774
238.401
228.56
223.011
227.042
232.935
223.872
227.314
222.179
227.556
229.416
222.969
206.761
226.995
222.053
219.615
220.459
241.106
221.823
229.86
247.452
251.827
232.602
241.671
241.799
228.574
243.261
250.202
240.73
245.3
238.158
239.145
242.778
240.15
237.682
234.96
249.849
248.41
233.93
240.911
232.308
240.815
230.462
237.188
238.853
251.34
233.879
240.025
238.964
240.629
241.632
240.844
244.131
235.966
242.34
242.621
236.606
237.956
228.349
237.294
237.94
229.189
268.684
240.317
232.205
234.438
240.979
234.684
237.931
244.56
227.611
228.717
233.238
245.55
234.017
257.647
242.375
238.699
242.475
241.209
239.8
239.145
244.094
231.615
237.522
237.222
236.645
227.883
236.806
229.038
230.888
230.917
231.92
227.885
222.977
230.609
233.319
241.002
231.726
255.398
234.331
235.74
237.109
226.087
231.173
234.803
232.991
225.506
229.331
228.704
222.281
216.101
222.936
227.736
229.876
228.957
249.925
238.768
214.57
219.894
251.968
225.342
218.132
224.598
222.444
242.929
237.357
244.597
238.156
262.981
238.264
243.81
232.663
232.311
234.999
247.913
235.185
244.009
232.087
240.553
233.362
232.492
241.354
240.879
241.8
243.703
234.097
235.783
247.576
243.058
239.87
226.307
242.58
244.376
241.655
247.182
237.353
238.864
235.129
238.23
239.374
226.014
242.948
235.2
241.109
243.487
235.869
232.211
238.947
234.322
235.793
230.126
237.535
227.13
236.444
237.978
233.658
234.032
254.509
228.684
232.834
232.765
238.625
231.05
230.707
231.831
241.552
232.542
231.643
236.402
244.772
232.126
227.813
231.141
227.96
232.525
230.425
259.048
235.882
234.308
236.584
239.595
232.16
228.126
225.75
221.774
236.43
238.976
248.05
247.738
238.385
239.022
234.832
239.269
238.401
235.362
242.885
235.894
239.379
231.453
234.871
223.31
235.879
235.539
229.556
228.791
227.512
231.436
229.958
232.238
233.96
227.436
237.335
252.17
227.926
234.134
236.719
229.374
221.02
219.131
221.485
230.878
229.635
221.722
243.136
216.28
228.748
237.262
243.255
236.67
241.717
244.203
242.891
216.913
241.582
232.935
231.57
227.573
226.556
239.382
241.271
237.387
240.314
236.717
233.342
233.985
239.038
257.52
237.813
234.663
228.051
228.987
235.412
239.868
226.199
234.68
231.313
238.404
237.644
237.578
234.674
224.484
221.534
220.448
234.383
222.912
220.115
209.921
216.247
235.175
238.805
235.275
221.403
219.372
231.995
220.7
206.135
213.354
204.671
203.637
206.848
214.952
203.323
225.552
230.465
222.846
229.938
225.463
226.599
233.638
230.535
227.665
206.352
203.233
218.339
227.793
228.565
223.123
218.826
225.708
248.428
245.367
245.35
237.954
234.957
241.026
231.521
227.682
243.842
232.256
255.115
247.67
247.487
240.63
224.683
243.951
229.481
235.093
224.379
236.108
228.284
227.072
227.475
238.23
232.666
234.19
241.818
228.816
233.875
230.64
232.256
235.985
230.876
227.036
243.022
235.719
243.64
235.914
230.498
235.296
253.136
238.078
241.393
235.84
236.693
232.065
232.62
242.37
236.905
239.36
243.198
236.675
247.621
250.29
233.172
238.223
233.542
233.726
234.23
233.301
240.075
237.66
229.639
239.736
227.547
233.721
227.37
265.627
238.018
233.787
240.597
239.233
226.949
241.056
277.351
244.317
267.429
277.784
235.781
239.074
239.176
237.161
241.133
231.026
227.494
216.339
224.987
235.494
249.738
243.142
237.276
228.324
227.932
222.329
225.785
206.788
206.939
232.252
226.38
224.238
226.393
222.801
222.208
228.27
221.208
228.131
225.282
217.444
223.846
232.337
217.387
224.078
207.349
244.15
207.592
207.502
210.01
210.411
211.555
206.124
207.104
224.262
219.643
215.112
214.618
208.535
206.12
211.118
210.492
224.908
204.35
210.995
211.245
212.451
213.746
201.807
213.648
219.844
207.407
203.92
217.032
203.341
202.253
207.911
200.485
200.621
206.893
205.146
203.725
202.197
201.607
200.353
202.233
202.947
199.02
200.996
207.796
201.814
200.678
199.867
212.013
203.352
200.216
205.596
201.032
201.228
201.869
200.644
199.312
201.16
200.554
210.539
202.625
209.306
215.019
202.963
201.031
202.696
209.115
200.839
202.218
202.477
204.462
205.821
199.893
201.094
199.035
199.906
200.513
203.32
201.88
200.912
201.99
214.879
200.464
205.312
201.166
207.803
202.15
275.906
204.645
202.63
202.499
202.886
202.704
200.011
204.73
208.721
205.823
212.273
200.73
201.421
199.123
201.537
210.644
198.855
199.86
199.78
201.318
201.798
202.392
198.858
203.719
199.78
199.976
203.563
200.411
198.841
202.135
200.29
204.008
200.027
199.254
207.959
199.13
202.501
202.087
201.418
207.086
200.546
201.657
200.127
201.665
199.785
199.405
200.106
199.266
207.346
198.854
201.811
199.02
209.616
200.697
204.776
206.564
200.411
204.482
205.554
199.914
203.264
199.415
206.858
203.742
199.977
203.923
211.144
200.796
199.901
200.612
204.017
199.331
201.753
198.604
203.103
206.447
200.42
199.278
204.584
202.013
200.68
202.88
209.036
200.947
202.169
200.755
208.62
199.406
200.496
199.924
200.537
202.454
200.837
199.292
201.672
203.588
201.105
200.427
203.421
214.489
203.341
200.598
199.866
200.636
200.059
199.493
202.413
200.413
201.675
198.588
199.161
