Timp in Milisecunde
510.95
35.5579
318.227
198.018
37.4441
1721.24
123.424
999.344
8.7735
7.7015
1095.09
26.7386
35.3158
1505.57
492.807
1905.47
189.525
1146.41
446.205
4.7996
43.3394
1860.03
89.7883
710.875
70.4387
11.4358
254.188
1782.8
156.927
1781.85
370.167
230.659
518.579
0.5801
1598.24
2090.08
1423.96
471.78
435.295
1739.95
566.312
5.8822
2427.77
1182.83
65.8213
2398.42
415.432
317.251
575.355
3.3346
25.2947
2206.84
671.144
1026.56
16.7083
0.5652
371.799
282.291
336.788
141.848
1759.96
338.793
1538.87
46.7126
102.364
767.811
1190.65
374.357
898.801
91.6197
42.2895
355.982
2052.5
0.0764
79.5809
1251.26
1710.05
2299.19
272.512
1558.68
305.45
1115.15
1038.25
0.8738
17.7025
18.5124
230.416
2107
0.8077
867.476
1339.45
958.453
18.5964
132.646
413.579
0.2339
1682.77
1008.43
1635.41
730.626
18.0736
71.3604
768.024
144.777
280.132
2207.05
1960.16
32.0451
197.361
2014.97
1942.17
1550.3
997.498
1917.27
11.4487
944.461
1094.13
2004.81
2217.91
22.871
921.526
380.365
229.321
222.946
490.023
764.528
3.8877
9.239
9.4265
2316.05
2.163
328.264
369.475
10.6507
140.783
1494.88
848.787
1051.28
311.207
922.16
107.211
2014.06
130.361
2155.64
110.313
284.901
2046.69
2189.39
71.182
775.081
1162.47
748.166
439.893
153.495
638.438
1672.31
661.101
409.051
544.018
51.0355
2004.91
1705.48
2364.16
298.806
28.9887
592.465
1833.17
4.0133
1445.2
1561.86
155.195
212.595
0.0613
175.532
329
1848.08
32.0418
1055.87
654.148
1537.91
1826.14
891.553
1215.85
908.369
20.9806
80.3444
2.463
112.475
544.887
3.857
166.814
2061.73
1144.29
147.693
138.801
19.499
2249.9
820.433
146.005
1078.79
1084.83
495.707
239.303
259.896
7.3851
1595.21
1338.93
835.488
873.026
1311.75
400.939
1152.89
332.601
0.0066
121.46
2296.92
290.773
368.813
891.388
603.692
389.588
290.316
0.4487
184.697
170.793
607.99
510.039
2168.91
1947.54
384.643
496.835
5.6779
1.643
393.84
1148.73
507.418
236.087
43.8566
51.3662
572.397
24.928
354.348
1447.86
278.835
171.646
914.391
120.313
956.933
13.224
2251.87
1112.61
717.609
1913.09
5.4419
1171.17
6.6737
1534.5
261.235
1623.49
666.161
27.3414
1336.63
606.923
691.938
1786.76
1312.37
2206.17
21.6681
1428.3
2199.07
2300.64
2.7635
27.0284
1299.41
98.479
84.4188
522.294
571.839
1962.43
812.401
1710.86
2223.77
388.441
7.3151
155.047
1508.85
160.209
264.951
1905.16
27.7483
34.5804
6.7966
105.407
55.1717
111.853
469.834
255.182
1106.88
2.0968
328.04
481.798
2132.94
1638.29
628.887
2120.49
256.59
219.12
590.72
128.754
272.484
81.3195
766.554
2340.48
355.392
1883.49
2414.95
282.687
216.3
633.025
1804.26
1026.95
2297.51
647.357
531.852
116.315
701.113
7.7447
1048.76
147.21
2119.75
0.0584
1650.16
28.2864
216.959
1756.81
1270.08
140.722
2195.61
105.547
594.47
196.199
890.65
2256.28
1370.87
0.0991
144.012
1762
2329.91
615.229
122.997
626.018
1257.74
323.282
995.32
19.8814
176.761
1095.42
1160.56
1503.13
1073.41
1381.14
4.1428
92.7923
382.276
60.8533
727.795
2346.4
1715.12
420.737
1084.67
1724.42
41.0271
189.541
100.563
1360.95
1133.09
497.671
71.5186
486.453
47.9921
282.941
43.0206
207.854
1370.69
2348.17
669.1
15.2006
1023.18
1350.33
65.5575
537.63
696.407
1798.66
2068.55
868.157
461.264
374.577
85.3548
508.222
907.461
2.4694
1140.07
1229.02
719.282
204.339
1217.49
2185.25
141.23
771.026
1267.22
724.848
1990.02
805.133
1121.36
239.988
1517.26
38.4901
30.1312
7.7137
7.1892
103.597
86.9217
0.9754
1475.26
1276.93
4.1637
128.477
187.632
579.617
1235.69
80.6275
2313.02
1168.59
506.707
283.879
217.287
252.376
687.599
261.606
151.328
825.387
1984.27
15.3384
2465.12
655.867
1489.28
1.094
1173.55
484.406
2460.72
1782.17
858.852
371.69
847.041
0.0083
411.936
1.4586
1640.8
1526.83
427.693
240.05
103.431
790.37
1453.45
62.9974
1118.03
1120.12
281.655
3.7443
184.749
808.838
47.3982
655.715
297.349
116.289
0.0529
1492.4
595.516
36.5684
1004.17
1079.52
2.5666
1199.6
287.928
2023.12
2352.7
147.876
561.438
149.171
8.3169
1958.26
343.97
843.539
1675.37
1067.42
257.261
805.397
23.2929
335.613
22.2054
1703.88
801.458
29.665
0.3525
2382.64
0.0191
2362.92
2.2503
1510.84
180.871
657.088
823.856
1833.82
276.563
1408.99
1959.95
2.5976
246.596
11.5269
2094.6
250.323
1461.86
97.0633
144.43
636.011
46.7904
101.706
19.4517
2310.68
659.714
740.969
704.954
591.148
560.25
77.1706
550.214
1199.37
473.396
555.824
156.153
918.906
335.876
177.142
176.772
263.036
824.783
1335.37
960.781
388.902
310.977
474.662
60.9618
2297.33
1.6761
847.784
369.441
1667.73
859.156
1335.78
1866.81
187.667
21.5477
2014.09
1374.02
13.1832
784.202
589.839
791.706
1946.57
1125.37
166.453
448.447
1989.99
9.7238
687.648
3.3718
8.9027
225.041
143.778
404.635
2152.43
325.613
892.986
1231.23
1015.58
2324.99
96.5247
68.8211
431.75
307.306
24.3291
635.127
287.806
979.144
273.426
554.227
841.205
0.061
2187.99
1214.44
1354.83
403.516
2.4325
117.037
663.839
18.6729
858.116
1.3447
1.4493
272.737
424.465
54.8558
211.537
817.066
43.0327
1.2811
102.604
943.711
22.2511
32.0162
273.287
90.8664
502.648
580.264
702.855
226.253
247.097
336.087
2013.44
900.75
2031.05
727.526
1583.77
1348.38
0.9772
1696.26
1716.87
76.2064
20.7197
775.691
2047.78
492.975
1026.14
867.729
96.1058
244.392
15.7925
1454.36
1975.65
191.563
922.8
2.9173
1366.91
447.575
583.186
1164.55
92.9419
1305.68
342.355
811.454
211.862
266.664
968.05
4.3094
860.104
506.883
1465.4
2237.47
147.006
1346.43
386.267
135.333
931.724
22.7786
2101.37
1181.66
2067.66
440.087
2297.99
2414.28
2034.86
1382.99
2248.29
133.184
1235.21
772.806
98.1997
190.212
0.9428
1286.64
2269.03
534.442
5.5724
0.414
1921.1
196.381
1011.18
316.117
396.733
701.446
1664.19
916.472
36.3269
747.488
246.129
1814.86
411.574
64.6216
1253.91
1826.35
1402.13
1339.38
69.9212
1703.07
1360.91
175.68
438.575
77.9804
101.687
852.03
12.3305
1504.17
402.395
1275.83
361.402
2180.5
1182.35
685.245
255.467
449.879
891.446
1159.03
92.0433
592.021
2210.62
1542.69
825.277
199.758
225.677
2.9117
2354.97
405.038
1267.12
2087.78
2120.04
1346.41
359.011
1326.75
326.348
28.4344
133.794
2.8172
886.551
2016.41
1516.31
512.173
1121.51
622.841
850.591
136.77
141.846
1897.92
2442.89
194.793
804.529
322.537
143.148
2047.2
24.5551
1938.73
2266.02
178.41
179.419
2198.39
2036.96
2226.83
1122.81
821.05
2262.07
873.037
622.142
716.635
1620.76
916.888
1708.15
1149.78
1763.02
306.822
707.625
533.587
1460.03
30.7988
639.871
394.219
1368.27
407.119
2344.19
682.127
398.101
361.656
1.9836
959.698
1896.01
2070.51
1211.74
195
1061.83
5.0589
933.09
247.035
1027.58
1321.82
98.5282
98.367
1722.57
1037.22
1108.62
1191.24
9.6434
727.775
4.7845
1759.01
2428
175.661
1531.94
38.5989
400.974
184.588
497.664
1271.32
177.215
105.9
1502.01
2257.4
579.734
30.2633
97.2711
1580.83
15.0777
246.044
21.717
27.4793
1744.08
141.053
1702.01
1686.39
936.93
633.868
53.6342
205.699
2244.84
31.5344
306.908
84.6933
215.995
691.573
127.535
274.304
1247.7
1027.08
203.242
1383.47
8.5186
191.011
919.242
106.457
1407.57
1372.28
400.302
1133.7
1222.89
110.934
442.418
1993.76
135.771
85.0577
734.159
810.94
239.474
1431.81
0.1064
928.193
2262.39
810.689
299.772
265.078
1195.77
473.379
190.533
11.9333
1155.81
1598.54
0.0662
419.491
2137.8
477.6
647.196
1713.7
5.6804
1723.76
690.79
237.8
152.293
47.5451
443.652
3.549
1658.17
1011.03
2421.29
99.9787
115.201
2398.04
1.5125
1048.61
19.0762
713.332
15.4513
178.676
508.842
234.062
843.643
150.054
1254.74
2422.1
929.258
734.621
1092.15
5.3984
2285.08
48.6731
887.542
832.277
1921.73
1783.11
387.502
1241.42
240.871
862.692
924.004
874.91
370.766
521.886
197.068
80.5483
0.511
1517.71
994.474
352.743
235.481
1910.11
67.8405
2337.43
882.322
0.8024
346.506
56.3712
506.648
352.219
2147.72
65.7163
1555.85
10.8614
26.1714
60.0581
1159.92
1541.83
1653.52
11.2331
499.869
133.942
0.3205
46.8133
672.999
104.469
15.121
18.9857
2414.76
2284.02
336.565
1.4591
1061.5
1768.35
941.764
2444.19
763.164
529.441
0.0002
428.007
383.307
932.074
15.7035
1348.48
78.6661
1575.47
867.067
1108.11
55.8459
52.8128
1214.29
1605.32
1.3189
1269.9
2203.7
1066.85
676.899
681.022
15.7067
31.955
1441.82
490.337
287.54
319.777
0.1071
1269.08
0.1355
2112.82
1274.98
80.9325
215.336
1612.6
1006.02
1.037
1490.47
291.639
60.7441
20.7708
944.778
962.534
308.249
819.734
1766.83
1698.06
22.8684
429.842
333.832
495.375
1578.78
1927.03
87.0474
964.996
33.1503
18.2751
298.465
644.084
1905.14
23.7175
129.262
2310.26
10.411
2239.03
2438.09
57.9062
640.123
938.829
613.835
2226.23
1151.73
436.238
2254.11
13.3938
1356.07
2034.53
803.908
1887.02
249.506
6.7698
85.4947
503.662
6.1308
1081.24
167.129
1995.95
240.661
257.093
444.285
44.6832
2280.17
1607
716.402
2.6987
120.423
1795.07
72.6799
49.9766
705.746
334.131
948.674
8.3519
138.567
1189
267.274
139.344
1772.42
208.649
691.29
271.741
1855.14
1071.58
957.981
1436
1.0536
2243.94
1361
1220.79
1227.21
1088.54
2455.74
2099.91
391.606
2055.84
2005.27
176.874
207.978
361.396
132.107
639.275
1200.79
1342.6
1962.4
1654.83
123.057
119.666
908.084
980.128
814.115
480.465
1914.4
148.673
35.7422
790.151
454.862
13.1501
1083.62
407.912
285.65
6.4962
2.2049
31.9059
363.187
381.317
0.1195
556.767
41.398
1605.61
2437.97
24.8504
15.9475
368.845
8.74
24.6052
639.778
1311.9
170.332
1921.79
722.132
71.81
2391.59
878.389
14.7783
155.998
1922.88
194.938
1733.68
1660.96
2245.85
1610.01
2428.8
2270.41
2231.21
943.314
2.4965
713.134
28.7691
1889.55
1712.25
70.1574
628.867
751.853
1061.22
82.3771
192.702
474.989
11.7747
35.091
1127.17
13.4829
313.243
91.3999
386.763
35.3863
15.0929
349.794
306.446
351.007
190.702
93.4193
175.533
509.851
439.668
1893.84
19.4268
2203.23
393.08
518.504
413.732
288.035
2.2809
1687.03
165.844
799.602
960.294
1882.69
1260.94
1111.75
212.73
127.617
894.266
6.4335
516.698
0.1546
238.443
630.018
1.6441
152.729
598.022
5.0881
2232.7
108.047
0.385
1959.32
1586.37
2207.91
518.345
1428.89
2192.03
1788.65
2264.26
64.9451
1102.77
58.4472
1883.8
830.948
756.269
653.232
272.155
1610.78
940.498
92.2741
678.689
932.382
607.59
287.222
19.7713
403.774
2031.64
800.697
689.526
481.513
753.194
289.488
2042.29
1667.85
17.0319
1542.64
1850.14
194.025
945.979
1789.01
1557.24
1753.31
1.3006
2320.1
102.785
0.6703
848.594
1245.07
2095.63
1037.71
286.758
1001.33
1100.52
1074.24
1360.46
16.6178
352.987
5.6618
29.1388
1267.97
109.888
2316.84
959.447
3.3509
673.883
435.24
39.2624
0.6116
697.738
719.724
666.748
1118.72
577.052
1494.01
2412.05
38.3062
1881.26
429.653
247.842
2326.51
759.512
716.089
4.94
1492.4
5.096
312.172
0.0175
427.432
744.386
958.505
1542.53
1256.29
6.9994
674.3
953.132
1271.23
1158.49
425.853
614.036
1740.12
2123.31
11.1729
639.986
973.131
164.217
653.718
12.4542
448.979
2168.57
2.9606
1018.05
341.91
412.796
494.533
561.266
586.561
1620.11
1761.36
171.625
1277.45
1455.15
38.5613
1311.7
6.1697
1598.41
2400.34
160.878
261.508
2077.72
1289.17
180.963
145.101
2394.48
1605.27
1212.96
1192.79
23.5591
1996.51
24.5491
0.6829
2282.43
47.675
198.825
617.295
159.209
20.7959
728.049
747.084
4.2879
2401.81
375.194
2153.82
139.587
1571.78
600.863
869.225
318.395
756.319
183.728
3.027
184.906
491.659
916.818
607.051
1572.22
1975.55
14.8243
672.664
798.629
2065.35
351.629
916.565
0.3024
1412.87
2011.7
2103.28
0.1355
21.5703
777.628
76.3171
335.645
993.011
177.086
48.7322
1853.28
1909.7
48.7936
2035.67
377.636
664.193
1510.92
31.7358
1444.33
887.873
343.29
176.758
44.8183
18.235
1446.64
2359.23
813.934
525.667
94.6053
133.097
587.622
2024.94
2441.51
280.047
364.387
1655.68
443.323
2028.89
200.275
799.716
256.252
149.679
725.169
682.336
1939.03
401.243
2131.64
2363.34
1077.7
496.219
2417.26
964.298
76.8077
209.879
445.32
1215.22
1280.39
44.1744
2353.07
213.727
217.834
451.333
476.836
2072.4
60.6322
204.386
273.386
198.082
1533.96
2331.49
2410.44
792.755
1998.32
1220.2
90.4905
179.723
2.5527
1207.39
73.8339
219.465
945.808
535.396
678.115
349.05
2437.75
431.459
1387.58
43.1246
1337.05
1377.67
1422.12
913.807
1516.25
0.361
2269.69
1181.34
1908.38
708.976
907.066
424.543
2154.59
2090.95
2056.94
655.29
1112.03
1962.78
95.8264
93.0875
947.614
1767.1
55.5816
1289.82
414.129
1658.28
1.5609
640.949
366.941
696.594
76.5501
1925.1
1066.75
74.7467
576.312
225.409
1511.83
618.797
0.4023
1067.05
702.768
997.502
741.955
182.613
1051.23
476.921
628.706
91.0374
56.7714
1722.01
3.285
1879.78
1714.28
35.3196
20.0476
62.3714
0.8435
452.049
2084.98
239.103
84.2565
927.799
409.615
1296.84
359.053
2436.76
45.4966
142.055
194.124
1033.38
1864.64
1847.65
445.56
52.865
226.582
74.4437
1488.13
1171.67
1481.51
274.41
577.4
1659.5
2310.54
0.0545
2407.61
10.4912
68.3278
837.459
269.827
1695.31
1494.2
2389.09
1008.41
1934.71
1214.12
328.468
16.4625
329.74
1971.73
107.474
1610.02
1649.38
845.7
44.0489
1511.26
1261.48
360.581
27.8599
838.47
6.9897
0.509
2122.74
1104.67
71.1523
0.2041
869.762
230.766
2393.06
360.584
229.813
63.754
1889.2
2104.12
79.1923
211.961
2.2933
968.127
8.2626
41.1265
2097.78
241.368
570.776
12.427
3.1861
731.622
43.6641
2081.15
785.491
1561.72
65.0967
430.088
112.904
2116.15
1351.53
16.9618
987.432
63.1801
1685.25
1759.92
37.3812
570.124
849.102
419.326
418.132
1219.24
1657.75
1040.59
265.716
783.146
2207.43
194.257
208.462
93.102
568.65
401.135
587.643
134.406
49.5453
2188.59
1643.08
144.231
1381.8
1811.94
1910.74
2456.07
586.17
345.05
409.876
14.1701
14.0283
37.4188
866.686
0.9212
318.852
1.5616
585.962
912.945
1164.54
14.3684
1225.84
1.0129
1884.66
631.466
1097.73
59.8182
1.462
2443.54
437.193
513.23
268.336
381.813
292.644
266.504
1218.15
284.003
1652.53
1426.08
405.338
679.781
525.246
2204.33
2249.78
433.961
1662.25
53.9673
975.006
167.602
952.63
1627.22
36.3255
1051.16
900.038
2384.09
15.5236
86.2608
669.503
112.901
1413.19
0.5666
2362.91
1645.45
64.3349
435.84
1226.81
199.682
1342.43
987.814
323.511
2048.02
1126.21
322.783
1.2017
109.289
114.623
2003.12
0.0331
746.23
728.547
36.0561
106.318
38.7172
7.7494
522.101
99.0033
983.336
1021.25
2283.63
345.397
138.718
315.572
113.852
151.264
808.431
1556.34
1893.03
889.182
341.7
921.947
14.3519
405.018
475.644
2163.84
172.873
21.1416
70.1924
1249.97
280.23
92.9041
135.89
990.399
734.482
755.413
1640.12
436.88
843.227
707.516
131.64
969.691
29.6925
1114.28
171.088
7.3363
424.235
0.2237
672.616
2302.11
4.3584
0.4704
4.8026
527.752
1387.77
2033.97
112.375
730.527
847.824
284.746
1071.41
2109.15
851.81
837.414
2386.51
23.1485
592.363
137.887
41.3436
46.1209
25.235
937.146
1164.8
191.603
1123.68
1152.99
320.458
2.0545
236.674
0.0307
961.041
1415.33
283.42
329.757
527.153
2033.52
579.086
1937.24
2270.08
30.6906
1153.36
39.8986
2325.46
2316.64
648.967
37.5288
43.735
1652.11
1001.87
1808.21
425.55
63.64
1370.83
358.95
442.418
138.801
2362.83
2296.55
2020.43
1566
545.408
1979.49
1350.34
692.397
1699.18
641.394
1428.37
1570.06
116.513
187.576
1135.49
497.537
1828.47
329.804
1532
1681.46
26.9022
47.1869
2331.76
752.138
513.768
2103.39
0.0044
266.219
1185.21
2457.41
205.998
2375.86
2316.21
24.195
1462
87.2948
27.0396
1554.18
167.368
2256.16
1191.45
1246.27
963.593
227.162
242.705
1319.27
0.4475
1043.85
1835.56
1701.35
239.721
1904.93
379.182
366.312
883.12
6.6719
2229.55
1799.65
1317.85
1156.45
637.733
861.941
73.2087
1817.67
924.864
1398.58
2122.69
1476.4
236.904
1074.99
43.9488
721.763
81.4768
107.546
67.8734
0.1392
73.1874
296.097
496.49
609.708
762.602
5.5919
204.359
29.2438
62.5818
501.567
60.5363
1293.56
1656.04
2105.84
1252.53
539.012
93.4508
260.535
6.9564
1465.38
404.208
1520.25
1333.77
600.84
475.44
832.583
572.503
685.513
832.399
185.817
14.0913
3.4195
669.239
8.0193
0.0152
1328.39
769.122
1718.03
26.6029
1741.52
7.3722
2175.5
144.325
1248.27
105.787
107.504
879.537
666.284
73.8418
42.4096
2.665
1685.03
76.4039
909.378
33.46
254.347
216.595
1321
52.362
355.439
1851.43
291.643
44.0362
851.427
115.881
1107.56
969.249
1085.11
1213.02
16.6527
17.2071
1210.52
714.175
39.6465
1928.08
674.196
21.1341
120.9
1597.03
51.6515
0.093
265.63
