Timp in Milisecunde
0.0561
1.2328
2.5899
0.892
0.8989
2.8995
0.5533
2.1345
1.1496
0.2414
3.1549
3.6247
0.4345
1.2063
0.6065
0.0364
0.0139
2.2882
3.8781
1.2305
3.2168
1.5562
3.7294
3.8066
0.0555
3.4216
1.5991
1.7306
2.1397
1.138
3.6137
1.9602
0.9061
1.6627
1.6789
3.4208
1.2501
0.4155
3.2243
3.3695
2.6291
2.0764
1.4004
1.1986
2.8694
3.3836
1.6423
2.6289
3.4099
1.9091
1.5166
3.1047
0.2646
1.0436
3.4857
0.1838
0.9833
0.385
1.4406
3.6822
0.9677
0.0812
1.4072
3.4951
0.5633
0.8232
1.3295
0.3844
0.1072
2.3232
3.8513
2.7327
0.7468
3.8362
3.2774
0.3584
3.8295
1.3805
2.5722
1.9149
1.2359
0.1176
0.985
1.9869
0.5178
0.939
0.5416
2.097
1.2337
0.7976
0.4466
0.3351
1.138
1.7386
4.5795
0.9193
2.373
3.3724
3.4983
2.1156
0.1682
3.8455
2.8213
0.7404
3.3174
1.1313
2.4861
1.2456
3.2575
0.1437
1.1984
2.7524
0.3898
1.6075
2.3614
3.2994
2.5285
3.4317
2.8348
2.6825
0.4434
2.974
0.889
3.6473
3.8909
3.6443
0.9238
3.7321
3.5478
3.1245
0.0619
1.9255
1.2438
0.1751
1.6218
3.1062
2.4712
3.3224
3.0107
2.1349
1.9459
0.7978
2.0538
0.7671
3.1267
1.3307
1.43
1.9678
3.1487
3.7726
0.3192
1.9253
3.041
3.5704
1.7942
1.7539
1.8405
2.2291
1.4522
3.6928
1.7065
2.2793
3.3213
0.9756
1.7677
2.3027
0.6941
0.1249
3.2775
2.4387
1.0432
2.1169
2.5796
1.544
3.7569
1.1146
3.0856
0.741
0.06
1.6792
0.4731
0.2002
1.8804
3.3231
1.0163
1.9556
3.3866
2.1983
2.8066
0.1035
0.8282
1.1995
2.4888
3.3508
3.292
1.4614
3.4618
1.2382
3.6687
0.6951
2.2891
1.332
0.392
2.2409
2.1229
3.5747
0.2678
2.979
1.1637
2.8899
0.0142
0.1802
0.1596
3.7037
0.6018
2.2041
1.4233
3.653
3.0076
2.0179
0.9742
0.77
1.5869
3.9334
2.3837
3.7465
1.447
1.3797
0.0525
0.6919
3.2252
0.6232
0.9251
1.3021
1.0558
1.7471
1.4114
1.6697
1.7907
2.1826
1.2267
3.7167
3.7288
3.4474
0.3322
2.9262
2.523
3.6675
3.0056
0.8094
3.3891
1.1084
1.5257
0.2051
3.1204
1.5164
3.7589
1.8201
0.58
1.2435
0.8592
1.8285
2.489
2.6839
1.9255
0.5572
3.0106
4.5188
1.911
1.4231
1.1798
2.6403
0.2223
0.7625
1.6957
3.093
0.7401
2.5503
1.4082
0.8697
2.0016
0.6063
3.6146
0.6617
0.3047
3.6778
0.5921
1.0569
0.2064
2.7044
1.5075
3.4779
1.7633
1.5262
1.0468
2.8017
2.5629
3.8751
0.3564
1.7616
3.5359
3.8707
0.7225
0.9125
3.6909
2.2707
3.7123
0.2484
3.9813
1.4127
2.4847
1.5894
0.6061
1.6447
1.4506
2.9314
2.4471
0.0025
0.9431
2.5226
3.1006
1.2625
2.3495
1.7078
2.8025
2.5657
0.8638
0.6093
3.4547
0.5114
0.7864
1.3854
1.4692
3.5194
1.4574
0.2443
2.4126
1.4034
0.2627
0.2462
2.1524
2.791
3.7372
2.3996
2.7792
1.5052
1.496
1.8729
2.1896
0.8266
2.5339
2.8116
1.439
0.6621
3.4526
1.4958
1.2968
1.7974
0.9312
3.3717
1.4815
2.6265
3.3598
2.2099
3.3339
1.5377
2.7094
3.807
0.0875
1.5755
0.2134
0.0464
0.8506
1.3925
1.1894
0.2297
2.9007
1.5633
0.731
2.262
0.6728
3.2466
0.0892
1.0538
3.1847
0.3014
0.9069
1.8822
1.0239
3.7723
0.895
2.6266
2.6522
1.1651
0.1416
3.4957
1.3817
2.6862
4.2752
1.9585
3.4647
1.165
0.4432
1.5141
1.1992
1.9632
1.0062
3.4691
0.6341
2.1473
2.7482
2.2579
1.5745
0.0431
1.3732
1.3839
2.1939
2.1955
0.0823
2.106
3.8311
3.919
1.5833
0.2883
2.9574
1.6902
1.7743
2.4602
3.4281
0.4006
3.6131
0.3333
0.7242
1.9151
0.3678
2.9458
2.8504
3.4912
1.842
2.5546
0.0095
3.5375
4.8239
0.1124
2.419
2.3922
3.5644
3.8533
0.8966
3.4747
3.4158
0.9403
0.686
1.2569
2.0824
2.7831
3.8286
1.9164
0.5755
1.5134
1.2198
2.0171
1.6475
2.6507
1.9726
1.0766
1.3717
0.0951
2.2403
1.7734
0.7359
1.2251
0.3495
2.3609
1.5458
3.5241
1.09
0.9094
0.0786
1.419
1.4346
2.1643
0.6401
2.9307
1.5941
2.8851
1.0308
0.0458
0.6646
1.959
0.072
1.2806
1.2165
0.8366
0.3318
2.7231
0.6644
3.014
1.4222
3.1403
3.233
1.1137
1.6453
2.0197
1.1054
2.807
0.01
0.0537
0.5167
1.214
1.965
4.0109
0.3337
0.6388
0.6102
1.0909
0.6265
0.1079
0.9015
1.0448
1.9682
1.8153
3.8575
0.4644
2.091
2.781
3.5778
1.241
1.8239
2.9826
0.3025
0.7656
3.5103
0.4092
1.4697
2.2066
3.0132
0.5204
3.6256
1.8115
0.651
3.0074
1.6433
0.2729
3.3475
2.3382
2.989
2.0679
2.6604
3.5289
1.8986
1.2219
1.5872
0.5152
3.4155
0.5394
2.0979
2.8645
2.057
2.1321
1.9159
2.4264
1.0283
1.7585
0.1431
2.8906
3.4969
0.5555
3.034
0.6271
0.1545
0.0653
2.1457
3.8196
0.485
1.5631
2.3951
1.3398
1.7672
3.0677
3.4128
1.4482
0.4367
1.1689
0.4068
1.6276
1.7536
2.5779
0.0928
0.0315
2.0595
1.321
2.5719
1.9094
2.4568
0.6178
1.5064
0.6647
3.553
0.9439
1.939
0.6446
0.5471
0.3137
3.3748
0.2432
1.4351
1.9832
3.7673
2.3083
3.0012
3.728
1.8334
0.5385
4.0905
0.7279
2.7791
0.7166
1.3809
2.8203
0.8522
0.4076
0.6514
1.6951
1.4884
3.0771
0.3291
2.8055
3.4435
0.8463
1.5568
0.9131
0.1911
3.8615
0.1105
1.694
1.6736
0.2511
0.2002
1.847
0.5615
2.3008
1.7657
0.2229
1.0236
2.9039
1.8019
1.592
1.5512
1.0308
0.5251
0.8259
3.389
0.0315
2.0902
0.1629
3.8133
2.5364
3.6045
1.5872
2.4719
3.4318
3.2528
1.5692
1.6325
1.4549
3.211
2.2665
2.9201
2.3315
1.7985
1.5321
0.617
2.153
2.9954
3.7715
1.4987
0.3765
0.7849
1.7579
3.8594
1.9591
0.6469
1.1257
1.4217
0.5498
2.0654
0.7018
1.9921
2.9225
1.8668
3.4751
3.3118
0.0698
0.5034
2.5364
3.3261
0.1686
2.8473
2.7462
0.7408
0.1738
3.34
3.5078
0.6314
3.1441
1.9461
1.0754
1.5107
2.8019
2.9326
0.0109
2.0844
3.643
2.3725
2.9327
1.0597
0.9916
3.7942
2.7649
0.1537
0.3847
1.4316
1.931
0.1069
0.254
2.8466
0.4878
0.0284
0.6652
2.3948
1.2298
2.9534
0.0524
1.8099
0.969
3.7003
0.4364
3.5478
1.277
2.7123
1.4531
1.7667
1.3264
2.5909
0.1188
0.6432
3.7282
0.523
1.9045
2.6754
3.1252
3.5688
2.032
0.989
0.2054
2.9694
1.1404
1.0738
2.9321
0.7414
3.1611
0.7843
0.1082
2.948
1.3329
0.1516
0.9321
3.8027
2.4401
0.0496
3.5685
3.467
0.9279
2.9925
3.6006
2.2591
1.1062
0.4733
3.1334
1.0588
2.0681
1.7454
1.1091
2.9285
1.8047
0.1521
0.9534
2.6265
2.7531
3.4385
1.3435
3.0748
1.2077
2.5693
2.3169
2.2316
1.9701
2.5427
3.4272
1.0379
0.8334
2.5346
2.973
0.125
1.6176
1.817
1.6905
1.9423
3.3154
3.7443
0.0017
0.0584
1.6619
2.4718
2.8546
0.454
0.6309
2.3993
1.8663
0.1551
2.7618
1.7103
0.7945
4.167
0.2764
2.5479
2.7706
3.307
1.0257
0.5338
0.5434
2.5801
2.4801
0.8277
1.4459
2.3308
3.783
2.8298
3.4578
1.561
0.9078
2.3056
1.6896
3.3091
2.2615
3.0471
2.4394
1.763
0.0702
2.5787
1.0485
1.0386
1.6946
1.3498
3.0913
2.2779
0.5332
0.6913
2.5924
1.1867
3.1212
2.1797
1.3858
0.392
0.1113
0.1504
1.72
0.6295
2.5183
0.6384
1.3744
0.719
1.6776
0.5762
0.5755
2.3827
2.6947
2.7525
3.5752
1.9091
1.3569
1.4624
1.6136
3.7589
2.8832
1.8042
2.2598
2.3189
0.0989
2.1012
1.6755
2.76
1.343
3.4086
1.8919
1.9549
0.3654
0.1621
3.1805
0.2372
2.9866
2.086
2.343
2.5691
2.5646
0.8162
3.0595
3.6374
2.4809
2.6299
3.6898
3.4343
1.6831
0.3392
0.8348
1.0831
1.8004
3.5869
1.0258
0.0636
3.3354
4.7932
0.6362
1.5556
2.5862
3.9364
1.758
3.2683
1.5478
0.0909
3.3903
0.1849
0.7133
1.9421
2.1005
1.6207
0.7663
2.9177
0.1847
0.9266
0.8815
2.8008
0.246
1.017
3.1083
1.8287
3.0667
3.7263
0.5119
3.9358
2.3728
3.2401
0.6134
0.0886
0.6241
0.4244
0.4656
1.1572
0.2113
0.1561
3.3402
1.9127
1.7891
0.6698
0.6032
2.8186
1.6994
1.4537
3.5774
0.5639
0.432
0.4689
1.7894
1.6045
3.3485
2.8682
0.2085
0.7103
3.0838
1.6004
2.1039
3.8046
0.8456
1.0504
1.0033
0.3529
0.876
3.68
1.6987
1.0948
0.3088
1.0898
1.9113
2.2062
2.8971
1.1837
0.8318
0.4848
1.8951
3.5455
1.4844
0.9976
1.8487
1.4426
2.9338
3.7597
2.0269
3.4201
2.5013
3.4274
0.9389
0.5816
3.0136
3.6461
2.4786
3.7693
2.7226
0.2021
3.0043
0.7574
2.2203
0.0885
0.9226
0.5929
0.2754
2.8832
3.7209
1.0287
0.5724
3.3357
0.138
0.2847
2.0492
1.2125
0.7203
1.9292
1.6303
2.6695
1.8377
0.5511
0.4481
0.3019
2.9056
0.3917
2.1333
1.4907
0.3579
2.0341
3.48
3.5602
1.5508
2.0758
0.3239
3.3863
0.2879
0.3936
2.6146
3.7958
0.8748
1.4855
3.259
0.9204
2.0319
1.5889
1.6115
2.3756
0.9285
1.7339
0.1351
0.531
1.2473
2.8645
1.3679
0.8995
0.9146
2.171
2.8421
2.6611
2.719
0.9295
0.3298
3.2338
0.768
3.055
1.2916
1.4465
1.6556
1.1821
2.8808
1.8698
1.4592
1.3505
1.3454
2.2164
3.7789
2.8782
2.3508
2.9728
1.7059
1.4985
0.1422
2.4965
0.2128
1.1871
2.47
2.3015
1.1493
3.636
1.3696
0.2494
0.3984
1.514
3.3096
1.6049
0.1211
3.6713
2.0157
3.2217
1.5956
0.094
0.8774
2.4444
3.7449
3.6132
0.942
3.048
0.5497
0.1923
3.2909
0.3213
3.1981
0.7196
0.134
2.2455
3.3097
1.1658
3.6413
3.284
2.9803
0.5918
1.6189
1.6512
0.5155
2.8213
0.1948
0.2002
3.5508
3.8429
1.5676
3.8411
0.3432
3.0376
2.2684
3.5817
1.196
2.79
2.5709
1.5436
2.7397
2.8111
3.3667
1.2564
3.3665
1.6445
0.134
0.131
2.4946
3.1876
0.0555
3.6287
0.061
0.4652
1.7921
4.7616
1.7883
1.8503
0.2236
3.8146
1.9325
0.4781
2.8726
1.8623
0.3751
1.9506
3.0814
2.8222
2.2781
2.6412
0.8154
3.5407
1.4024
0.086
3.1008
2.3398
2.3893
3.5283
2.9085
2.5936
3.197
2.4225
2.7686
2.8928
2.3704
0.9047
2.0163
3.3418
0.0222
0.5448
2.9446
3.5002
1.9842
0.7219
3.8742
1.7159
2.9072
3.5646
3.6102
1.2218
0.3891
2.44
2.0424
3.5059
3.3722
0.7694
1.0223
1.256
0.6233
1.636
1.2991
3.2462
0.5824
0.0578
3.389
0.8297
2.2415
1.6611
1.5808
1.2293
2.8447
3.0979
2.4589
2.5015
2.8554
2.7594
3.4472
2.3819
1.5454
2.4014
0.4741
3.5137
3.2802
1.4978
2.6185
3.8337
3.1458
4.5233
2.156
2.9671
0.1653
2.9147
0.4883
3.8703
3.4002
0.6938
2.7954
2.6567
1.0898
1.1653
4.428
1.2353
0.7279
1.6745
0.3287
1.7765
0.988
1.8781
2.6036
1.7176
1.9106
1.4978
3.6672
3.6626
0.6721
0.5021
3.3872
0.0175
0.9109
0.3396
2.7033
0.3819
0.0521
0.6151
3.6357
2.8879
0.6033
0.9015
2.7813
1.0593
3.741
0.0421
1.1039
2.467
2.8152
0.6857
2.7891
1.0001
0.3317
1.5801
2.9819
3.6162
2.7679
2.7247
2.2983
1.3606
1.1232
1.4027
3.1119
2.8636
1.2608
1.4132
0.0868
1.1609
0.9469
1.1572
2.5231
1.1217
2.3186
2.8883
2.0239
2.747
0.061
3.1999
2.1882
2.6511
2.1915
3.0064
1.33
1.0236
2.0136
0.4423
3.3779
0.3882
2.6693
1.697
0.1552
0.4086
0.0731
1.697
2.9205
1.1533
0.235
3.1913
2.4285
2.288
1.3308
3.2694
0.2465
1.5713
1.406
0.1998
0.8283
3.1229
0.8664
3.616
3.2689
1.0432
0.0797
1.0905
1.3057
2.2082
0.5997
2.2462
0.3126
2.0891
0.0369
0.7835
3.2788
0.17
1.1365
2.9204
0.2854
1.9836
1.592
3.8043
0.1681
0.4629
1.3756
2.2998
2.5478
0.5478
1.5501
0.5213
1.1341
2.821
1.899
2.4366
0.8341
2.5128
1.8489
0.0665
2.3689
3.6145
2.2047
0.4765
0.5628
2.5698
1.0408
2.0705
0.9756
0.6773
0.5384
2.074
0.8938
0.5903
0.1378
0.1676
3.3984
3.4478
1.7497
2.432
2.3643
3.4385
1.9621
0.1149
1.0004
1.6339
1.8458
3.7187
3.7543
1.2454
0.4973
0.3378
2.7064
0.7374
2.4348
0.619
2.8782
2.7835
2.7481
1.8043
1.4242
0.1662
2.3256
2.6142
3.3538
1.9156
0.5317
2.9164
2.6179
1.838
0.6079
3.3097
0.098
3.1377
2.8872
1.5091
1.3735
2.2422
2.2613
3.6064
1.1391
2.9774
2.1501
0.7078
0.8996
1.4712
0.2892
0.1255
2.3917
1.0834
2.6834
2.681
3.5168
0.0252
0.5843
1.7546
2.8208
2.6369
1.4252
0.186
3.3148
0.7627
3.0188
0.2221
2.2909
0.4173
1.9841
1.1093
3.2227
2.3065
3.2642
3.4199
1.8641
0.3348
1.5636
1.1878
2.6767
0.5529
0.2914
2.3238
0.7986
1.914
0.2152
2.56
3.1652
3.7291
2.4766
0.8565
1.4957
1.6863
1.7961
3.3842
2.2377
1.3646
1.711
3.3326
1.7425
1.1399
3.8038
2.9447
2.6756
3.3853
0.9475
1.0586
3.5596
2.6328
0.6539
0.1693
2.5775
2.8861
2.9937
1.2446
0.1625
0.0063
2.6459
0.4049
3.0006
0.8135
2.7231
0.7987
1.095
1.8672
0.3823
1.5889
1.5863
2.6942
1.1047
0.5028
1.7703
0.9624
2.5503
4.1459
3.1939
0.29
0.6009
0.7675
0.453
0.9096
0.8884
1.3925
1.8268
2.8791
2.75
0.0754
1.3492
0.8403
1.9971
1.1023
0.1233
1.4773
3.0984
1.9213
0.4665
3.1199
1.9115
0.8438
3.6485
3.6204
2.2674
1.9433
0.5002
1.9328
2.5902
2.9165
2.1994
3.2343
0.3479
3.7069
2.58
0.9723
2.1792
1.2546
2.8585
3.2496
1.8281
1.8973
0.2641
0.5113
2.8788
0.3625
2.6122
0.2844
0.8096
3.5565
3.2815
3.3067
0.0756
3.3799
2.7465
1.3977
2.2098
0.2251
1.715
1.3961
1.793
2.7671
0.9927
3.5459
0.9644
3.599
1.1563
0.4404
0.1476
3.7841
2.3038
3.2231
3.8118
3.3883
3.7761
3.5261
2.6432
1.6811
0.4931
0.1042
0.948
1.0452
0.9628
0.0279
0.4008
1.3082
3.1571
2.6318
3.6224
0.267
0.662
3.3116
2.383
1.8678
1.4743
3.8439
3.6132
2.514
3.7693
2.0848
0.3005
2.5236
0.4216
2.3219
0.6268
3.0759
3.2052
0.4098
2.1478
0.9016
0.7164
0.9278
0.2892
1.0728
1.115
3.8214
2.299
1.3222
1.8554
2.3994
1.5821
1.4435
3.1483
1.2678
0.6241
2.7412
0.1898
1.5983
1.0068
1.6893
0.4241
2.7001
2.6923
1.1848
0.3369
1.5168
1.3024
0.8004
1.3913
2.3606
1.3032
3.6121
1.72
0.8517
0.2088
1.4748
3.012
1.0331
2.6458
0.0609
1.6382
0.773
0.7718
1.0398
3.4772
1.9086
2.9158
3.7055
0.5319
0.0773
2.5474
0.7623
3.6417
1.6586
1.3358
0.5431
0.8046
0.0007
1.5747
0.2745
0.9141
0.6435
0.6695
2.837
2.0268
2.301
2.165
0.5374
0.49
3.129
2.6546
0.9219
2.8811
0.5735
0.6182
1.5388
3.4954
3.1298
3.1619
2.5872
3.4728
0.2039
2.3503
3.5538
1.3933
1.3866
2.084
3.6463
1.5926
0.39
2.0418
0.7345
3.6041
2.8326
2.8023
2.2483
0.0899
3.7274
0.1404
0.0277
2.4987
3.2722
2.5215
0.2849
2.2032
0.0854
3.6826
0.7727
2.1252
1.112
1.8626
0.259
3.0739
0.1388
3.4328
0.1786
1.175
1.7382
0.1771
0.7531
3.849
1.0016
2.9805
1.3629
2.9646
1.4456
0.4745
3.6425
0.3056
1.5862
3.6205
0.4824
2.0766
3.0444
2.8778
3.1706
0.1477
1.508
1.163
1.2718
0.6876
2.5617
3.1452
3.1041
2.7759
2.1511
0.322
2.679
0.85
1.8748
2.1372
3.2453
0.2663
2.2192
1.8013
2.2362
2.9565
0.6324
1.091
3.9111
0.8171
0.5522
0.9281
3.5365
2.8187
2.7961
2.5725
3.7801
0.6977
1.188
2.5455
0.0603
0.1949
1.2956
2.4971
1.8021
0.1145
0.5213
0.4862
0.9223
0.0881
2.7825
3.2725
1.8773
2.8345
1.781
1.0246
0.3775
2.3874
0.7444
2.0885
1.3731
3.4334
2.6884
3.4025
0.7097
3.4169
3.9539
3.6956
1.0494
0.3847
2.9643
0.018
2.2564
0.3019
2.0103
2.8591
2.646
1.4647
0.205
1.9812
2.7569
0.7236
2.3409
2.6651
0.0006
3.0819
0.2502
1.5593
2.1679
0.3901
1.9739
0.3432
2.3244
3.7088
2.879
2.2764
1.7097
2.7711
1.8726
1.5538
3.8886
1.5268
3.2651
2.3046
1.5992
3.1773
2.0077
3.5163
0.5378
1.8703
3.7058
3.0324
1.5914
1.3383
0.9649
1.8304
2.1919
0.7131
0.1949
2.9222
0.6938
3.3003
3.2908
0.547
1.9938
0.7848
0.9638
1.3094
0.7757
1.185
1.4357
0.017
3.3228
2.2692
2.2726
0.9653
0.8408
1.5963
1.5498
0.093
3.7465
3.761
2.5713
1.036
0.4254
2.0879
0.9244
1.8374
3.8812
2.7793
2.648
1.2329
0.8223
2.02
1.4882
0.0018
2.1656
1.8191
3.8175
0.4827
1.9361
0.5779
1.0775
0.7914
2.4504
0.8454
1.9231
1.2244
2.7531
1.6875
0.3482
3.0503
1.9284
2.4508
0.0982
1.37
0.7572
2.441
2.4608
3.6151
1.4937
3.7385
1.0289
2.1075
4.3027
3.2252
0.271
0.3023
3.2494
2.887
1.4644
1.2825
1.3869
3.0811
3.1331
3.0779
2.8107
3.8754
3.2048
1.9166
0.207
0.8921
3.6462
1.2918
