Timp in Milisecunde
52.7517
53.3745
53.6323
54.0262
54.9138
53.7598
53.4845
52.8446
53.3444
53.1268
53.0906
55.5733
53.6713
53.2336
53.7398
52.8387
53.3943
54.3938
52.7151
54.0829
52.8713
60.7191
54.5766
54.6677
56.3641
52.8176
58.1508
60.9144
53.0587
52.4773
53.3244
53.5645
54.108
56.8498
53.105
56.2075
54.289
53.8603
56.4343
53.1755
55.2685
52.5777
54.6607
53.2579
60.6433
53.4474
54.8984
57.2081
53.8873
53.3417
53.3804
52.9849
54.5121
53.048
53.5976
53.1863
53.9459
53.3033
54.765
53.2002
52.9838
54.871
53.6388
53.343
53.4991
54.7259
54.0913
53.982
53.9343
53.4874
53.0706
54.3597
53.2579
52.7891
53.0596
54.4122
57.2094
53.6003
53.5625
53.2534
54.8257
53.6089
53.0864
53.3241
53.3019
52.7321
53.1065
53.3725
56.4895
53.9489
53.2819
53.5023
53.2619
52.7442
53.5856
53.0823
53.0861
56.0084
52.4133
52.53
53.5148
54.5789
55.1115
53.2811
52.8309
52.9455
52.7269
57.4801
53.4344
53.0159
53.004
52.4645
54.2859
53.9273
52.5973
53.3607
53.2042
53.7463
54.0078
52.7756
53.1836
54.0999
54.4726
54.363
56.0394
55.1594
55.7343
56.0639
53.9841
53.4565
53.9774
53.4472
53.2324
53.0858
53.3005
53.8858
53.9288
53.2184
53.1468
53.2181
57.2728
53.7261
52.6744
53.199
52.9366
54.2449
54.683
53.0453
53.3254
53.6453
53.1682
53.2843
52.9554
53.8661
53.5325
53.6029
53.2177
53.0589
52.8037
53.2595
53.169
58.2633
52.7781
53.2649
54.4253
54.5852
54.0916
52.6307
52.826
52.6817
53.0299
54.3578
56.6753
53.9871
53.5549
53.2755
53.9181
60.7384
58.1043
53.4357
53.734
54.571
54.0582
53.5729
58.3506
52.9334
52.845
52.6868
52.6882
59.2007
52.7808
58.2838
53.6171
53.6081
53.8071
53.1914
52.8726
54.249
53.5192
52.6054
53.0878
52.9186
52.9757
52.6806
52.4778
53.0875
53.1903
53.6544
54.7846
52.7295
52.9659
53.0319
52.7338
53.6008
54.5797
52.7241
53.2109
52.8975
54.9669
58.0381
53.2529
53.3645
53.1832
53.1561
53.7738
53.4928
58.0137
52.5401
53.2929
53.0945
52.7573
56.6337
53.526
53.6134
58.2122
52.4211
53.8412
52.8351
53.1695
52.8992
52.8133
53.3705
53.7697
53.486
53.377
54.537
53.051
53.0572
52.414
56.0445
54.546
53.4578
53.0316
54.0131
53.4227
53.1832
53.2052
52.6136
52.9649
52.67
54.2851
52.7862
52.7274
52.6259
57.3266
53.6644
53.5034
52.663
52.883
52.8532
53.869
53.4375
54.4115
52.6886
52.8692
53.8247
55.2613
52.9092
54.7222
56.8102
52.7651
54.0033
52.5286
52.8285
53.5526
54.0887
54.8907
53.3866
54.4063
53.3091
54.6583
54.314
55.674
53.0614
53.6871
53.8688
53.6483
53.7575
53.4739
59.9144
63.2655
54.216
55.4198
53.9894
58.6148
60.3501
55.7807
53.8574
55.508
57.2621
53.5391
53.3625
62.346
53.4904
59.1409
57.7125
53.403
53.0849
54.9248
53.8185
53.6736
54.0489
53.4196
52.7628
52.6361
52.6444
52.8721
53.7997
53.1513
54.3632
53.483
53.7453
57.0304
59.3446
54.0452
52.8073
52.4001
53.3759
53.5335
51.9463
52.9844
52.345
52.8019
53.243
52.7624
52.6475
53.3371
53.4334
52.5229
52.1178
55.9721
52.9031
54.2319
52.713
52.8115
53.8045
52.6157
53.3315
53.2905
55.7076
53.7644
52.6239
53.7377
53.9217
53.433
52.9
53.5381
52.1574
52.0898
53.5226
52.5574
53.2614
53.2453
53.6781
53.3999
53.4884
53.4442
53.5082
52.9094
52.9036
54.1789
52.7622
52.3245
57.7245
54.3084
52.7274
52.4059
52.4473
52.4996
53.2428
59.5136
54.0062
52.9655
53.1337
53.1924
54.8272
53.826
52.6627
52.7842
53.0605
52.6057
53.2852
52.7775
54.0606
53.4154
53.4343
53.0041
53.4143
53.5717
54.9242
54.0164
54.7645
57.0114
60.8934
57.5059
54.1097
60.675
54.8828
54.1361
54.5873
55.3896
57.6947
62.9986
57.2377
60.0354
65.3966
66.0425
54.8196
53.983
69.2632
55.3236
54.238
52.9515
58.462
61.9482
55.6195
64.8937
54.0738
53.333
54.2434
54.1623
56.8336
57.5929
62.3436
55.1524
60.2343
52.89
57.6737
53.99
54.199
52.7419
56.774
53.0844
53.6055
52.9438
53.3418
54.6399
58.6356
53.5692
53.5498
53.3817
55.434
54.1872
53.7166
53.4801
53.635
55.0337
53.0472
54.5293
54.4582
54.2497
55.1476
53.2372
53.6316
53.6903
55.1012
58.5077
55.6047
67.7815
57.7131
54.2243
59.5972
54.1235
54.5904
53.394
53.4775
53.1109
53.3293
53.0296
53.495
55.0731
55.7983
58.5192
62.3644
54.034
52.8984
55.3396
54.7455
53.203
60.1634
54.6688
66.0913
59.0247
54.0013
55.4781
54.4364
57.9493
53.2986
53.5122
53.4661
60.1453
54.1865
56.6263
55.6299
57.7074
67.6888
68.3641
54.8459
61.9096
54.314
57.1753
55.2924
55.7345
59.8342
53.2405
66.1345
61.9782
58.6473
64.412
58.2772
63.2493
59.0038
54.4958
86.1608
66.4467
67.7474
55.2023
55.0432
57.8139
66.9173
70.703
58.1041
65.338
56.7099
58.1211
66.5427
62.9682
62.3407
65.2297
58.4813
67.9276
60.7126
63.092
62.4652
57.663
60.921
57.7237
60.0085
56.9587
63.5676
59.7404
57.0521
54.7856
64.8654
56.1141
61.7586
56.2026
56.1843
54.2249
64.6595
56.6401
54.7164
58.5904
54.4723
53.3509
65.8695
53.5043
56.0695
55.4428
54.346
54.1824
54.6895
56.9748
66.9716
61.5979
57.5443
61.0732
61.3965
54.5391
56.6989
61.2487
62.9365
55.4779
58.7842
56.3457
54.5915
55.0951
66.8979
54.4916
53.2466
53.8691
61.9409
63.3209
55.7164
62.7697
58.257
55.1788
54.3012
54.2491
60.2147
59.7726
57.4882
55.9758
61.1372
55.0597
61.8089
56.1964
55.7169
58.2145
55.5075
59.5828
57.0879
53.9952
63.6714
55.5498
55.4585
68.5897
59.0939
55.9705
55.0611
59.0406
59.5686
61.4328
55.9236
53.7667
56.2948
61.9733
54.3226
60.0763
60.4991
61.2288
57.2331
56.1321
55.0489
56.157
60.6107
57.0461
53.7338
59.3696
60.6507
57.2929
66.574
66.6048
56.9853
55.5508
58.9174
59.8193
60.2538
54.2819
55.0703
54.0804
60.962
59.7357
59.1517
55.3836
64.0847
59.115
57.7768
70.353
61.0027
60.1691
57.4425
59.8332
59.7603
60.2243
61.7506
54.7151
62.2366
55.4106
55.5619
60.8098
66.1269
61.5802
57.1607
57.2741
58.9973
59.2336
54.8215
54.1377
56.0169
64.7029
57.0956
54.9491
54.889
68.1435
54.7259
54.5633
55.4547
58.2651
57.0389
58.1715
67.9171
53.8463
55.5736
59.1862
55.2158
53.7785
54.9491
54.9536
57.5232
53.9444
55.9215
57.5233
54.1537
54.3593
62.184
57.6191
59.7216
57.7488
67.1446
56.815
56.742
60.8719
56.5422
55.218
56.0116
61.5861
56.4453
56.3043
55.5169
56.2239
54.8547
55.9129
56.4415
55.0038
54.0348
55.6939
56.2413
57.3672
56.0757
63.2726
58.3305
53.8767
53.6
54.6054
55.0713
54.7016
54.3255
57.1704
57.3011
55.8196
54.6381
70.6391
57.1393
55.6924
55.4289
59.7564
54.6852
53.8334
56.4916
55.55
54.7473
55.682
57.5907
53.8916
56.7153
55.4292
61.2269
55.676
61.4935
56.1122
56.5118
64.6072
57.9847
60.3249
56.1295
56.659
87.0469
60.2156
58.5046
61.8719
58.6
58.5249
59.8928
61.5333
60.6572
60.0969
57.404
60.1102
56.9219
65.7376
64.185
66.4414
59.6492
66.87
63.3817
61.3828
64.606
59.3895
60.8585
65.3146
66.4246
61.0906
64.321
65.3561
67.3079
68.5371
63.1055
61.1026
61.158
65.8775
60.8686
64.5973
64.3319
64.9187
66.0658
68.3942
63.5547
62.3316
58.8116
60.3044
62.003
65.4633
62.8327
62.6229
62.6716
71.9743
64.4848
64.2075
58.7642
63.9535
63.4436
59.9109
65.3638
65.9653
63.1958
62.5823
67.9604
66.3669
61.2901
61.5591
65.1387
61.802
63.0541
64.8907
62.6707
63.3214
60.4014
60.6049
60.8748
61.3534
63.6886
64.5252
65.3136
59.4722
62.6224
63.3776
63.0657
65.1282
65.7951
62.3683
63.8312
64.7807
63.893
64.0799
63.6316
64.7268
68.0519
63.8264
59.9703
61.4805
65.1545
60.5769
62.726
64.8996
63.8133
64.1788
65.3235
67.8718
60.1036
66.417
63.9426
63.3162
61.317
61.9186
60.0771
60.0083
59.5083
68.3025
63.2846
66.8009
61.7436
60.1308
62.6623
60.8863
59.5507
60.2081
58.2363
58.5055
57.1635
63.7512
54.6248
53.965
62.4166
60.901
59.5729
62.8141
60.1105
58.8779
56.0996
63.023
64.9211
63.4131
64.5965
63.9377
59.8013
70.3777
67.1197
67.6746
66.4346
71.204
63.2629
64.5941
64.8993
65.7617
62.6617
61.8339
61.5863
66.2229
60.0432
65.7022
65.2694
61.5153
62.7033
64.4752
62.03
64.5733
59.8934
60.2405
59.3675
63.9635
64.0271
61.88
64.828
63.8532
65.8291
61.9559
61.6918
63.4355
57.7805
61.3191
59.4697
61.897
63.7197
68.0967
63.5943
58.8693
59.6457
60.8599
60.9762
62.9918
64.8597
60.6227
62.171
65.4301
65.5216
60.8556
60.1864
66.2351
64.1891
63.4005
58.8891
61.1206
62.4557
64.3504
64.6126
62.7774
60.5715
64.7196
63.5585
66.2059
58.4305
61.5866
57.8487
58.1575
62.8761
59.9161
65.8209
59.2504
60.8048
60.4598
60.3535
58.8099
57.6764
57.6754
59.3651
58.7769
61.997
60.4277
68.3891
67.6202
61.9303
68.6036
64.2619
63.4874
65.3562
64.0498
61.8559
64.8692
66.249
58.9977
68.0232
63.5878
62.9057
62.7653
60.6233
62.1998
59.4856
62.3495
65.0364
64.1776
59.4178
62.4235
59.7295
65.2816
61.5529
63.9892
66.2115
61.8677
60.6018
63.6014
65.2273
64.9649
64.1073
63.9772
59.7001
59.4465
61.2456
57.8671
59.9193
60.4784
61.3324
64.5576
60.6494
59.5924
61.511
60.7988
62.865
64.6703
62.6725
66.6105
72.874
66.9053
67.138
59.3931
58.4725
61.3155
63.484
62.1248
61.6819
67.7333
66.9073
60.2888
59.5621
62.838
60.4059
61.633
60.5644
56.6184
62.78
60.4263
57.6741
64.1649
67.762
64.3289
65.8894
62.0567
59.1449
63.5529
67.9605
59.5122
63.1298
63.1656
64.4422
62.4082
66.2319
65.5239
62.5325
60.8132
57.6517
61.4215
60.8067
63.0206
64.9088
65.2513
62.866
61.8036
69.3845
67.0571
61.946
70.1705
58.6323
67.3856
63.3372
66.0119
62.1378
62.906
62.6535
57.1081
62.9885
57.6804
62.1015
60.3872
59.3928
59.751
61.5095
65.4511
65.0954
65.1257
62.8164
62.5718
69.2639
65.8509
61.7394
58.0202
59.5084
58.8994
59.1164
65.0593
59.9464
61.7726
63.7128
61.3369
63.5847
61.4004
64.1943
67.5873
66.3055
63.3803
65.5167
61.5757
61.2467
66.6406
64.0603
64.0621
66.9228
63.8431
61.2312
63.9854
66.4316
63.398
64.6584
65.1831
61.73
64.1357
59.6567
60.0171
60.4859
62.4929
60.8621
61.3475
63.4103
61.4402
61.4109
63.1209
66.2663
64.6101
64.5845
64.6791
63.8626
61.8762
63.5234
64.0894
64.3206
61.9459
61.6338
63.2329
63.5241
61.948
61.231
63.0903
62.4683
66.1742
61.4718
62.6152
58.9971
64.9558
61.5815
60.5874
68.9331
65.9185
84.3518
67.1761
66.0182
67.2392
65.3213
67.9588
67.2336
63.4415
68.0645
64.6168
66.8434
59.9759
64.4414
65.3433
69.0088
66.9177
67.0498
68.4298
67.0059
64.526
65.8879
66.3581
64.0512
61.884
65.7098
63.3603
71.0281
67.5153
65.8823
68.2021
67.2909
64.8866
59.978
63.4578
62.332
63.8544
68.6621
70.9758
64.0831
67.1787
66.8852
68.7153
78.8118
68.9942
69.463
66.3421
71.6529
66.9171
62.4114
65.0823
69.9247
65.5907
68.6524
64.3834
66.6798
67.1183
63.8547
63.8356
68.3688
66.4044
65.714
67.8795
68.1699
67.1227
69.3373
64.1865
66.1653
65.4789
68.2419
66.2423
64.3113
64.7118
64.4729
63.8126
63.1672
66.0242
60.7866
65.5215
63.5814
63.5507
62.5849
62.9513
65.6068
63.9932
66.9462
68.0808
61.6996
64.2019
61.3775
61.9701
69.9419
64.6635
63.031
60.8098
61.1724
63.5187
54.1412
55.475
63.5152
57.0927
56.542
60.0714
56.0052
54.9402
55.235
58.985
53.4806
60.0529
57.0935
57.1224
55.8222
55.5273
55.6983
57.4946
56.4026
56.7393
55.5875
55.1941
58.6314
58.7262
55.9792
68.833
67.9565
62.4186
69.1555
72.6008
70.1683
74.8694
70.5627
61.5793
59.9262
63.3605
65.1007
62.9508
68.0744
69.0771
63.5828
61.9446
59.5019
63.519
67.7995
67.5167
68.1053
64.8535
63.7938
64.9496
65.8999
63.7368
67.8614
61.4696
64.3132
67.6712
64.1381
65.3744
65.4461
69.7697
63.1659
64.5614
66.4323
65.7808
65.1239
61.1993
60.6819
61.9669
64.085
61.1502
60.8166
64.3517
60.8578
59.6414
62.8148
60.7278
60.8881
61.1124
60.855
62.2655
69.3747
60.4037
59.7869
59.2712
63.0587
62.3035
61.5362
59.3598
60.4117
65.6091
62.6734
65.6452
62.5938
63.4493
64.3101
64.6359
64.363
64.2148
60.5582
61.2699
63.2097
62.6268
65.3407
60.8791
60.4138
65.3445
62.4395
67.3618
65.7696
63.8868
65.7449
65.7212
63.6644
65.0133
67.4196
67.7965
59.458
62.5864
60.8951
63.5733
60.5227
65.2122
66.7183
65.7385
60.3706
64.2697
62.9675
61.1081
62.6264
61.7641
65.3358
60.0461
65.2262
68.1876
65.4933
86.3798
63.4186
65.5118
61.0877
62.4134
63.8088
67.7368
67.1061
62.9569
61.6832
60.1116
64.3715
64.8374
62.1621
68.3061
61.9022
63.7018
59.3043
58.8943
58.2953
61.0563
58.8479
66.6173
61.3787
59.4166
64.5645
56.8951
57.1285
58.5583
59.5746
58.9613
62.3372
61.9762
61.4441
63.3151
62.2609
66.6338
65.3315
60.7713
65.7115
72.9312
70.2316
62.5411
63.3345
66.8376
67.3912
60.1974
61.4539
64.4979
60.2012
61.5139
64.8522
64.5697
62.4835
63.4633
63.7697
64.1273
61.7442
59.7517
58.8298
59.2751
57.8688
65.7348
61.6416
60.4693
60.1921
56.9149
62.068
64.9805
66.0657
59.5091
63.1874
64.3192
62.7221
60.4925
62.4544
63.7421
64.4431
69.2619
62.3371
61.0577
64.8653
65.4524
61.7415
57.4891
62.5247
62.6323
63.4653
63.9191
61.5768
70.5593
61.324
61.9622
66.3929
63.9906
60.7998
64.6346
67.6628
58.0748
63.8612
64.2799
63.049
66.2671
63.3136
63.4105
66.032
64.8335
60.7283
65.3437
62.8889
63.55
64.7344
61.2005
62.2784
65.736
63.6812
63.711
63.5549
60.8239
62.649
62.8827
63.7771
66.545
61.8745
62.5045
61.7057
57.6279
59.7363
65.712
63.8892
60.5186
58.0881
63.3302
62.3355
54.068
54.504
52.3071
56.0403
57.2186
58.5381
55.1798
62.067
55.6491
56.7594
57.1073
55.9444
64.9424
65.578
56.4859
59.1642
60.1557
67.4164
66.6082
64.171
61.2887
64.6393
59.3654
59.1386
59.1695
56.2094
55.156
60.965
57.2922
61.1772
62.9042
63.5136
59.101
63.1182
58.7496
62.0834
65.8546
63.4511
59.4945
61.8818
58.6792
61.5126
63.4239
59.5429
62.5936
64.2892
61.4563
64.617
62.0059
60.8271
64.7443
64.5752
66.6719
63.5486
63.4799
62.3891
65.8163
63.3315
62.4027
63.8282
59.7685
65.3233
62.9586
65.3951
61.0504
65.1179
58.4464
63.8986
62.8807
63.6408
64.5939
63.9117
61.6025
63.1827
59.5807
59.7664
64.9098
63.235
65.3838
65.7085
64.5095
65.2121
66.3425
62.1359
63.7861
61.7721
62.4599
65.2138
65.2727
69.2841
66.2521
63.4807
64.9322
65.7865
63.4756
66.0559
62.878
63.2576
64.1129
60.4029
61.1449
62.9479
64.527
61.2754
62.8172
61.7439
63.0395
58.9745
56.7128
56.9899
63.4676
62.9873
63.7517
56.8285
58.103
58.167
63.6741
67.2794
61.0505
60.9711
56.8985
61.6891
59.7463
58.0565
64.0877
59.9304
62.0259
57.6482
56.9675
56.6636
58.9246
61.4929
64.5481
62.7219
55.4915
64.2537
60.1114
64.6036
59.905
62.8454
60.4033
67.2661
62.6913
63.2697
62.0134
65.3021
63.2903
67.7662
66.5569
60.5164
64.13
58.9174
63.5911
62.7359
62.7887
59.4662
61.3263
62.2448
57.5017
61.3744
60.1879
65.4542
64.3739
59.3189
62.2912
59.3877
60.5973
61.4382
60.4149
60.6002
61.8236
64.9154
58.6252
61.9205
59.6384
60.9995
61.0627
63.0995
60.6545
63.4944
61.2093
60.0041
70.9333
61.2682
62.27
59.3898
61.791
65.6801
64.0493
61.5204
65.2179
63.2891
64.8038
63.5336
66.2236
63.4784
60.4622
67.7333
57.1065
64.4439
57.9436
58.4837
61.102
59.9211
59.0223
61.2484
63.9442
63.6144
68.6891
61.4863
60.0795
63.8972
63.9837
61.1299
58.0704
56.7329
56.0748
56.8729
61.934
61.3901
60.9498
60.6993
66.9337
59.1945
62.612
57.2193
61.7945
59.9505
60.3808
60.9623
60.4029
60.1076
60.7237
57.8173
56.5274
60.1357
58.2587
59.8278
59.6038
63.6883
62.9752
62.306
62.4264
66.6748
64.3635
62.9374
61.402
63.1125
62.0809
67.5772
65.2446
66.6421
63.7632
59.0428
59.169
61.4873
61.1921
58.2999
63.9002
56.7366
61.9774
61.8488
65.4357
57.8253
63.8198
62.4957
64.8772
61.2644
63.5035
62.1908
59.6454
62.3861
59.55
60.6743
63.8005
62.7382
63.9723
60.8878
58.4724
60.8433
64.861
64.4409
62.0298
64.2409
63.5137
64.0537
63.6878
65.187
63.1518
63.0958
64.4799
64.8816
65.7576
63.6619
62.5995
62.5428
62.6291
63.4842
65.437
57.4249
58.6691
61.8828
62.3862
59.3323
63.2084
59.2982
60.8099
62.1504
58.6521
60.7898
62.2175
62.7503
62.5258
58.6642
59.4145
58.2661
55.7484
63.0344
60.9253
68.4255
60.5723
56.5443
60.2356
56.224
67.729
67.6433
63.2631
60.708
62.4197
64.1616
59.3462
67.9042
58.2077
66.6872
60.9282
62.6095
65.4342
61.6057
64.9543
61.7706
60.8899
66.0053
61.8455
61.4821
62.0503
62.5081
62.3983
63.0978
59.424
59.9513
63.7804
60.2938
62.03
64.914
65.2637
59.6008
64.6039
62.4534
62.7231
63.3067
62.6243
58.2568
61.547
69.105
62.4107
62.5905
63.286
67.1575
61.2368
61.4149
61.3358
61.5108
59.5748
58.8476
61.7593
62.4774
62.5202
65.8431
62.0423
72.1071
68.7988
66.2695
63.3249
64.442
62.8418
64.5325
65.5111
65.2928
63.7936
61.8556
62.3833
61.6992
63.3258
62.4369
61.5861
60.9854
65.5345
61.5059
63.3041
62.7776
69.9053
65.1206
68.7263
62.8169
64.4689
63.4144
64.0767
65.2528
61.0216
61.7038
66.0195
61.3874
63.7176
65.56
59.8105
61.2547
60.198
60.9629
64.0578
62.4387
64.0376
63.2073
59.7333
60.3878
63.5437
62.3123
66.1647
62.3358
62.1927
60.4771
59.6101
62.8615
65.7423
63.5991
62.1595
58.4565
59.217
63.3605
64.2962
64.0924
64.6094
65.8498
66.2676
59.7647
58.3102
62.5552
63.6909
60.2263
65.6855
59.0924
57.4846
59.526
61.3987
57.2116
59.3911
63.9399
57.8615
66.2799
57.278
62.4682
58.97
60.2154
63.1273
59.4861
61.1396
61.7118
60.6875
61.9686
63.0999
60.4245
61.5039
63.3806
60.2603
58.6649
62.4991
66.5254
61.6344
61.983
60.5505
66.2382
61.4347
60.7133
66.6663
63.4721
61.7584
63.1333
61.9194
65.4597
61.9967
65.6739
61.5794
61.2576
61.8407
62.4967
63.3469
62.9858
61.5235
60.652
62.9623
64.9879
65.854
61.8221
63.671
62.1829
62.6521
64.0761
62.8312
61.4096
62.8618
63.6992
63.8339
62.9145
62.0535
63.1782
62.4293
63.9379
62.3169
61.416
62.4765
62.0114
64.0554
61.5997
63.8525
65.7295
63.3815
63.7344
64.029
65.6459
64.1848
63.9538
63.7598
65.3501
62.0684
67.0855
66.4149
64.4116
64.3514
65.8424
64.0772
61.8449
63.5656
62.4234
63.2292
67.325
59.9573
59.5253
56.9155
58.9235
61.9225
60.3051
64.5322
60.571
61.4813
61.602
63.8417
67.7594
59.8146
64.227
63.8678
60.9893
59.2041
60.3534
64.5778
67.5065
62.4563
62.1833
62.286
66.9856
62.7719
66.2699
62.7299
58.1801
61.4164
61.6485
64.4917
63.3724
61.36
64.2196
65.5012
62.8315
62.7003
59.8234
58.2435
62.1573
62.2033
65.6315
59.3785
64.9757
59.1269
59.9295
66.4051
61.8543
61.4763
59.6098
62.9427
60.8425
60.6665
63.3148
62.9108
61.8271
58.4264
65.3707
65.312
60.7428
65.3757
61.1455
64.8615
64.4585
60.1647
59.4087
61.6944
60.8986
61.0158
60.5687
62.4722
65.0385
65.693
66.7863
63.0705
63.8271
63.9097
64.184
60.3167
65.1935
63.8475
65.9333
65.817
64.6006
62.1432
61.9303
66.3013
66.4814
61.746
64.0562
60.8108
63.9074
66.0467
65.781
62.4215
62.4988
64.7078
65.768
59.5465
63.2057
64.4891
65.8179
59.7236
63.2656
61.7571
60.6239
70.2083
63.8238
65.2118
63.7665
63.3647
61.3456
60.8424
64.963
66.5904
63.2105
58.7294
60.9177
58.0141
60.607
66.3956
60.0166
60.6484
63.0744
60.4369
59.4353
62.9402
60.6847
62.2699
66.0251
62.6401
69.1141
56.6886
59.8176
63.248
64.6492
58.0219
57.5174
61.3491
57.5554
61.4367
63.056
62.882
59.4686
57.1882
61.4655
65.2441
66.1254
63.2496
66.8569
65.3503
66.2046
62.9572
64.3273
69.1822
63.3378
63.3671
61.5404
67.6093
61.1384
64.5286
67.205
61.4564
63.7559
63.2075
61.5977
59.7026
65.2348
64.7018
58.8454
61.3577
62.3954
63.1017
62.9763
60.9267
62.3297
61.8738
61.0371
60.6863
63.7679
63.4756
61.589
63.2128
62.1552
63.4328
63.0027
58.7266
65.6676
62.805
59.9224
63.7215
61.3931
62.0091
63.589
62.5079
64.1328
63.0057
64.7214
65.2655
58.5128
63.0378
66.8156
62.1715
63.0904
61.1938
63.1316
60.0046
87.3387
61.8822
59.1559
64.176
64.237
64.8246
62.923
67.5581
61.855
64.317
62.8772
68.1513
63.9579
61.7831
66.908
62.2117
61.4329
64.6696
66.0703
67.6375
65.121
63.6324
67.0236
67.4099
63.4815
65.724
63.1421
61.7455
58.2975
59.2546
57.955
60.9353
62.1537
58.3015
59.307
61.2288
61.4369
62.0699
62.4107
59.5444
62.1319
65.0301
59.6383
64.5183
61.6124
60.557
67.6613
60.1104
60.3521
65.9255
63.7969
62.4872
63.9515
62.5805
61.0179
64.3962
63.9851
60.6074
63.5058
66.5371
63.3979
62.1844
61.7818
60.7357
65.6386
62.4088
60.2312
57.6398
64.9789
60.7856
62.47
62.5218
61.9509
62.5184
57.9789
57.9392
63.4276
62.6795
60.4491
63.1487
69.9636
63.5061
62.0487
61.194
65.4556
59.797
56.6927
65.8691
59.309
61.3827
57.9396
64.3751
65.2677
65.184
65.6989
61.302
65.1204
63.5968
57.9833
59.1742
60.3653
65.7167
65.7827
58.0305
66.5986
63.2569
60.4968
64.0443
63.6096
66.51
61.1872
62.7804
62.4604
60.8765
64.1312
62.0294
62.3706
64.2523
62.7865
63.2282
62.9668
63.8129
66.5466
64.6735
60.7304
69.1156
61.5276
65.2802
63.9236
65.2602
62.2757
60.0174
60.8534
62.5113
63.0253
61.7403
68.0002
69.3283
60.045
63.2688
65.3488
57.1585
62.0461
66.1285
69.9723
63.0345
61.5948
63.3717
64.9899
60.8662
63.1888
62.5837
59.78
63.1549
62.5658
60.8059
65.6882
63.6384
60.5155
61.2748
58.2723
62.0219
58.5191
65.2851
64.9205
64.1838
64.2566
67.3196
67.2081
68.148
70.6661
64.0039
60.8362
63.3087
70.2358
68.8786
60.019
60.1705
64.2154
62.3741
62.416
64.7588
58.634
60.6599
62.8044
60.3175
62.2929
58.349
61.4935
63.8478
64.8844
64.1116
61.9041
61.5046
61.3081
63.9718
61.7562
59.9561
61.9182
60.6477
56.7919
59.8143
61.8554
57.1456
57.7487
61.0487
61.9092
62.7099
63.3091
60.8088
63.5637
63.3172
67.1308
63.5123
65.0681
63.8959
61.716
62.709
64.7699
62.1933
66.2508
64.3287
63.9829
63.9553
59.2804
61.4227
61.9957
64.616
63.6909
66.8822
64.2401
65.9934
64.8981
65.5244
58.3627
60.2572
57.171
58.7532
61.4595
63.5462
59.2231
60.3865
64.9775
63.8463
65.4433
60.5982
61.5572
59.9412
62.4963
61.754
61.4136
56.4885
54.2972
55.2219
57.8958
61.3112
61.1947
62.7289
56.9779
64.7811
61.3211
63.3245
62.6597
66.279
66.2162
64.4882
62.6529
62.494
63.3219
64.2515
65.6235
58.3018
61.3436
59.0209
61.4028
61.597
62.3204
59.1536
65.5092
61.7122
65.2158
60.5467
64.1204
59.7724
61.8176
65.8023
62.9803
61.2397
60.4073
63.9448
59.0324
65.9696
65.4165
62.3952
60.2621
64.2959
61.8057
60.5548
62.9348
64.3657
60.9682
60.7185
64.1977
63.3522
60.961
61.1993
65.9949
59.8725
63.3525
65.4989
64.3391
58.6481
62.4222
61.7308
64.2882
66.4153
67.4464
64.3837
64.7075
61.3565
62.4369
63.0268
66.2601
63.6068
64.0893
67.049
58.8961
58.7087
58.5487
65.467
61.4612
61.3129
62.6385
64.8828
60.6493
60.8921
60.2918
67.5792
58.1047
59.5974
55.0058
59.1752
63.3965
59.8742
60.8762
63.6974
64.5633
67.3295
64.4905
65.9524
64.3595
58.633
61.2181
65.2678
57.4925
58.5186
59.9237
59.4436
62.7406
62.578
65.3072
66.0178
61.5128
62.4613
59.2849
57.8537
63.4646
62.8076
64.985
62.5383
66.2279
62.1124
60.0993
62.8404
62.6958
62.7416
53.8874
53.3967
55.3765
64.1217
55.2713
58.8562
60.1226
54.1707
53.6058
54.8403
54.8098
55.0167
54.9471
55.6405
55.5591
55.0635
54.3847
54.077
55.6389
60.0971
54.4135
54.7465
54.8485
54.5093
56.4482
56.3663
56.3533
53.6512
56.3663
57.0502
60.1797
54.377
53.8522
55.0503
60.0469
56.2123
54.1532
54.1165
54.1171
55.3884
58.2538
56.857
54.3651
58.7771
61.6726
62.6135
56.1766
59.0566
53.8751
55.0581
53.327
53.2896
53.051
52.8073
53.0466
52.6812
52.7698
52.8018
52.9073
52.5528
52.9333
53.423
52.7284
52.4276
53.9436
52.9169
52.3462
53.513
53.3337
52.724
53.1075
52.6027
53.1163
53.8819
53.1778
53.1265
52.1428
52.7035
53.1432
52.7685
53.5587
53.6007
52.5265
52.9108
53.6529
53.1395
54.4879
52.2738
52.7481
52.618
57.687
53.9472
52.6938
52.2657
52.9468
53.4145
53.3246
52.8461
52.2513
52.4981
53.598
52.3134
52.5011
52.7241
52.569
52.5385
52.4153
53.0881
53.1048
52.4685
55.6132
53.4581
52.6302
52.6666
53.0032
52.8939
52.2178
53.0929
53.4025
53.256
52.4677
52.4873
52.3538
52.8394
52.4048
51.741
53.7253
52.8369
53.1699
52.7108
53.3961
53.8007
52.1059
53.0303
53.5559
52.3463
52.6597
52.4618
53.3158
53.3162
55.0982
52.7201
52.8762
53.0385
52.3267
52.8057
52.824
52.9008
52.5827
53.2953
52.8736
53.4677
53.0127
53.426
52.625
53.0069
53.1179
53.2012
52.7623
52.7574
52.8272
52.8981
52.3723
53.9369
53.072
56.5697
52.8644
52.7323
52.9111
55.2989
53.0076
53.2091
52.8777
52.6644
52.9248
53.2855
53.2208
53.151
53.5725
52.6907
53.2164
52.8643
53.1852
52.6871
53.4474
52.8174
52.5012
52.6137
53.228
52.3749
52.9369
53.2744
52.8625
52.8486
57.2102
52.4588
53.5493
53.3567
56.8357
52.9277
53.1153
52.6739
52.6284
53.3028
53.1129
53.1764
52.1492
52.5787
52.7122
52.6515
52.8347
52.7215
52.6958
52.3409
52.5071
52.545
51.8998
52.9977
52.6434
52.8576
52.5184
52.2375
53.011
53.0767
52.4587
53.0643
53.0309
52.147
52.412
53.7387
53.0054
53.0108
52.8699
54.111
52.2069
59.9073
52.502
53.0756
53.3647
53.1077
52.5991
51.748
51.9539
52.5855
52.9564
52.977
53.1411
52.8273
52.3616
52.7699
52.6446
55.577
53.4187
53.8429
52.6977
53.2721
52.8469
52.5699
53.0003
52.5523
55.2493
52.8207
53.2083
53.3422
52.1489
52.3231
53.2063
53.0036
52.6455
52.7669
52.8329
52.3269
52.3368
54.0539
54.6972
52.3369
52.8739
55.209
52.9643
52.0386
52.3568
53.264
52.2224
53.3865
53.0253
53.7029
52.3342
52.2343
55.7206
52.2402
53.1879
52.5833
52.5654
52.9772
52.4025
52.9335
57.5439
52.9858
52.6555
53.349
53.9584
52.9411
52.7646
53.3449
52.5412
52.5123
52.0906
52.9644
52.503
52.9502
52.3656
57.6235
53.1321
52.7682
52.4859
52.5778
53.2524
52.3021
52.9764
52.619
53.1023
52.8996
52.6788
51.9111
53.1997
52.6107
55.6403
53.1619
52.6553
53.4712
53.0155
52.7485
52.2478
53.2161
52.5964
53.0233
52.3294
52.6977
59.0462
52.2008
52.2654
52.9846
56.6299
52.8105
53.7273
52.3677
53.1287
52.2661
52.6448
53.1159
52.8198
56.7486
53.8833
52.5234
52.4413
52.7625
53.2816
53.1545
54.0208
52.5934
52.8677
52.9803
52.4283
53.0574
53.4954
52.5297
53.2564
55.2471
52.8913
52.709
52.814
52.7153
53.6584
53.2531
52.5724
52.8123
53.2074
52.7026
52.4695
52.8961
53.028
52.5397
54.003
53.1047
53.436
53.6194
52.3172
53.4391
53.3264
53.1325
52.5965
52.6694
52.9773
65.7234
55.922
51.8452
52.6739
53.0633
52.8256
53.1318
58.812
53.4633
52.5219
53.2606
52.896
53.2423
53.4002
53.6372
52.6353
56.5669
52.8974
53.3026
52.4504
53.1514
52.804
53.0799
53.0082
52.5188
52.6335
51.9521
52.3809
52.8776
53.1911
53.0843
52.4552
53.1188
53.4583
52.79
52.7478
52.4485
53.1252
53.1897
52.9175
53.1066
52.5134
53.1696
53.0627
54.0296
52.5473
52.5324
52.5904
53.2147
53.1726
53.056
52.7546
53.6069
52.9888
52.104
52.4261
52.8509
52.9285
52.443
52.9402
52.8938
52.8483
53.5224
51.9645
51.9936
52.7834
52.7721
52.6483
52.5171
52.7956
52.5591
53.3505
52.3505
52.6306
52.2538
51.8364
53.1902
53.102
52.7355
53.7632
53.0643
52.7068
53.8376
52.8693
52.7799
53.6724
58.3574
52.7376
52.809
53.9358
52.1443
52.2606
52.0446
53.2315
53.5553
52.6066
52.8438
58.2069
52.4897
53.9775
52.8935
52.8991
53.115
52.6866
53.4578
52.9709
53.0611
53.0899
53.4696
52.221
52.0551
52.6923
53.1467
52.4386
52.4013
52.5344
52.5379
52.6901
53.0214
52.8097
52.7388
52.3692
53.2753
52.975
52.7354
52.669
52.9723
53.0463
52.1181
52.9811
53.1654
53.1592
53.2343
52.7081
53.3121
52.7917
52.2035
52.251
55.6736
52.3045
52.5163
52.5019
55.8403
52.8739
51.9735
53.0305
52.5896
51.8806
52.7336
52.5133
52.6699
52.9675
52.6633
52.2955
52.735
55.9453
52.9905
52.531
53.9407
52.9231
52.6477
52.9388
53.0698
52.7023
52.8843
52.4756
55.3586
52.6688
53.2353
52.9286
52.9296
52.2895
55.9059
52.8297
52.7258
53.0932
52.6906
63.6195
52.3469
52.3895
53.4007
52.1511
52.8532
52.8954
52.3198
53.2271
53.0156
53.1796
52.263
53.1225
52.3708
52.5589
52.4701
52.5973
52.8253
52.9514
52.97
52.4887
52.9577
53.068
52.6241
53.2205
53.4026
52.913
52.7947
53.5098
52.0271
58.0201
52.4834
53.1793
52.8865
53.5048
52.2226
52.8984
52.9237
53.3111
56.2607
52.4059
53.0664
54.1338
52.6301
53.0014
54.0075
51.7755
52.8444
52.7393
57.582
52.0291
52.8504
52.884
51.9294
53.4096
53.1231
52.6014
52.38
52.249
53.3885
52.4541
52.6597
52.8145
53.3668
55.6286
52.4927
57.6465
52.2986
53.1877
52.6916
53.077
53.5074
52.5076
52.7408
53.0915
52.6637
52.1831
53.06
52.6237
53.2967
53.1031
54.8326
52.141
52.5853
52.6307
53.3077
52.8379
52.3291
52.6905
52.523
53.164
53.8978
52.441
52.8456
52.194
52.7859
52.7928
53.0037
53.1663
53.0785
52.7299
59.6004
52.9905
52.8136
53.204
52.2184
52.7934
53.6461
53.0136
53.0327
53.2035
52.1573
53.8421
52.3833
52.4073
52.8952
52.8884
52.4664
53.0689
53.2969
52.8649
58.398
52.9612
52.87
58.5924
53.0163
53.47
52.5266
52.8741
53.0022
53.0834
52.7468
52.0826
53.8522
52.5156
52.8565
52.9025
52.7929
53.3779
52.9109
53.196
52.6546
53.1133
52.4393
52.6241
53.5216
54.5889
54.0859
52.5102
53.3622
53.1372
52.7069
52.8988
52.8764
52.7688
53.0971
53.2832
52.742
52.5792
52.2651
53.0573
52.4693
52.7545
53.1959
54.0725
53.0778
52.6985
52.4264
55.5334
52.7225
52.5507
61.9643
53.2795
52.4687
52.6965
53.1395
52.6647
52.4861
52.3959
52.6614
52.7543
53.3234
52.4833
52.8552
53.0155
51.8329
52.4522
53.2784
52.9937
53.4445
53.1595
53.5661
52.6899
52.5234
52.2999
52.0204
53.2159
53.4175
52.3633
53.5894
53.0242
56.7872
53.3835
52.4606
53.0593
52.9229
53.7574
52.8323
52.6555
52.3434
52.6881
52.7327
53.2778
52.6784
52.7868
52.9098
53.5511
55.7306
52.977
52.6377
52.432
52.7304
53.1051
54.0908
52.9312
52.2243
57.3023
52.839
51.915
53.3654
54.4017
52.9616
53.1075
53.1034
52.7545
53.5724
52.3101
52.3736
54.6515
52.7082
59.4609
53.3864
52.5579
52.6287
52.4642
52.7087
52.3522
53.028
53.1596
52.8557
52.9277
52.5199
58.7842
53.0484
52.4649
52.3791
53.3076
55.1223
52.8182
56.0871
52.6332
52.9146
58.1552
61.454
52.9078
52.6303
53.5068
54.1614
52.2442
54.3081
54.5434
52.1011
53.0196
52.4722
52.8354
52.0205
52.1035
56.1859
53.2288
51.6422
52.9464
52.286
52.4602
53.0464
52.8501
55.0183
53.2155
52.7046
52.3645
52.5014
52.473
53.454
52.742
52.8852
52.9897
52.7483
51.9985
52.8965
52.1235
52.3109
52.8683
52.2287
57.414
52.365
59.1332
53.0081
52.5748
56.1705
52.0037
53.1899
52.9741
52.9469
52.0754
53.2635
52.9177
52.3855
53.1865
58.4075
52.5434
52.9033
53.3958
52.8271
53.2137
55.3316
67.4559
53.0587
52.8346
52.1527
52.7453
56.3174
52.7039
53.3316
52.8075
52.5055
52.7984
52.824
52.4258
53.3919
54.8036
52.6799
52.923
52.9543
52.9078
53.1075
52.9756
61.942
52.9257
52.6232
52.9473
52.509
52.7435
53.0622
57.5607
52.4239
52.336
52.9567
52.7009
52.2919
52.7786
52.7111
52.8142
52.7919
53.1728
52.8356
52.9277
53.1155
52.7541
54.004
53.311
53.0283
52.8778
52.981
52.5751
53.3833
53.253
53.6126
52.8954
53.0881
60.0355
58.2289
52.7946
52.3859
52.1897
52.965
52.6073
52.0569
52.3939
54.9078
53.2796
52.9665
52.5259
52.2639
52.7549
52.9594
53.6028
52.2245
57.708
52.346
53.2624
52.829
52.4932
52.6525
52.7278
52.9358
52.942
52.1354
52.4979
52.297
53.0807
56.0533
53.6309
52.4831
53.1224
52.8602
55.6257
55.1853
52.5185
52.72
52.8322
57.201
53.0543
62.5201
52.6872
55.0575
52.6701
53.8068
52.6825
52.7021
52.8027
52.4349
51.9185
53.7662
52.8649
52.0249
52.1615
58.0403
53.0072
61.6245
52.5292
52.4895
52.8606
53.1514
52.9751
53.0787
52.178
52.8407
52.7074
52.7395
52.4248
52.4303
52.4062
52.3763
52.7589
52.6637
52.8768
52.2092
53.6527
52.9166
52.6899
52.5818
52.0769
53.0124
52.6854
52.4248
53.0207
53.2666
52.8794
53.605
52.222
53.6715
52.8856
52.8814
52.436
52.4573
53.0427
52.4378
52.8501
53.0707
52.5961
52.482
53.4245
53.2091
53.5938
52.6988
53.2578
56.0741
52.8312
52.4902
60.1815
53.5766
52.9198
52.9316
52.8195
56.411
53.052
53.0405
53.8172
53.1054
53.0018
52.5301
53.5564
53.3095
52.0676
53.2328
52.4153
53.4488
52.5207
52.7759
52.6707
52.6829
52.7276
54.1691
61.5051
53.2657
53.2148
56.5964
53.177
52.6614
52.8629
53.08
54.1232
54.6663
53.0624
53.2654
58.5364
53.0274
52.5074
53.4167
52.923
52.5586
53.163
53.1249
52.6433
53.3325
52.3691
52.1753
53.8049
52.3565
53.1455
53.168
52.4151
52.5867
53.6992
52.4604
52.4314
52.7273
57.4454
53.3948
52.5059
52.189
53.9509
53.4194
52.8163
54.1416
52.4844
52.831
54.2411
52.0986
54.2548
53.5455
52.418
53.9726
53.6415
52.1553
52.8098
53.3743
53.3844
52.5676
54.0447
57.6683
54.6757
57.3819
52.6376
53.3834
53.1202
53.6888
55.8952
55.2162
52.7838
56.276
53.9136
53.5431
58.4876
53.8829
52.9401
57.1568
54.0334
53.2112
52.7406
54.0521
53.0859
54.3518
53.3555
53.7146
59.7982
55.9167
55.6264
55.6352
55.6478
66.8854
55.5877
53.4916
54.6181
54.0093
60.0588
54.0264
53.256
55.6324
55.096
59.5663
53.1306
55.049
55.0687
56.4664
53.3854
52.6836
55.5871
58.0968
53.9892
53.7534
53.19
52.7242
51.8956
54.2651
52.8458
53.3229
53.9043
53.4419
52.748
55.2671
52.5984
53.3442
54.8484
55.1012
53.6344
59.0817
54.8538
53.05
53.8661
56.4882
52.2248
56.6499
54.1438
56.24
53.5148
57.8404
53.0163
53.9655
54.3082
52.8194
53.5745
58.3493
54.1508
55.6889
52.7047
53.5526
53.1705
53.1035
53.6816
52.7613
54.2414
55.1556
57.9466
52.6997
53.5424
54.1886
52.8675
53.7446
53.2637
54.3517
53.1969
53.9241
53.0607
53.6763
54.4215
53.2516
59.1233
53.3767
52.982
53.4253
53.5139
52.3806
53.7495
56.2928
53.0548
53.2009
59.3206
54.3278
55.0571
53.0539
53.2313
52.5982
52.8319
53.2973
53.7155
53.388
52.7974
53.1869
53.8428
53.9959
53.5681
54.0161
52.6006
53.1818
57.8258
53.5401
53.299
57.2026
55.9347
52.9171
56.7047
53.7121
52.6898
52.901
56.2308
54.3966
52.6592
54.2317
53.165
54.0248
53.3547
53.2523
54.495
58.4616
59.3712
53.5185
54.4812
53.8022
53.255
54.7096
53.6324
52.641
54.3287
54.0657
54.0996
56.6025
54.9841
53.0402
55.2051
53.3641
53.0877
53.0267
54.0205
52.345
53.2261
53.6248
53.389
53.2225
53.7496
53.0286
53.1374
55.3876
54.5503
53.5181
54.7616
62.3751
53.1666
53.4881
54.5526
52.9595
53.1081
52.7725
53.6291
54.117
53.2475
54.7253
53.1365
54.3082
53.0989
53.8746
53.7976
52.5526
53.8323
52.8085
57.984
59.2103
53.0535
53.4123
53.1928
52.9614
53.8429
53.616
54.7422
54.694
52.3219
53.6348
52.9123
53.3865
53.5943
52.7866
53.7674
52.8576
55.9769
53.0799
54.5809
52.7206
63.4338
52.7873
54.8787
52.8451
54.5169
53.6784
52.7159
53.0303
52.3317
53.5617
52.7542
55.6961
53.4216
53.2644
53.8317
53.796
53.9723
63.3809
52.6749
53.0771
53.3784
54.412
53.5611
57.2735
53.0713
54.0074
53.3009
53.3611
56.6554
53.3644
53.6656
53.7969
54.8555
52.5619
54.7334
53.4121
53.55
52.3662
56.7052
52.584
54.7224
53.6309
53.6944
53.2548
54.0753
54.0061
56.3218
52.8805
54.012
54.0712
52.8033
53.0607
54.3204
53.1121
53.3963
53.8569
53.666
53.0134
53.0136
56.9712
53.1131
54.6203
52.9707
54.3314
60.154
53.1475
54.082
52.7251
54.2667
53.6107
53.3905
54.4404
54.1592
53.3911
53.5266
55.1484
52.6933
54.9849
56.3462
53.5617
52.8754
52.6413
54.4832
54.243
54.601
52.9913
53.3171
54.8156
52.7087
53.6487
52.8902
54.4501
53.2363
54.1381
52.5471
53.3554
52.9374
54.8015
53.5459
53.9365
53.5166
56.1907
53.4987
52.6286
55.7989
53.2151
56.1653
52.7716
52.9306
58.2616
53.5598
52.823
56.17
53.1186
63.7867
53.5242
52.8623
52.5752
54.7628
53.7848
53.7676
53.7917
57.6501
53.3498
52.5293
53.7591
53.2124
58.6702
54.4468
54.0505
56.3144
52.4319
53.9242
56.214
53.8238
53.462
54.5621
53.3219
53.9005
52.2547
53.9939
53.8641
55.1095
60.0117
53.4585
62.592
53.4026
53.7212
53.4758
52.7898
54.3545
53.9145
55.3099
54.3679
55.7998
52.9706
52.9569
53.7249
53.5931
53.2968
56.6396
53.4796
53.8313
54.1328
52.5489
54.1636
52.5771
54.4581
53.063
53.1589
52.5786
54.1821
52.8039
58.9222
53.3537
52.5449
54.1115
57.4021
55.176
53.4136
53.2289
56.1643
54.8249
52.4291
53.2524
53.5526
53.107
53.5694
55.6544
53.571
54.2349
54.1012
54.3418
53.2321
53.6564
55.5533
53.8114
55.2831
53.7308
53.5108
53.6839
53.3544
53.1614
53.9841
53.6921
55.2533
53.8412
52.853
53.7566
53.3858
53.5937
53.7723
54.0453
53.6827
53.9063
64.2224
54.4185
53.3713
61.8602
52.6199
53.9254
54.7735
53.644
53.5794
54.8241
53.1975
52.7695
54.2501
52.8784
53.0404
53.8752
56.7803
52.853
53.7012
54.4746
60.0646
53.2317
52.7903
59.0135
52.3454
52.4748
53.2812
55.3366
54.6442
53.4944
52.5272
52.5814
52.6487
53.7559
52.8082
53.7103
53.394
55.8825
53.1136
53.8582
53.6514
53.8706
53.154
53.4512
52.8765
53.0038
53.8854
53.3664
52.7154
53.6903
55.2362
57.8116
53.2725
53.8215
54.1807
54.0706
52.9654
53.5785
54.0561
54.3433
52.8307
53.8322
52.9235
53.1899
52.6155
53.6585
54.5981
53.2114
52.8941
59.7831
55.4283
53.1955
53.4863
53.6625
53.1828
52.6943
53.3404
59.5806
60.1102
53.1595
54.0973
52.9884
57.6953
62.9158
53.5285
55.1439
53.445
53.0562
57.8351
53.3451
53.4081
53.494
53.0526
54.3005
53.3519
59.891
53.1724
53.753
53.7063
53.1761
53.9032
53.3435
60.0103
53.2613
53.7697
53.4839
53.1445
56.6829
54.388
52.9902
53.8859
52.9126
52.523
56.5177
55.9168
53.9736
53.0723
53.6305
53.1358
53.4431
58.9315
53.4385
57.6828
52.949
54.4889
53.4242
54.2138
52.8113
54.5206
53.2899
53.7808
52.5424
55.6584
53.3452
54.1377
54.561
53.4763
54.0756
60.8774
52.8325
61.0737
56.8306
53.5532
54.4785
53.0966
54.3637
53.9443
52.8086
53.1276
54.4666
52.6749
53.7566
53.051
52.8401
52.9855
56.658
53.3295
52.8167
53.3183
53.1614
53.8425
53.5383
53.3291
53.5567
53.2123
61.2001
61.1067
53.6491
53.8929
54.4103
52.5201
54.9096
53.8594
53.3504
54.1386
52.9688
54.2096
53.7361
54.6722
53.5237
70.8744
54.0555
53.0651
54.0421
53.035
53.627
58.435
61.3133
53.2499
54.0334
52.4758
53.602
57.1963
53.5184
53.5153
53.0931
54.2239
52.8228
52.7133
53.5388
53.6172
53.858
58.2811
53.9752
53.0126
53.3155
53.4685
52.5185
53.8665
52.9069
54.0507
58.5007
53.6073
53.5051
53.4572
53.3598
58.1945
52.5435
53.6206
54.3731
53.9613
55.2465
53.2864
55.0506
54.0544
53.7096
57.0624
53.5854
53.5815
53.795
53.7949
52.9447
52.9661
53.3366
53.6675
52.943
57.3567
54.8965
54.488
53.5221
53.3921
53.9622
56.7466
61.2088
52.7221
53.8061
54.6497
52.9721
53.7366
52.6906
53.4441
55.7481
52.9902
53.4683
52.9801
53.1882
61.7794
58.0573
52.9647
53.2858
54.1513
54.0227
53.7672
54.4778
52.5757
53.276
52.9092
52.8581
52.1417
53.945
52.3425
53.1951
67.1539
59.2619
52.6178
53.4254
54.4935
53.8938
53.885
53.6237
53.9992
52.6673
55.4821
52.6983
53.4812
53.4143
52.1865
53.6995
53.4255
53.0534
53.9655
56.5762
54.4218
54.0411
53.0635
53.3067
53.3779
54.2284
53.3674
53.1912
53.0838
53.8716
53.0454
53.3601
53.667
53.8786
53.2725
52.9134
54.5911
54.1922
54.9865
52.4701
53.9399
53.4114
54.2196
53.1826
58.1285
53.2504
53.9035
53.1119
54.0846
53.3821
54.1198
53.4827
53.6409
52.9369
55.0347
53.0828
54.2907
52.822
52.0381
54.5277
53.6935
53.1586
54.3385
59.0188
53.5672
53.2662
53.0063
54.3502
54.9462
57.7659
53.9013
53.8659
53.7793
53.4725
52.9865
57.8055
54.8346
53.3577
58.9096
54.7882
53.5219
54.2069
54.0516
52.7281
52.1153
53.8514
52.8962
53.2388
54.4973
52.5351
53.4107
53.9512
54.2
53.2732
59.3716
52.6947
53.5154
53.8966
52.8719
53.2301
53.4727
53.3541
52.9694
52.618
53.8747
55.0391
54.2301
54.599
57.3599
53.67
53.5789
52.7518
52.6204
53.1803
58.4125
53.0935
53.076
53.6918
54.6189
53.3739
53.0205
56.5358
53.4181
52.8984
53.4825
53.3574
53.481
53.5848
53.9577
53.3945
53.5322
53.0202
53.2408
54.0134
52.9139
53.324
52.3368
53.2251
53.3324
53.7892
54.7023
54.1356
53.6797
53.4542
53.3212
53.3494
60.6748
53.2817
53.7558
53.1549
52.8557
57.064
54.0058
58.2212
53.2782
53.5862
53.9978
53.3707
53.1126
53.0607
53.0408
57.6185
53.5157
56.9181
52.637
55.5496
53.0389
55.5589
53.5681
53.8872
55.3036
53.0584
55.0526
53.8631
54.067
53.1856
53.7917
53.3605
54.7933
55.7697
53.1656
58.4221
53.4137
56.67
52.5885
53.4283
53.3223
52.1798
53.2503
53.8638
53.6997
54.3946
55.0728
53.3264
57.8286
52.3375
52.2895
53.4695
53.1713
53.4495
52.4854
52.8093
54.303
53.0712
53.1577
59.5327
54.8547
53.1004
59.5754
53.3115
53.1721
53.0382
54.4728
53.4098
63.2971
53.9749
52.3874
54.0986
53.6894
53.109
53.2386
53.1942
52.4181
58.1908
53.3
53.5444
53.6148
56.3864
52.9194
54.2457
54.1732
52.7316
54.3688
53.5731
52.9058
53.1907
53.5997
54.2562
53.129
53.8558
53.1817
54.3621
56.2917
53.0515
54.6103
53.7217
53.0288
57.5151
52.8618
53.3794
54.2886
53.4243
52.5243
52.9426
54.7631
54.181
53.1475
53.441
52.9766
53.6997
53.2446
53.4124
53.7743
52.2999
53.5739
53.6109
53.1043
54.1255
52.8469
52.929
52.7301
53.4957
53.6124
52.9874
53.365
53.7732
54.8576
53.2043
54.3923
53.6226
53.0586
55.303
52.7102
52.7732
52.8334
53.1103
52.6035
52.7772
53.6419
53.9218
53.5768
52.7453
52.9598
53.3959
53.9832
53.1599
52.9306
52.8465
53.8806
59.9721
53.9388
53.0712
54.0501
53.4044
62.985
53.4845
53.2214
75.3672
52.1952
53.0652
53.6814
53.1994
52.7947
53.916
53.4727
54.4689
54.3966
53.3884
53.0231
53.8892
59.073
53.6618
52.8529
53.6924
54.9301
57.435
53.8422
55.9122
53.6523
51.9712
53.3295
54.4171
53.8002
53.5174
53.7798
53.2321
52.9561
57.4524
52.1081
54.8144
53.6615
53.4855
52.8423
53.508
53.3276
53.3614
53.038
53.6995
53.4925
53.3512
53.4777
52.8239
53.8496
53.8807
53.0024
52.7535
53.1859
52.8008
53.9859
54.6678
52.5908
53.0716
58.4206
54.0532
56.0481
53.3842
53.2903
53.2607
53.1923
53.55
52.6011
53.4603
63.1943
53.3783
53.9374
57.6418
54.3908
54.3652
54.2937
54.5924
56.612
52.8435
53.253
53.9521
53.4007
53.3721
56.0587
54.2736
53.3563
54.0483
58.2744
53.8878
54.3159
53.5683
59.3861
56.9435
52.4195
53.0969
54.9241
52.9772
53.4599
52.5577
52.9049
52.9604
55.1894
53.9582
53.2151
53.1371
53.6424
53.689
52.2749
54.3735
54.0715
54.307
54.066
53.2171
62.0224
53.2372
61.8536
53.9912
53.6825
53.6125
58.6303
53.9798
54.7724
54.0711
54.1322
53.5926
53.7004
53.1485
53.9015
53.3334
53.7365
53.6849
54.3935
52.2177
57.4911
53.9797
52.6983
52.8662
53.5746
53.6314
54.9047
53.8947
55.0888
54.2998
53.8273
54.0987
53.0382
53.731
52.9251
54.2749
56.341
53.6222
62.1375
52.2863
53.3116
53.2797
52.8225
54.1419
52.8232
53.2879
53.0089
53.3177
