Timp in Milisecunde
1.0323
1.0337
1.0326
1.0344
1.0358
1.0342
1.0322
1.0301
1.0375
1.0319
1.0351
1.0332
1.0414
1.0387
1.0375
1.0366
1.0489
1.0313
1.033
1.0326
1.0349
1.0335
1.0305
1.0506
1.032
1.0414
1.0328
1.0318
1.0374
1.0396
1.0365
1.0325
1.034
1.0373
1.0385
1.0339
1.0915
1.0368
1.0328
1.0318
1.0332
1.0355
1.0328
1.036
1.0334
1.0351
1.0333
1.1212
1.0361
1.0392
1.1385
1.0351
1.0344
1.041
1.0317
1.0359
1.0341
1.0343
1.0345
1.0409
1.0348
1.0573
1.041
1.0331
1.0295
1.0316
1.0302
1.0356
1.0333
1.0351
1.0304
1.0485
1.0351
1.0911
1.0378
1.032
1.0344
1.0796
1.0342
1.0608
1.0319
1.0318
1.0333
1.034
1.0319
1.033
1.0503
1.051
1.0318
1.0329
1.0382
1.0352
1.0342
1.0384
1.0418
1.0375
1.0324
1.0349
1.0431
1.0329
1.0353
1.0341
1.0355
1.0324
1.0349
1.0315
1.033
1.06
1.0335
1.0321
1.0328
1.0292
1.0372
1.0477
1.2269
1.1011
1.0566
1.0308
1.0312
1.0369
1.0566
1.0358
1.0354
1.0316
1.0309
1.032
1.0371
1.036
1.0342
1.0378
1.0372
1.0364
1.053
1.0331
1.1147
1.0377
1.1622
1.0688
1.0326
1.0328
1.0359
1.0321
1.0315
1.0408
1.0361
1.0368
1.049
1.035
1.0308
1.0327
1.0341
1.029
1.0305
1.0354
1.0296
1.0313
1.0326
1.0393
1.0355
1.0989
1.0311
1.034
1.0346
1.0329
1.0349
1.0325
1.0354
1.0335
1.0348
1.0339
1.0326
1.0342
1.0354
1.0313
1.0303
1.0328
1.0321
1.0335
1.0345
1.0382
1.1024
1.0458
1.0351
1.0323
1.0328
1.0321
1.0346
1.0512
1.0337
1.0389
1.0389
1.0839
1.0481
1.0335
1.035
1.1086
1.0325
1.0394
1.0361
1.0363
1.0343
1.0323
1.0347
1.0336
1.0325
1.0354
1.0358
1.0302
1.0051
1.0312
1.0564
1.0316
1.033
1.0316
1.0387
1.1355
1.0352
1.0338
1.035
1.0356
1.0454
1.0361
1.0327
1.0349
1.0353
1.2187
1.0329
1.0343
1.0362
1.0388
1.0347
1.0324
1.0342
1.0441
1.0345
1.0307
1.0355
1.0349
1.1811
1.0313
1.0346
1.0299
1.0319
1.033
1.0355
1.0319
1.0542
1.0315
1.0345
1.0337
1.0415
1.0317
1.033
1.034
1.0359
1.0349
1.0326
1.0347
1.0337
1.0331
1.0318
1.0987
1.0365
1.0358
1.0319
1.0326
1.035
1.2583
1.0317
1.0331
1.0434
1.0397
1.0366
1.1242
1.0311
1.0298
1.0362
1.0815
1.0659
1.0368
1.0409
1.2217
1.0385
1.0406
1.0332
1.0356
1.0317
1.0299
1.0318
1.0321
1.0351
1.1385
1.0346
1.0301
1.04
1.0636
1.0284
1.0306
1.0418
1.0432
1.0631
1.0398
1.0387
1.0347
1.0349
1.0362
1.0296
1.0303
1.0408
1.088
1.0372
1.1119
1.032
1.065
1.0353
1.0321
1.029
1.0343
1.0323
1.0384
1.0976
1.0316
1.0345
1.0336
1.0333
1.0336
1.0397
1.0552
1.2792
1.0316
1.0339
1.1148
1.0377
1.0847
1.0478
1.0417
1.2287
1.0409
1.0359
1.043
1.0324
1.0432
1.0403
1.1046
1.0343
1.0312
1.0353
1.0312
1.0371
1.0295
1.0379
1.0341
1.1621
1.0332
1.0318
1.038
1.0434
1.0387
1.0743
1.0338
1.0349
1.0327
1.0362
1.0518
1.0374
1.034
1.0412
1.0417
1.0341
1.0326
1.0318
1.0398
1.0329
1.0451
1.0829
1.0346
1.0459
1.0428
1.035
1.0322
1.0343
1.0334
1.0386
1.0312
1.0332
1.0749
1.0382
1.0317
1.0331
1.0362
1.1026
1.0344
1.0299
1.0342
1.031
1.0754
1.0705
1.0344
1.0331
1.0373
1.0362
1.0338
1.0334
1.0352
1.0438
1.0371
1.0342
1.0325
1.0939
1.0333
1.0355
1.0368
1.0327
1.0389
1.0311
1.0368
1.0673
1.0372
1.0343
1.0334
1.0358
1.0324
1.0364
1.0354
1.0344
1.0325
1.0387
1.0325
1.0351
1.0323
1.1847
1.0598
1.0339
1.0379
1.0327
1.0327
1.0359
1.0346
1.0349
1.0351
1.0358
1.0341
1.0365
1.0314
1.0439
1.037
1.0367
1.3923
1.0328
1.0374
1.0316
1.0325
1.035
1.0373
1.0353
1.0307
1.0319
1.0348
1.0368
1.0346
1.0902
1.0396
1.0345
1.0347
1.0383
1.0377
1.0317
1.0362
1.0343
1.0335
1.0385
1.0306
1.0354
1.0333
1.3465
1.0836
1.0326
1.0336
1.0725
1.034
1.0361
1.0356
1.0298
1.0308
1.0313
1.0349
1.1139
1.0322
1.0442
1.0376
1.0714
1.0331
1.0384
1.0317
1.067
1.051
1.039
1.0344
1.0327
1.0305
1.1297
1.0292
1.0358
1.0333
1.0332
1.0322
1.044
1.031
1.0336
1.0347
1.0345
1.035
1.0354
1.0311
1.0299
1.0344
1.036
1.034
1.035
1.0439
1.0411
1.0522
1.0362
1.0733
1.0344
1.0319
1.0355
1.031
1.0448
1.0453
1.0746
1.0551
1.0366
1.0575
1.0381
1.0377
1.0779
1.0349
1.031
1.0349
1.0331
1.0363
1.0341
1.0348
1.0331
1.0334
1.0328
1.0386
1.0349
1.0306
1.038
1.0345
1.045
1.0313
1.034
1.0335
1.035
1.0332
1.0374
1.0312
1.0359
1.0327
1.0328
1.0423
1.0313
1.0404
1.0279
1.0337
1.0345
1.0362
1.0426
1.0335
1.0366
1.0416
1.054
1.0684
1.0317
1.0342
1.0311
1.0288
1.0322
1.0339
1.0376
1.0344
1.0332
1.0356
1.0317
1.0348
1.0343
1.0331
1.0337
1.0333
1.0352
1.0347
1.0608
1.0335
1.0698
1.0325
1.0335
1.0639
1.0312
1.0357
1.0315
1.1088
1.0375
1.0349
1.2121
1.0358
1.0325
1.0302
1.0482
1.0354
1.0332
1.0325
1.0312
1.0322
1.032
1.0366
1.0637
1.0342
1.0421
1.031
1.1013
1.0382
1.0322
1.0456
1.0354
1.0353
1.0341
1.0332
1.0293
1.0318
1.032
1.0374
1.0354
1.0371
1.034
1.0329
1.0369
1.0358
1.0366
1.034
1.0356
1.0334
1.0348
1.0361
1.0321
1.0329
1.0314
1.0381
1.0709
1.0319
1.0344
1.0355
1.0347
1.0308
1.0325
1.0335
1.0336
1.0305
1.0401
1.0335
1.0359
1.0332
1.0337
1.0517
1.0346
1.0357
1.0337
1.0679
1.0349
1.0357
1.0347
1.0332
1.0362
1.034
1.036
1.0345
1.036
1.0316
1.0339
1.0616
1.0369
1.0346
1.0376
1.032
1.0351
1.0325
1.0346
1.0331
1.1087
1.0362
1.0342
1.0682
1.1075
1.0343
1.0336
1.034
1.0334
1.0354
1.0355
1.0335
1.0331
1.0326
1.0373
1.0368
1.0346
1.0311
1.0329
1.0278
1.0328
1.0334
1.0476
1.035
1.0352
1.0355
1.0332
1.0828
1.0306
1.0344
1.0336
1.0341
1.0341
1.0335
1.0357
1.0336
1.0317
1.0361
1.0334
1.0326
1.0353
1.0356
1.0341
1.0345
1.0341
1.0319
1.039
1.0337
1.035
1.0378
1.0422
1.0405
1.0341
1.0391
1.0381
1.0367
1.0354
1.0595
1.0339
1.0391
1.0379
1.0333
1.0374
1.0326
1.0308
1.0696
1.0313
1.0369
1.0354
1.0345
1.0324
1.0352
1.077
1.0332
1.0355
1.0409
1.0338
1.0336
1.0334
1.0324
1.3384
1.0379
1.0413
1.0372
1.0372
1.036
1.0338
1.0305
1.0392
1.0333
1.037
1.0375
1.0333
1.0339
1.0531
1.0358
1.0766
1.0352
1.0357
1.0324
1.0365
1.03
1.0342
1.0344
1.0788
1.0378
1.0395
1.0437
1.0367
1.0378
1.0593
1.0493
1.0362
1.0292
1.0446
1.0357
1.039
1.0292
1.0352
1.0353
1.0308
1.0312
1.0335
1.0316
1.0344
1.0349
1.0312
1.0349
1.0333
1.0395
1.0362
1.2644
1.0341
1.0542
1.0318
1.0325
1.0336
1.0348
1.0589
1.0344
1.0444
1.0344
1.0331
1.0424
1.0341
1.0445
1.061
1.0362
1.0341
1.0361
1.0384
1.0349
1.0328
1.0396
1.0322
1.0722
1.0324
1.0303
1.0336
1.0348
1.033
1.0309
1.0352
1.0334
1.0345
1.0326
1.0321
1.0299
1.0342
1.0339
1.0399
1.035
1.0343
1.0353
1.0334
1.0411
1.0363
1.0326
1.0485
1.0304
1.0322
1.0339
1.0373
1.0346
1.0063
1.0354
1.0369
1.044
1.0346
1.0319
1.0558
1.0502
1.0325
1.0305
1.0384
1.041
1.0458
1.0366
1.031
1.0342
1.0359
1.0342
1.0332
1.0343
1.0415
1.0359
1.2394
1.0502
1.0379
1.0328
1.0313
1.0335
1.0324
1.0322
1.0524
1.0367
1.034
1.033
1.0611
1.0304
1.0363
1.0334
1.0356
1.036
1.0356
1.0759
1.0339
1.0395
1.0365
1.0328
1.0316
1.0334
1.0295
1.0337
1.0323
1.0358
1.0368
1.036
1.0322
1.0223
1.0397
1.0321
1.0345
1.0331
1.0364
1.0322
1.0311
1.1393
1.0347
1.0464
1.0328
1.0339
1.0329
1.0338
1.033
1.0361
1.0419
1.0364
1.0323
1.0309
1.0365
1.0324
1.0319
1.0335
1.0404
1.0579
1.0323
1.0339
1.0349
1.0361
1.0367
1.0351
1.0341
1.0344
1.0361
1.0643
1.0434
1.0326
1.0356
1.0349
1.0337
1.1242
1.0403
1.0365
1.0314
1.0335
1.0359
1.031
1.034
1.0377
1.0343
1.0349
1.0342
1.0366
1.0368
1.0377
1.0383
1.0338
1.045
1.0354
1.0752
1.0333
1.04
1.0346
1.0316
1.0435
1.0708
1.0376
1.0319
1.0406
1.0342
1.0327
1.0332
1.0348
1.0384
1.036
1.0335
1.0332
1.0317
1.033
1.0352
1.0344
1.0341
1.0337
1.0354
1.0346
1.0325
1.0328
1.0325
1.0336
1.038
1.0328
1.0346
1.0351
1.0344
1.0494
1.0333
1.0318
1.0332
1.0381
1.0383
1.0324
1.0332
1.0332
1.0341
1.1121
1.034
1.0377
1.0348
1.0358
1.0321
1.0334
1.0309
1.0357
1.0334
1.0338
1.1853
1.0598
1.0387
1.0351
1.033
1.0334
1.0338
1.0345
1.0347
1.0321
1.0381
1.0328
1.1349
1.0357
1.033
1.0359
1.0312
1.0334
1.0356
1.0335
1.0346
1.0399
1.0308
1.0332
1.0364
1.0358
1.0332
1.0325
1.0325
1.0364
1.0358
1.07
1.046
1.0388
1.0338
1.0902
1.0304
1.0383
1.0349
1.0367
1.0372
1.0299
1.0342
1.0327
1.0358
1.0301
1.038
1.0333
1.0335
1.0785
1.0318
1.0314
1.03
1.0343
1.0933
1.038
1.0617
1.0351
1.0349
1.0314
1.0073
1.0319
1.045
1.0393
1.0408
1.0317
1.0372
1.0358
1.0312
1.0353
1.0329
1.0346
1.0354
1.0325
1.0355
1.0349
1.0394
1.0334
1.0347
1.0375
1.037
1.0315
1.0352
1.0339
1.0367
1.0544
1.0767
1.0301
1.0391
1.0316
1.0334
1.0318
1.0329
1.0371
1.0358
1.0332
1.0342
1.0351
1.0322
1.0335
1.0343
1.0353
1.0349
1.0324
1.0317
1.0342
1.0311
1.0334
1.0291
1.0515
1.0297
1.0338
1.0393
1.0344
1.0319
1.036
1.0327
1.0353
1.0604
1.0353
1.0355
1.0334
1.0362
1.0346
1.0302
1.032
1.0343
1.0334
1.037
1.0344
1.0358
1.0363
1.1047
1.0308
1.0325
1.0317
1.0379
1.0329
1.0341
1.0325
1.0335
1.044
1.0329
1.0346
1.0321
1.0358
1.1532
1.0343
1.0412
1.0537
1.033
1.0349
1.0348
1.0365
1.0408
1.0321
1.0367
1.0353
1.0336
1.0405
1.0335
1.0378
1.0487
1.0309
1.033
1.0351
1.0304
1.0349
1.0511
1.0319
1.0499
1.1141
1.0352
1.0346
1.0332
1.0338
1.0309
1.0333
1.0888
1.0298
1.0357
1.0343
1.05
1.0353
1.0391
1.0328
1.0378
1.0329
1.0318
1.0393
1.0334
1.028
1.0345
1.0347
1.034
1.0358
1.0352
1.0309
1.0339
1.0329
1.0346
1.032
1.0445
1.032
1.0427
1.0332
1.035
1.0347
1.0357
1.0352
1.031
1.0502
1.0362
1.0354
1.0351
1.0615
1.0314
1.0341
1.0487
1.0359
1.0303
1.0385
1.0354
1.0326
1.0355
1.0326
1.1386
1.0372
1.0862
1.0307
1.0346
1.0376
1.034
1.0341
1.0309
1.0319
1.0676
1.0322
1.0362
1.0393
1.0341
1.0308
1.0403
1.0338
1.0766
1.0674
1.0352
1.0358
1.0384
1.033
1.0347
1.038
1.0443
1.0327
1.0384
1.0891
1.033
1.0346
1.0644
1.035
1.0328
1.035
1.0356
1.0406
1.034
1.0303
1.0349
1.0316
1.0346
1.0331
1.03
1.0334
1.1032
1.0348
1.0453
1.0328
1.0333
1.0432
1.0335
1.0396
1.0322
1.0303
1.0319
1.0366
1.0323
1.0337
1.0369
1.0312
1.0353
1.0298
1.0315
1.034
1.032
1.0358
1.0374
1.0348
1.0357
1.0332
1.0386
1.0323
1.0403
1.0345
1.0438
1.0345
1.0421
1.0524
1.0351
1.0345
1.0346
1.0324
1.0372
1.0301
1.0302
1.0325
1.0325
1.0303
1.0353
1.0338
1.0726
1.0321
1.038
1.1135
1.0296
1.0346
1.0342
1.034
1.0335
1.1263
1.0333
1.0344
1.0321
1.0347
1.0322
1.0362
1.039
1.0376
1.0355
1.0369
1.0304
1.0417
1.0392
1.034
1.0334
1.0325
1.0275
1.0331
1.0332
1.035
1.0362
1.0402
1.0702
1.034
1.0343
1.0555
1.0309
1.0366
1.0432
1.0313
1.0311
1.0315
1.0339
1.0333
1.0371
1.0328
1.0383
1.0317
1.035
1.0867
1.0393
1.0509
1.0332
1.0322
1.0345
1.0333
1.0389
1.0303
1.0332
1.0344
1.0547
1.0364
1.042
1.0333
1.0319
1.0436
1.0351
1.0338
1.0327
1.0435
1.0366
1.0343
1.0342
1.0428
1.0315
1.0588
1.0877
1.0335
1.0337
1.0361
1.0335
1.0346
1.0321
1.0429
1.0366
1.0302
1.034
1.0338
1.0321
1.0491
1.2724
1.0347
1.0326
1.0375
1.032
1.0439
1.0412
1.033
1.0323
1.0397
1.0468
1.0396
1.0332
1.036
1.0359
1.0328
1.041
1.033
1.0332
1.031
1.0315
1.0608
1.0356
1.0339
1.0301
1.0426
1.0352
1.0396
1.1222
1.0351
1.0342
1.0664
1.0346
1.0366
1.0323
1.0538
1.0362
1.0342
1.0353
1.0341
1.035
1.0335
1.0319
1.0349
1.0434
1.0333
1.0324
1.0353
1.0338
1.0425
1.0306
1.033
1.0318
1.0324
1.0826
1.0347
1.0392
1.0352
1.034
1.0615
1.0309
1.0312
1.0399
1.0345
1.0315
1.0605
1.031
1.0351
1.0658
1.0474
1.0381
1.0425
1.1618
1.0338
1.0408
1.0348
1.035
1.0408
1.0301
1.0415
1.0343
1.0339
1.0315
1.0299
1.0368
1.0565
1.0332
1.0356
1.0424
1.0315
1.0369
1.0328
1.0337
1.0537
1.0344
1.0355
1.0306
1.0396
1.0465
1.0292
1.0318
1.0361
1.0328
1.0358
1.0353
1.1236
1.0324
1.0361
1.0332
1.0362
1.0334
1.0315
1.0333
1.0353
1.0328
1.0318
1.0367
1.0457
1.0376
1.101
1.0357
1.0385
1.0662
1.0305
1.0316
1.0312
1.0343
1.0433
1.037
1.0359
1.0359
1.0305
1.0351
1.0347
1.0353
1.0318
1.0361
1.0332
1.0338
1.0332
1.0298
1.0306
1.0325
1.0328
1.0361
1.03
1.0339
1.0323
1.0336
1.0373
1.0363
1.0319
1.0365
1.034
1.0336
1.035
1.0321
1.0331
1.033
1.0359
1.0361
1.0395
1.0333
1.0309
1.0354
1.042
1.0309
1.0319
1.0371
1.033
1.0315
1.0316
1.0335
1.0348
1.0323
1.034
1.0314
1.0306
1.0363
1.0333
1.0334
1.0345
1.034
1.0298
1.0332
1.0341
1.0381
1.1261
1.0447
1.0341
1.0357
1.0346
1.0359
1.0319
1.0337
1.0313
1.0411
1.033
1.0358
1.0426
1.0486
1.036
1.0337
1.0353
1.032
1.0328
1.035
1.0339
1.0384
1.0396
1.033
1.0354
1.0341
1.0335
1.037
1.034
1.0394
1.034
1.0337
1.0436
1.0326
1.0332
1.0348
1.0585
1.0355
1.0361
1.0358
1.0329
1.0339
1.0299
1.0304
1.0357
1.0404
1.0385
1.0323
1.0357
1.0331
1.0327
1.0316
1.0416
1.0357
1.034
1.031
1.0375
1.0433
1.0334
1.0361
1.0346
1.0338
1.0327
1.0407
1.034
1.0306
1.0324
1.0307
1.0387
1.034
1.0334
1.1104
1.0339
1.0364
1.0306
1.0443
1.0334
1.0323
1.0343
1.0586
1.0347
1.0337
1.0313
1.0362
1.0324
1.0344
1.0298
1.3086
1.0393
1.0301
1.0381
1.0817
1.0367
1.0311
1.0377
1.0335
1.0372
1.034
1.0332
1.0357
1.033
1.031
1.0382
1.0333
1.0327
1.0323
1.038
1.0346
1.0325
1.0361
1.0359
1.0354
1.0319
1.0341
1.0352
1.0317
1.0318
1.0353
1.0342
1.0312
1.0573
1.0582
1.0341
1.0358
1.0302
1.0338
1.0344
1.0346
1.0305
1.0336
1.0332
1.0323
1.0308
1.0343
1.0317
1.0645
1.0342
1.0357
1.0321
1.0353
1.0306
1.0345
1.031
1.0316
1.0342
1.0374
1.055
1.0381
1.0363
1.0332
1.0311
1.0354
1.0542
1.0369
1.0739
1.0392
1.0369
1.0368
1.037
1.0344
1.0331
1.0391
1.044
1.0334
1.0335
1.0374
1.0569
1.0937
1.0321
1.0422
1.0398
1.0352
1.0359
1.055
1.0438
1.0349
1.034
1.0319
1.0538
1.059
1.0533
1.0336
1.0341
1.0333
1.0321
1.0337
1.0355
1.0322
1.0377
1.0329
1.0338
1.0322
1.0416
1.0832
1.0335
1.0339
1.0334
1.0305
1.0326
1.0359
1.0366
1.1048
1.0883
1.1398
1.0805
1.0374
1.0339
1.1415
1.0389
1.0336
1.0323
1.0347
1.0339
1.1227
1.0384
1.0333
1.1284
1.0377
1.0453
1.0833
1.0353
1.0313
1.1969
1.0672
1.0731
1.0319
1.0361
1.034
1.0424
1.0345
1.0358
1.0532
1.0398
1.0358
1.036
1.0526
1.0863
1.0346
1.0829
1.0313
1.0309
1.0324
1.0397
1.0341
1.0347
1.0326
1.0367
1.3213
1.1275
1.1138
1.0358
1.0398
1.1916
1.0347
1.0401
1.0347
1.1294
1.0314
1.0325
1.0317
1.0363
1.0357
1.0494
1.0329
1.0333
1.0656
1.0326
1.0327
1.0346
1.0319
1.046
1.1317
1.0329
1.0347
1.031
1.0548
1.0451
1.0348
1.0339
1.0322
1.0318
1.0333
1.0859
1.0325
1.0324
1.0337
1.0316
1.0433
1.0331
1.263
1.0331
1.0339
1.0773
1.034
1.0391
1.0328
1.1428
1.0514
1.0325
1.0379
1.0462
1.0414
1.035
1.0343
1.0313
1.0319
1.0316
1.035
1.0817
1.0344
1.2191
1.0384
1.0323
1.0599
1.0343
1.0775
1.0306
1.1382
1.0438
1.0398
1.0439
1.0347
1.0342
1.0894
1.0498
1.0453
1.0397
1.0338
1.0345
1.0561
1.0334
1.035
1.0367
1.0332
1.0315
1.0369
1.0384
1.0303
1.0337
1.0331
1.0335
1.053
1.0325
1.1344
1.0364
1.0372
1.0381
1.0376
1.0321
1.0375
1.1503
1.2229
1.0366
1.0369
1.0329
1.0471
1.0388
1.0352
1.0371
1.0349
1.0342
1.0366
1.0372
1.0607
1.033
1.0328
1.1358
1.0362
1.033
1.0404
1.0349
1.0666
1.0338
1.0345
1.0308
1.0325
1.0317
1.0309
1.0352
1.036
1.0336
1.0384
1.0334
1.034
1.0949
1.0375
1.081
1.0299
1.0425
1.034
1.0312
1.0329
1.0329
1.0339
1.0375
1.0382
1.0547
1.0347
1.0304
1.031
1.0382
1.033
1.0436
1.0358
1.0376
1.0816
1.0437
1.0451
1.0418
1.0698
1.032
1.2013
1.2202
1.0884
1.0326
1.0337
1.1805
1.0335
1.0362
1.0363
1.0339
1.0332
1.0341
1.0365
1.0488
1.0372
1.0996
1.0556
1.034
1.0339
1.2083
1.031
1.0304
1.035
1.0316
1.0346
1.0362
1.0358
1.0331
1.0359
1.0374
1.0307
1.0906
1.0331
1.2669
1.0577
1.0345
1.0313
1.0305
1.0385
1.0358
1.0312
1.032
1.0338
1.0358
1.0351
1.0348
1.0333
1.0327
1.0315
1.0341
1.0342
1.0417
1.0313
1.0346
1.0303
1.0438
1.0364
1.0386
1.0355
1.0403
1.0313
1.0333
1.0491
1.0356
1.0339
1.0356
1.2846
1.0337
1.0336
1.0343
1.0413
1.0983
1.0361
1.0356
1.086
1.1256
1.0371
1.0553
1.0356
1.0372
1.0328
1.0548
1.0336
1.0495
1.0338
1.0328
1.0315
1.0358
1.0473
1.032
1.0321
1.0349
1.0427
1.0491
1.0299
1.0382
1.0402
1.0373
1.0296
1.034
1.0322
1.0324
1.0329
1.0346
1.0348
1.0364
1.0345
1.1007
1.0338
1.0346
1.0349
1.0363
1.034
1.0339
1.0441
1.0327
1.0376
1.0317
1.0389
1.0338
1.0233
1.0738
1.041
1.0471
1.0364
1.0357
1.0344
1.0326
1.0397
1.0341
1.0337
1.041
1.0446
1.0611
1.0346
1.035
1.0345
1.0336
1.04
1.0309
1.0307
1.0398
1.034
1.0356
1.0323
1.0436
1.0368
1.0378
1.0347
1.0323
1.1042
1.0381
1.0359
1.0331
1.0441
1.0304
1.035
1.0326
1.0339
1.0443
1.0289
1.0326
1.0348
1.0307
1.0332
1.0427
1.0396
1.0362
1.0322
1.0371
1.0356
1.0328
1.0371
1.0339
1.0375
1.0343
1.0365
1.0774
1.0336
1.0317
1.0319
1.0422
1.0394
1.0411
1.0404
1.0498
1.0359
1.0315
1.0336
1.0327
1.0335
1.0344
1.0516
1.0343
1.0321
1.0336
1.0314
1.0341
1.0366
1.033
1.0333
1.0349
1.0546
1.0347
1.0417
1.0353
1.0347
1.0333
1.0544
1.0941
1.1565
1.0332
1.0347
1.0401
1.0325
1.0412
1.0346
1.0335
1.0332
1.0491
1.0379
1.0355
1.0371
1.1258
1.0334
1.033
1.0343
1.0356
1.0377
1.0308
1.0324
1.0349
1.0335
1.033
1.0315
1.0425
1.037
1.0309
1.0369
1.034
1.0495
1.0337
1.0318
1.0335
1.0351
1.0364
1.0978
1.0331
1.0336
1.034
1.0426
1.0332
1.0315
1.0361
1.0342
1.047
1.0373
1.037
1.0337
1.0412
1.034
1.0328
1.0319
1.0371
1.033
1.0315
1.0327
1.1103
1.0372
1.0334
1.0375
1.0334
1.0307
1.0364
1.0327
1.0354
1.0426
1.0337
1.0325
1.0366
1.0361
1.0347
1.0336
1.0347
1.0313
1.0343
1.0311
1.0318
1.034
1.0333
1.0321
1.0342
1.0361
1.0327
1.0367
1.1535
1.0331
1.0371
1.0358
1.0331
1.0336
1.031
1.0393
1.0369
1.0359
1.0102
1.0371
1.0351
1.0318
1.0728
1.2008
1.0321
1.0361
1.0366
1.0388
1.0388
1.0984
1.0338
1.0359
1.0338
1.0336
1.0291
1.0342
1.0323
1.0378
1.032
1.0358
1.0347
1.0378
1.0371
1.0349
1.0323
1.0375
1.035
1.0341
1.0344
1.0348
1.0362
1.0341
1.0392
1.0357
1.0321
1.0511
1.0317
1.0359
1.0325
1.0339
1.0345
1.0359
1.0363
1.0327
1.0358
1.0475
1.0339
1.0366
1.0312
1.0436
1.0424
1.0355
1.0347
1.0374
1.0546
1.0355
1.0353
1.0332
1.0418
1.032
1.0331
1.0337
1.0329
1.0341
1.0321
1.0316
1.0379
1.0314
1.039
1.0353
1.033
1.0337
1.0324
1.0339
1.0285
1.0408
1.092
1.0738
1.0471
1.0302
1.0327
1.0321
1.0345
1.0382
1.0351
1.0368
1.036
1.0346
1.0322
1.0527
1.0343
1.038
1.0316
1.0319
1.031
1.0319
1.0345
1.0428
1.0324
1.0329
1.0323
1.0312
1.0333
1.0327
1.0337
1.0336
1.0382
1.035
1.0314
1.0342
1.063
1.0322
1.0363
1.0372
1.022
1.0596
1.0345
1.0329
1.0939
1.0349
1.034
1.0367
1.0322
1.0799
1.0454
1.067
1.0085
1.0392
1.0347
1.0325
1.032
1.0332
1.0303
1.0355
1.0343
1.0358
1.1497
1.0327
1.031
1.1578
1.0328
1.0361
1.0343
1.0329
1.033
1.0416
1.038
1.031
1.0082
1.0739
1.0341
1.0309
1.0345
1.251
1.039
1.0357
1.4064
1.0322
1.0376
1.0313
1.0326
1.0322
1.0316
1.0378
1.0318
1.1129
1.0524
1.0322
1.0333
1.0349
1.0318
1.0365
1.0453
1.0334
1.1232
1.0358
1.0339
1.0384
1.035
1.0395
1.0344
1.1311
1.0344
1.0488
1.0326
1.0368
1.1293
1.0362
1.0338
1.0492
1.0365
1.037
1.0396
1.1607
1.0343
1.0335
1.0342
1.037
1.0506
1.0762
1.0325
1.1344
1.0367
1.0333
1.0611
1.0332
1.0347
1.0425
1.0602
1.0344
1.0318
1.0339
1.0302
1.0388
1.0353
1.0351
1.037
1.0382
1.0382
1.0352
1.069
1.0843
1.0392
1.0366
1.0318
1.032
1.0389
1.0345
1.0345
1.032
1.0481
1.06
1.0418
1.034
1.0423
1.0311
1.0707
1.0447
1.2071
1.0484
1.0355
1.0548
1.059
1.0345
1.1005
1.0305
1.0324
1.0367
1.0629
1.0347
1.0355
1.0329
1.0364
1.0316
1.1056
1.0356
1.0347
1.036
1.057
1.0629
1.0353
1.0332
1.0989
1.0492
1.0644
1.0309
1.0688
1.0327
1.0354
1.0306
1.0333
1.0349
1.0349
1.0335
1.0355
1.0728
1.0449
1.2594
1.0319
1.1384
1.0384
1.0942
1.0363
1.0328
1.031
1.0336
1.0602
1.0366
1.0342
1.0364
1.0783
1.0293
1.0386
1.0382
1.0343
1.0325
1.0341
1.0416
1.0361
1.0378
1.0428
1.0336
1.0315
1.0451
1.0343
1.0371
1.0324
1.0358
1.0346
1.0288
1.0348
1.0345
1.0345
1.0353
1.0344
1.0345
1.0352
1.0345
1.0326
1.0331
1.0333
1.0312
1.0308
1.0326
1.0369
1.0337
1.0365
1.0345
1.0317
1.0314
1.0337
1.107
1.0333
1.042
1.0345
1.0473
1.0359
1.0338
1.0321
1.0377
1.0499
1.0378
1.0349
1.0356
1.0317
1.0331
1.0334
1.0316
1.0359
1.0333
1.0334
1.1195
1.0333
1.0337
1.0543
1.0348
1.0364
1.0388
1.0323
1.0419
1.0313
1.0333
1.038
1.0331
1.0375
1.0371
1.0316
1.0304
1.0703
1.0362
1.0336
1.0374
1.0307
1.0404
1.0342
1.0326
1.0373
1.0375
1.036
1.0332
1.031
1.0318
1.0353
1.0336
1.0332
1.0348
1.1418
1.0357
1.0405
1.0345
1.0414
1.0329
1.0327
1.1492
1.0498
1.0441
1.0362
1.0398
1.0343
1.064
1.272
1.0376
1.0325
1.0324
1.0383
1.0427
1.036
1.0374
1.0607
1.0386
1.0487
1.0418
1.0609
1.0387
1.0318
1.0326
1.0677
1.0317
1.0314
1.0346
1.0341
1.0505
1.0364
1.0317
1.033
1.0346
1.0316
1.0325
1.0321
1.0355
1.0327
1.0354
1.0392
1.0334
1.0349
1.0385
1.0461
1.0397
1.0698
1.0385
1.0371
1.0343
1.0315
1.0356
1.0321
1.032
1.0383
1.0562
1.0368
1.0313
1.0328
1.0367
1.0319
1.0345
1.0381
1.0355
1.0307
1.0335
1.0326
1.0317
1.0375
1.0357
1.0319
1.0335
1.0362
1.031
1.0447
1.0313
1.052
1.0522
1.0294
1.0363
1.0328
1.0433
1.0561
1.0305
1.0376
1.0327
1.1041
1.0361
1.0322
1.0313
1.0331
1.038
1.0592
1.0316
1.0359
1.0334
1.0362
1.0356
1.0323
1.0321
1.0697
1.0323
1.0367
1.052
1.0315
1.0304
1.0397
1.0342
1.0353
1.0516
1.0448
1.0331
1.0421
1.0346
1.0345
1.046
1.0348
1.0328
1.1253
1.0328
1.0393
1.0353
1.0379
1.0502
1.0364
1.0388
1.104
1.0543
1.048
1.041
1.0311
1.0371
1.0351
1.0399
1.036
1.0308
1.0347
1.0327
1.0402
1.0431
1.0338
1.036
1.038
1.0371
1.0368
1.0378
1.0339
1.0306
1.0378
1.0381
1.0368
1.0341
1.0348
1.0456
1.0411
1.0529
1.1486
1.033
1.0398
1.0411
1.0307
1.0435
1.0387
1.0342
1.1193
1.0403
1.0366
1.0359
1.0361
1.0329
1.0313
1.053
1.0445
1.0326
1.0414
1.0361
1.0328
1.0484
1.0326
1.0404
1.0412
1.0351
1.0352
1.0341
1.0371
1.0381
1.0401
1.0348
1.041
1.0511
1.0536
1.0368
1.0766
1.0318
1.0348
1.0336
1.0418
1.0386
1.0338
1.0336
1.0337
1.037
1.0451
1.0399
1.0347
1.0344
1.065
1.0362
1.0606
1.0363
1.0317
1.096
1.0343
1.0336
1.0354
1.0409
1.0316
1.038
1.0314
1.0354
1.0508
1.0331
1.0476
1.0338
1.0512
1.0325
1.0337
1.0353
1.0324
1.0674
1.0346
1.0348
1.0384
1.0324
1.0362
1.0904
1.0426
1.0689
1.0401
1.0341
1.0369
1.0392
1.0365
1.0361
1.0443
1.033
1.0341
1.0358
1.0362
1.1091
1.032
1.0354
1.071
1.0348
1.0313
1.031
1.0327
1.1418
1.0359
1.0371
1.0311
1.0327
1.0367
1.0347
1.0371
1.033
1.0331
1.0329
1.0359
1.0379
1.0368
1.0341
1.048
1.0348
1.0346
1.034
1.0341
1.0615
1.0322
1.0321
1.034
1.0495
1.0472
1.0328
1.0323
1.0325
1.0337
1.0347
1.0732
1.0319
1.0368
1.0354
1.0306
1.0498
1.0334
1.0326
1.088
1.0342
1.0337
1.0368
1.0327
1.0351
1.033
1.0392
1.0311
1.0438
1.0334
1.04
1.0329
1.0333
1.033
1.0324
1.038
1.0322
1.0358
1.0314
1.0487
1.031
1.0326
1.0398
1.0388
1.0353
1.0348
1.0367
1.0441
1.0456
1.0354
1.0351
1.0615
1.0348
1.0334
1.0327
1.0414
1.0332
1.0348
1.0344
1.0334
1.1271
1.0398
1.0322
1.0359
1.0311
1.0326
1.0361
1.032
1.0314
1.0592
1.0336
1.03
1.0356
1.0373
1.0508
1.0798
1.0377
1.0303
1.0387
1.0361
1.0366
1.0308
1.0353
1.0335
1.056
1.0403
1.0305
1.0348
1.0324
1.0339
1.0325
1.0522
1.0366
1.0311
1.0473
1.0364
1.034
1.0346
1.0344
1.0315
1.0328
1.035
1.0355
1.0329
1.0428
1.0351
1.0385
1.0406
1.0341
1.0326
1.0361
1.0807
1.0336
1.0298
1.032
1.0338
1.0366
1.0344
1.0379
1.0293
1.0315
1.0427
1.0349
1.0387
1.0339
1.0378
1.0351
1.0339
1.0331
1.0347
1.0416
1.0346
1.0397
1.0293
1.0337
1.0395
1.0338
1.0332
1.0431
1.0385
1.0355
1.0362
1.0367
1.0321
1.0333
1.0341
1.0389
1.0346
1.0366
1.039
1.0324
1.0426
1.034
1.036
1.0331
1.0379
1.0349
1.036
1.0324
1.0321
1.0373
1.0304
1.033
1.0306
1.0491
1.0348
1.0382
1.0314
1.0463
1.0346
1.0339
1.0376
1.0388
1.0348
1.0331
1.0511
1.032
1.0502
1.0339
1.0311
1.0312
1.0553
1.0342
1.0336
1.0355
1.0345
1.0312
1.032
1.0355
1.0351
1.0323
1.0396
1.0315
1.0361
1.0341
1.0339
1.0405
1.0442
1.0347
1.0316
1.038
1.0317
1.0364
1.1582
1.0337
1.0332
1.0429
1.0322
1.0347
1.0349
1.0325
1.0337
1.0375
1.0789
1.0331
1.0524
1.0344
1.0472
1.0369
1.036
1.0349
1.0309
1.04
1.0373
1.0319
1.0416
1.0349
1.0368
1.0635
1.0338
1.0339
1.0312
1.0325
1.0429
1.0361
1.0371
1.0333
1.0331
1.0316
1.0323
1.0317
1.0301
1.0379
1.033
1.0364
1.0364
1.032
1.0341
1.0335
1.0333
1.0381
1.0411
1.0297
1.0335
1.038
1.0377
1.0481
1.0328
1.0345
1.0402
1.0346
1.0314
1.0351
1.035
1.0328
1.0335
1.037
1.0333
1.0342
1.0308
1.0316
1.034
1.0334
1.066
1.0314
1.0326
1.0348
1.034
1.0353
1.0342
1.0515
1.0368
1.0332
1.0311
1.2173
1.0343
1.0315
1.0311
1.113
1.0302
1.0309
1.0328
1.0324
1.0343
1.0315
1.083
1.0347
1.0338
1.0375
1.0373
1.0301
1.0342
1.0305
1.0337
1.0331
1.029
1.0382
1.0349
1.0317
1.0333
1.0325
1.0399
1.0288
1.0346
1.0471
1.0403
1.0481
1.0369
1.0308
1.0338
1.0334
1.0331
1.0793
1.035
1.0324
1.0467
1.032
1.0398
1.0354
1.0388
1.2724
1.029
1.0315
1.032
1.0363
1.0367
1.035
1.0338
1.0347
1.0326
1.0337
1.0348
1.0349
1.0347
1.0339
1.0353
1.0345
1.0334
1.0222
1.0313
1.0313
1.0338
1.0348
1.0439
1.0352
1.032
1.0433
1.0364
1.0327
1.0333
1.0367
1.0334
1.031
1.0815
1.0361
1.0351
1.0331
1.0343
1.0331
1.0339
1.0368
1.0421
1.0341
1.0336
1.0323
1.0354
1.0332
1.0339
1.0337
1.0336
1.032
1.0495
1.0328
1.0344
1.0398
1.0364
1.0308
1.0383
1.0347
1.0726
1.0331
1.0456
1.0425
1.037
1.0433
1.0407
1.1054
1.0325
1.0329
1.0327
1.0387
1.0339
1.0357
1.035
1.029
1.031
1.0325
1.0561
1.033
1.0352
1.0331
1.0402
1.0445
1.0487
1.0349
1.0383
1.0358
1.0357
1.0336
1.0352
1.0356
1.0338
1.0411
1.0355
1.0321
1.029
1.0336
1.0343
1.0333
1.0341
1.0343
1.0325
1.0347
1.2689
1.0403
1.0358
1.0337
1.0397
1.0332
1.0355
1.0873
1.0327
1.0316
1.0335
1.0448
1.0405
1.0393
1.0325
1.0345
1.0338
1.0318
1.0336
1.0348
1.038
1.0374
1.1682
1.0382
1.0314
1.0356
1.0341
1.0303
1.0338
1.0431
1.0375
1.0352
1.0339
1.0366
1.0865
1.0335
1.0325
1.033
1.0346
1.0341
1.0339
1.0353
1.0321
1.0331
1.0343
1.0407
1.0324
1.0362
1.0348
1.0355
1.0363
1.0312
1.039
1.033
1.0338
1.0352
1.0354
1.0349
1.0331
1.0311
1.0313
1.0355
1.0312
1.0318
1.1274
1.0705
1.0316
1.0364
1.1017
1.0342
1.1203
1.051
1.0335
1.0459
1.0321
1.0361
1.0349
1.0336
1.0349
1.035
1.0547
1.0549
1.0342
1.0229
1.0761
1.0331
1.0337
1.0325
1.0346
1.0325
1.0379
1.0335
1.041
1.0315
1.0398
1.037
1.03
1.0499
1.0931
1.0376
1.0328
1.0344
1.0322
1.0346
1.0337
1.0325
1.0333
1.032
1.0328
1.0344
1.0342
1.0332
1.0345
1.0373
1.0334
1.0326
1.0335
1.054
1.0334
1.0325
1.0306
1.0336
1.035
1.0328
1.0345
1.0344
1.0663
1.0345
1.0331
1.033
1.0336
1.0324
1.0323
1.0324
1.0353
1.032
1.0353
1.0327
1.0346
1.035
1.0863
1.0341
1.0319
1.0327
1.0393
1.0316
1.0445
1.0329
1.0346
1.0338
1.0359
1.0363
1.039
1.0364
1.0354
1.0358
1.0334
1.0316
1.0383
1.0351
1.0357
1.0356
1.0332
1.0331
1.0445
1.0456
1.0637
1.112
1.0345
1.0813
1.0345
1.0329
1.033
1.0375
1.0359
1.0368
1.0343
1.0718
1.0426
1.0346
1.0402
1.0346
1.0354
1.0357
1.0343
1.0328
1.0571
1.0311
1.0374
1.0353
1.0334
1.04
1.0744
1.0356
1.036
1.0383
1.0356
1.0317
1.0334
1.0453
1.0357
1.0408
1.0298
1.035
1.0381
1.0392
1.0395
1.0332
1.0349
1.0341
1.0334
1.0427
1.0329
1.0376
1.0343
1.0312
1.0585
1.0332
1.0323
1.043
1.0327
1.0332
1.0351
1.0325
1.0322
1.0394
1.034
1.0336
1.0303
1.0324
1.0342
1.041
1.0319
1.031
1.0343
1.0683
1.0355
1.0354
1.0337
1.039
1.0392
1.0322
1.0352
1.0355
1.0296
1.0346
1.0686
1.0357
1.0353
1.0435
1.0314
1.0339
1.0329
1.0369
1.0353
1.0319
1.036
1.0337
1.0376
1.0323
1.0327
1.0341
1.032
1.0326
1.0348
1.0317
1.0359
1.0337
1.0369
1.0326
1.0439
1.0737
1.0499
1.0376
1.0619
1.0443
1.0353
1.037
1.1094
1.0311
1.0357
1.0368
1.0342
1.0333
1.0378
1.0342
1.0332
1.0392
1.035
1.033
1.0356
1.0366
1.0314
1.0306
1.0373
1.0322
1.0421
1.0318
1.0334
1.0336
1.0339
1.0571
1.0338
1.0299
1.0336
1.0306
1.0317
1.1187
1.0332
1.0315
1.0339
1.0306
1.0318
1.0308
1.0345
1.0326
1.0522
1.0454
1.039
1.0323
1.032
1.0406
1.0356
1.0357
1.0394
1.0742
1.0351
1.032
1.0349
1.0314
1.033
1.0334
1.033
1.0306
1.0335
1.0373
1.0358
1.0332
1.0359
1.0345
1.0368
1.0344
1.0409
1.0364
1.0347
1.0353
1.0371
1.036
1.0344
1.0339
1.0592
1.0327
1.0341
1.0394
1.0336
1.0322
1.0347
1.0351
1.0551
1.0811
1.0323
1.0328
1.0322
1.0309
1.0391
1.0477
1.0332
1.0364
1.0313
1.0326
1.0348
1.0413
1.0353
1.0459
1.036
1.0566
1.0812
1.033
1.0341
1.0543
1.041
1.1999
1.0723
1.2341
1.0612
1.0413
1.0392
1.1733
1.0372
1.0374
1.0373
1.0393
1.0933
1.0449
1.0366
1.0364
1.0601
1.1647
1.1372
1.0405
1.0675
1.2815
1.0436
1.0358
1.0322
1.0358
1.0391
1.0375
1.0356
1.034
1.0316
1.0372
1.0338
1.0352
1.0374
1.0346
1.0544
1.0387
1.0412
1.0389
1.0745
1.0342
1.0401
1.0353
1.0326
1.0359
1.0334
1.0352
1.0299
1.0322
1.0331
1.212
1.0478
1.033
1.034
1.034
1.1317
1.0304
1.0338
1.0554
1.0322
1.0524
1.0523
1.0761
1.0304
1.0317
1.0338
1.0334
1.0327
1.0298
1.035
1.0329
1.0322
1.0366
1.0344
1.1193
1.0352
1.0359
1.037
1.0345
1.0431
1.0306
1.0342
1.0583
1.0351
1.0439
1.0782
1.0359
1.0457
1.0362
1.0375
1.0333
1.0337
1.0327
1.0326
1.034
1.0546
1.1448
1.0338
1.0367
1.0358
1.0312
1.0909
1.0735
1.0435
1.042
1.0438
1.0322
1.035
1.0355
1.0366
1.0316
1.0327
1.0741
1.0353
1.0315
1.1393
1.0346
1.0312
1.3208
1.0385
1.0366
1.0328
1.0302
1.0334
1.0343
1.0373
1.0314
1.0301
1.0386
1.0354
1.0351
1.0384
1.0369
1.0338
1.2416
1.0309
1.033
1.0311
1.0499
1.0339
1.0357
1.0315
1.0359
1.0443
1.0342
1.0373
1.0357
1.0315
1.0333
1.0311
1.0349
1.0697
1.0341
1.032
1.0319
1.0901
1.034
1.0398
1.0321
1.0421
1.0356
1.0375
1.0311
1.0408
1.0345
1.0355
1.0559
1.0361
1.0353
1.0351
1.0325
1.0373
1.0384
1.0475
1.0368
1.0357
1.0313
1.0296
1.0412
1.0344
1.0328
1.062
1.0333
1.0315
1.0299
1.0379
1.033
1.0369
1.0317
1.0314
1.0497
1.0382
1.0321
1.2587
1.0355
1.0333
1.0328
1.0329
1.0338
1.0337
1.0334
1.0364
1.0347
1.0305
1.0375
1.0399
1.1328
1.032
1.0317
1.0415
1.0369
1.0339
1.0326
1.0685
1.0335
1.0327
1.0348
1.0328
1.1183
1.0309
1.3466
1.0358
1.0373
1.0366
1.043
1.0314
1.0288
1.0474
1.0346
1.0369
1.0341
1.036
1.0326
1.0333
1.0398
1.0386
1.0339
1.036
1.0303
1.0354
1.0326
1.0304
1.0307
1.0322
1.0589
1.0303
1.0392
1.0358
1.043
1.0394
1.0316
1.0326
1.0329
1.0311
1.0335
1.0431
1.0399
1.034
1.0347
1.0358
1.0469
1.0347
1.0446
1.0341
1.0427
1.0289
1.0344
1.0299
1.0316
1.0332
1.0306
1.0297
1.0326
1.0322
1.0329
1.0302
1.0366
1.0334
1.0357
1.0345
1.0326
1.0387
1.0329
1.0338
1.0366
1.0467
1.0322
1.0366
1.0332
1.0337
1.0295
1.0323
1.0326
1.0343
1.0315
1.0304
1.0329
1.0384
1.036
1.0472
1.0376
1.0359
1.0341
1.036
1.0326
1.0416
1.0321
1.0355
1.032
1.0322
1.0349
1.0358
1.034
1.0451
1.0346
1.0415
1.0329
1.0335
1.0354
1.032
1.0318
1.0358
1.0341
1.0329
1.0336
1.0313
1.0342
1.0306
1.0313
1.0297
1.0416
1.0325
1.0342
1.0321
1.0345
1.0338
1.0322
1.035
1.0328
1.0375
1.0349
1.0338
1.0388
1.0345
1.0314
1.0329
1.0342
1.0183
1.0326
1.0365
1.0357
1.0334
1.0311
1.0647
1.041
1.0351
1.0346
1.0329
1.0356
1.0335
1.0356
1.0313
1.0365
1.0377
1.0347
1.0377
1.0432
1.0344
1.0476
1.0322
1.0353
1.0331
1.0325
1.0315
1.0315
1.0352
1.0353
1.0497
1.0336
1.0309
1.0445
1.046
1.0389
1.0343
1.031
1.0345
1.0291
1.0362
1.0342
1.0515
1.0315
1.0328
1.0332
1.0325
1.0343
1.0453
1.0352
1.0333
1.0352
1.0321
1.2203
1.0474
1.0998
1.0338
1.1252
1.0355
1.0464
1.0355
1.0386
1.0345
1.0306
1.0334
1.0393
1.0327
1.0424
1.0342
1.1272
1.0343
1.0345
1.0362
1.0342
1.0317
1.0338
1.0293
1.0844
1.0361
1.0653
1.0321
1.0315
1.0347
1.0355
1.0402
1.0415
1.0484
1.036
1.0342
1.0335
1.0374
1.0337
1.0554
1.0337
1.0355
1.0319
1.0341
1.1077
1.0398
1.0376
1.0343
1.1705
1.0346
1.035
1.0366
1.0339
1.0593
1.0314
1.0343
1.0349
1.0337
1.0312
1.0341
1.0695
1.0354
1.0354
1.2099
1.0322
1.0304
1.0328
1.0326
1.0881
1.0386
1.0351
1.0352
1.0333
1.0329
1.0353
1.0312
1.0332
1.0312
1.0327
1.0351
1.034
1.0339
1.0384
1.0359
1.0753
1.0325
1.0337
1.0354
1.0441
1.0848
1.0366
1.037
1.0914
1.0725
1.039
1.0316
1.0341
1.0345
1.057
1.0331
1.0346
1.0335
1.0366
1.0344
1.0339
1.0377
1.0336
1.0785
1.1791
1.0328
1.0743
1.0481
1.0392
1.0391
1.0338
1.037
1.2565
1.038
1.0364
1.0361
1.0447
1.4301
1.0344
1.0334
1.0371
1.0993
1.0363
1.0326
1.0366
1.034
1.0355
1.0814
1.0456
1.0334
1.0333
1.0333
1.0384
1.0357
1.0337
1.0326
1.0354
1.0313
1.0374
1.0401
1.0353
1.0238
1.052
1.0364
1.0445
1.0444
1.0347
1.0325
1.0342
1.0371
1.0477
1.0384
1.0339
1.0662
1.0339
1.0312
1.0396
1.0352
1.0374
1.0546
1.0359
1.0373
1.0399
1.035
1.0355
1.0391
1.0338
1.0317
1.0339
1.2483
1.0364
1.0355
1.0325
1.0788
1.1298
1.0314
1.0347
1.0439
1.1523
1.0319
1.0421
1.0995
1.0319
1.0387
1.035
1.0564
1.036
1.0328
1.0316
1.0376
1.0379
1.0342
1.0389
1.0342
1.0373
1.0348
1.0383
1.0329
1.0342
1.0326
1.0302
1.0345
1.1046
1.0321
1.0328
1.0309
1.032
1.0328
1.0325
1.0333
1.0288
1.0322
1.0326
1.0322
1.0328
1.0359
1.0931
1.0094
1.033
1.0329
1.0337
1.033
1.0359
1.0328
1.0359
1.0322
1.0297
1.0347
1.0375
1.0328
1.04
1.0344
1.0348
1.0338
1.0335
1.0402
1.0293
1.0383
1.0331
1.0654
1.0461
1.0351
1.056
1.039
1.0307
1.032
1.0374
1.038
1.036
1.0312
1.0515
1.0483
1.031
1.0324
1.0373
1.0544
1.0404
1.0343
1.0347
1.033
1.0374
1.0372
1.0318
1.0443
1.0298
1.0313
1.038
1.0371
1.0337
1.0345
1.0353
1.0313
1.031
1.037
1.0345
1.0318
1.0348
1.038
1.0379
1.2185
1.0345
1.0323
1.0349
1.0351
1.0354
1.033
1.0324
1.0332
1.0504
1.0297
1.0311
1.0334
1.0309
1.0331
1.0542
1.033
1.0316
1.0331
1.0366
1.0341
1.0321
1.0331
1.0348
1.0332
1.0707
1.0336
1.0344
1.0827
1.1444
1.0436
1.0352
1.0644
1.057
1.0464
1.0319
1.0409
1.0364
1.037
1.0515
1.0347
1.0357
1.0344
1.0307
1.0317
1.0303
1.0352
1.0343
1.033
1.0364
1.0422
1.0338
1.0326
1.0338
1.0361
1.0596
1.0426
1.0464
1.0337
1.0372
1.036
1.0368
1.0343
1.0366
1.0352
1.0364
1.0342
1.0319
1.0331
1.0309
1.033
1.0312
1.0341
1.0311
1.0346
1.0563
1.035
1.0324
1.0337
1.0371
1.0536
1.0334
1.033
1.0445
1.0392
1.0359
1.0369
1.0341
1.0356
1.0328
1.0363
1.0338
1.0369
1.0321
1.0353
1.0365
1.0479
1.0345
1.0391
1.0362
1.0437
1.0319
1.0369
1.0337
1.2596
1.0347
1.0353
1.0593
1.0344
1.0332
1.0298
1.0341
1.0326
1.0395
1.0406
1.0308
1.0316
1.0453
1.0367
1.0323
1.035
1.037
1.0372
1.0368
1.0337
1.0336
1.0327
1.0344
1.039
1.0307
1.0339
1.0565
1.0353
1.0581
1.032
1.0429
1.0388
1.0317
1.0315
1.0318
1.0311
1.0354
1.0333
1.0316
1.0341
1.0364
1.0353
1.0337
1.035
1.0311
1.0352
1.0326
1.0433
1.0395
1.0421
1.0354
1.0305
1.0312
1.0369
1.0332
1.0345
1.0294
1.0319
1.032
1.0939
1.0376
1.037
1.0437
1.041
1.0294
1.0345
1.0327
1.0435
1.0362
1.0332
1.034
1.0326
1.0336
1.1316
1.0351
1.0368
1.0324
1.0312
1.0318
1.0313
1.0337
1.0374
1.0371
1.0371
1.0343
1.0351
1.033
1.0358
1.0329
1.0315
1.0379
1.0367
1.0358
1.0323
1.0328
1.0313
1.0353
1.0316
1.0305
1.0335
1.0372
1.0386
1.0375
1.0359
1.0359
1.0337
1.0344
1.0344
1.0336
1.0343
1.0662
1.0351
1.0514
1.0625
1.0331
1.0355
1.0407
1.039
1.0337
1.0309
1.0333
1.0348
1.0336
1.037
1.0328
1.0323
1.0362
1.0363
1.0332
1.032
1.0631
1.0395
1.0497
1.037
1.0369
1.0388
1.0358
1.0293
1.034
1.0326
1.046
1.0409
1.0335
1.0914
1.0317
1.0353
1.2828
1.035
1.0338
1.0363
1.0348
1.0295
1.0555
1.0372
1.0337
1.0349
1.0356
1.0331
1.033
1.0417
1.2231
1.0349
1.0364
1.0336
1.0649
1.1823
1.0324
1.0537
1.0429
1.032
1.0307
1.0319
1.0341
1.0338
1.0365
1.0293
1.0327
1.0356
1.0813
1.0354
1.0325
1.0332
1.0398
1.0367
1.0506
1.0378
1.0347
1.0521
1.0401
1.0323
1.0347
1.1012
1.0306
1.035
1.0354
1.0199
1.0397
1.0352
1.0317
1.0342
1.0289
1.036
1.0297
1.0323
1.0719
1.0318
1.0335
1.0371
1.0325
1.0345
1.0367
1.0368
1.0312
1.0296
1.0344
1.0389
1.0337
1.0381
1.0349
1.0477
1.0367
1.0307
1.0362
1.0336
1.0353
1.032
1.034
1.0337
1.0287
1.0337
1.0337
1.0408
1.0366
1.0379
1.0668
1.0331
1.0607
1.0325
1.0342
1.0304
1.0361
1.0345
1.0318
1.0303
1.0315
1.0346
1.0309
1.0375
1.0344
1.0371
1.035
1.0543
1.033
1.0366
1.0402
1.0335
1.0403
1.0341
1.045
1.0297
1.0329
1.0302
1.0336
1.0355
1.0462
1.0331
1.0354
1.0375
1.0336
1.036
1.0326
1.0339
1.04
1.0321
1.0364
1.0327
1.0353
1.0353
1.0302
1.0285
1.0311
1.0376
1.034
1.0408
1.0371
1.0358
1.0366
1.0377
1.034
1.0777
1.0335
1.0487
1.0366
1.0461
1.0301
1.039
1.0342
1.1531
1.0658
1.0363
1.0372
1.034
1.0389
1.0339
1.0342
1.0365
1.0355
1.0401
1.0338
1.0302
1.0368
1.0343
1.0322
1.0338
1.0344
1.0312
1.0342
1.0368
1.0338
1.0374
1.0349
1.0317
1.0395
1.0931
1.0329
1.0317
1.0332
1.0378
1.0371
1.0315
1.0317
1.0333
1.0356
1.0376
1.0355
1.0392
1.0293
1.0349
1.0327
1.0372
1.0344
1.0318
1.0307
1.0374
1.0401
1.0356
1.0325
1.0343
1.0581
1.0346
1.033
1.0508
1.0351
1.0336
1.0323
1.0355
1.0293
1.0369
1.0336
1.0367
1.0378
1.0384
1.0348
1.0343
1.0344
1.037
1.0361
1.0316
1.0395
1.0372
