Timp in Milisecunde
240.065
22.0496
153.668
83.1699
19.0226
767.82
71.5208
493.309
6.6756
5.7075
541.357
18.4861
62.2054
719.644
250.929
924.127
103.809
555.217
227.702
3.6137
30.0701
908.013
54.555
357.111
43.8054
8.7708
137.186
863.592
86.6022
865.492
192.858
119.514
262.04
0.4274
763.264
1022.48
678.353
236.234
216.394
815.933
279.698
4.2765
1105.59
559.509
41.6956
1128.16
214.964
163.596
286.289
2.6686
17.6711
946.813
304.074
485.627
11.6859
0.3997
191.392
147.654
188.826
81.3783
860.966
176.826
728.4
28.7032
58.343
374.874
577.462
193.752
439.965
53.2176
26.4135
181.816
1005.08
0.0533
46.8162
609.492
808.639
1093.57
135.886
746.971
159.407
554.569
548.782
0.6221
12.3905
13.3103
119.75
986.242
0.5776
420.495
649.764
476.706
13.2726
77.6193
218.195
0.1649
823.191
500.966
782.974
349.546
12.4305
43.9105
370.359
81.8084
149.38
1063.02
918.601
20.4862
106.389
924.865
933.19
735.975
488.462
928.511
7.3359
467.83
523.665
949.699
1058.85
16.6366
455
194.502
121.247
147.293
251.908
373.933
3.048
6.7825
6.9268
1070.11
1.7039
166.282
191.336
8.3525
79.5676
710.554
408.075
516.026
161.079
453.541
61.046
959.766
76.9249
1013.78
63.7922
153.056
997.368
1049.32
43.2605
377.72
558.521
365.34
232.172
87.246
322.538
797.665
328.299
215.978
325.698
32.9981
959.25
795.338
1083.38
150.847
18.9077
280.606
898.26
3.2685
692.496
756.361
82.7887
115.901
0.0415
94.2478
175.82
894.142
20.8431
507.711
330.11
737.585
915.443
442.113
585.88
433.919
14.3309
42.5432
1.7938
64.947
271.735
3.0064
90.9803
978.204
567.815
83.9107
81.8849
14.0091
1063.12
403.007
83.8507
532.771
529.057
248.831
122.853
134.886
5.8999
752.644
637.376
393.626
419.172
630.208
207.134
569.475
170.862
0.0047
68.3292
1118.83
149.284
186.1
434.961
305.352
199.74
153.999
0.3121
101.691
89.5797
300.334
258.935
1036.65
933.794
196.191
252.472
4.4983
1.376
202.418
545.719
261.504
123.479
28.3425
32.4954
285.858
17.5976
187.517
703.313
150.222
95.2568
449.938
67.8906
458.032
10.8351
1081.44
553.226
363.024
927.65
4.2306
571.942
5.1472
734.262
131.983
755.183
334.676
18.4235
645.8
305.311
352.968
830.107
676.001
1006.57
14.5146
716.515
1043.4
1110.1
2.2231
18.8929
634.339
56.699
50.5131
267.027
287.765
925.92
407.534
824.06
1077.01
201.202
5.4867
87.5993
730.537
88.4839
141.768
903.782
18.4373
23.0678
5.0716
61.1154
36.4989
65.2057
234.037
139.768
536.027
1.6975
170.99
247.28
999.627
772.557
304.49
954.577
134.465
117.375
297.373
73.1597
144.61
50.4219
376.235
1115.89
187.53
892.82
1136.35
147.539
102.667
315.588
843.725
512.02
1067.76
339.755
275.994
68.2216
332.774
6.1283
515.164
86.7866
1021.07
0.0418
792.152
27.7946
117.619
840.374
601.79
80.27
1061.94
63.3385
315.818
112.094
450.395
1101.17
677.593
0.0659
77.8445
851.319
1142.25
317.805
72.4209
318.87
635.405
173.286
516.923
14.7164
99.1223
548.233
591.047
739.328
533.872
663.726
3.1779
54.273
201.715
39.3473
378.138
1159.66
847.071
221.57
534.46
841.202
27.3425
101.386
56.0665
672.323
554.349
253.177
44.2097
249.726
31.6408
145.985
28.0858
115.045
665.487
1107.92
318.533
11.6695
498.839
635.284
41.5487
281.594
351.247
850.899
1007.18
437.095
235.574
217.533
50.9045
254.732
440.035
2.0189
559.882
598.102
370.793
116.129
602.585
1065.58
76.8406
385.879
623.624
359.261
948.134
391.445
554.786
129.944
726.54
25.6034
19.3507
5.5077
5.4611
59.7928
51.1993
0.7007
722.944
636.371
3.5048
73.6835
104.492
295.546
612.893
48.2668
1103.46
557.411
260.167
146.587
116.543
139.478
356.07
142.981
84.9627
404.751
942.419
10.9842
1161.01
360.507
738.286
0.7875
567.932
247.772
1203.37
860.268
409.195
189.199
418.59
0.0065
210.415
1.1456
799.54
744.033
220.188
130.149
61.964
388.189
712.281
39.1515
542.757
521.514
144.444
2.8779
121.475
394.766
31.0413
324.706
153.769
65.6781
0.0354
707.851
302.599
23.7398
510.005
511.953
2.2464
606.788
152.381
997.56
1136.34
82.5045
276.073
81.2321
6.6436
931.316
178.103
399.664
779.588
514.557
134.449
391.871
15.5855
169.696
15.6108
813.234
378.256
20.2683
0.2995
1123.25
0.0133
1097.35
1.7072
731.214
100.715
334.103
401.095
879.815
142.482
668.447
928.956
1.9509
131.744
9.1318
1000.28
130.97
702.592
58.8102
79.9968
314.681
30.238
58.7821
13.8188
1073.67
325.501
362.135
348.292
292.564
277.092
46.8861
278.588
590.81
240.798
275.97
87.746
451.466
169.812
95.1235
97.6444
142.955
399.461
636.773
461.612
193.707
160.978
242.557
36.8756
1109.78
1.2174
412.299
199.163
802.896
411.109
622.273
875.603
104.748
14.7884
961.141
642.738
11.2006
377.522
297.818
375.158
932.56
548.317
93.5099
226.018
973.411
7.5238
336.949
2.6901
6.3317
122.607
80.5275
207.457
1002.89
168.374
441.055
582.636
464.022
1098.17
58.4263
43.9402
217.875
160.663
17.216
319.897
154.673
482.671
142.297
310.703
410.747
0.0413
1058.38
607.393
640.144
212.169
2.0074
68.524
330.289
13.4452
438.468
0.9792
1.1792
148.819
221.024
34.5382
113.167
411.795
28.3796
1.0187
60.282
456.771
14.6991
21.7501
141.117
55.8754
248.475
291.982
344.083
121.205
128.414
170.725
941.15
446.829
966.475
366.582
806.014
654.646
0.7142
839.235
809.143
44.3743
14.6559
381.465
968.835
251.011
508.409
425.128
58.1094
127.833
11.7496
736.498
957.683
107.292
463.447
2.297
672.613
226.755
291.372
563.886
54.9682
643.569
177.349
393.997
116.443
140.865
475.719
3.3503
414.67
252.96
702.673
1067.03
78.7814
639.527
196.966
76.527
452.008
15.6436
1001.24
563.024
1025.22
224.141
1102.12
1164.56
969.339
644.141
1051.87
76.8064
601.133
409.191
56.878
101.265
0.6973
629.643
1062.8
265.187
4.5712
0.5155
941.476
106.096
493.774
164.709
214.18
370.468
819.547
454.598
25.5277
377.014
134.119
865.356
209.175
40.4355
604.386
886.865
674.627
644.059
41.9477
805.316
676.143
95.009
219.215
45.2612
57.0287
414.313
8.9514
720.358
199.685
616.8
186.296
1018.47
582.648
335.413
134.364
230.618
433.216
557.17
56.7569
299.306
1052.62
754.617
410.184
109.645
123.058
2.1728
1126.06
209.399
612.675
992.141
1040.62
646.376
184.952
637.486
170.446
20.304
77.5756
2.2339
417.24
947.623
729.441
260.258
552.502
305.998
406.725
77.189
77.1467
927.161
1144.52
104.49
404.177
166.895
78.0908
981.316
16.8094
937.433
1076.23
98.1702
95.6925
1053.33
982.165
1059.33
551.17
405.668
1087.25
442.034
323.604
356.871
793.521
451.577
826.951
570.199
899.465
166.653
353.8
266.532
719.134
20.7707
321.779
215.508
677.801
204.555
1111.55
346.844
202.831
187.835
1.4354
477.307
921.029
984.424
569.439
111.644
506.228
4.0002
438.491
123.607
491.849
633.97
58.4084
58.5026
807.944
509.334
546.192
575.331
7.2196
385.062
3.4809
848.098
1162.22
93.9595
727.067
26.3377
206.262
100.666
239.709
594.595
77.2332
49.0402
577.112
1035.78
283.309
20.2995
56.6459
756.016
10.6385
132.217
15.5924
19.5718
836.173
78.7331
838.805
797.767
457.671
313.071
33.2601
112.671
1056.02
28.505
162.352
50.0612
113.4
340.895
69.7072
130.977
592.226
515.861
109.03
664.387
6.1865
100.867
454.974
59.6072
673.771
663.653
205.219
537.595
595.014
66.1723
226.81
969.282
75.8667
52.5356
360.551
402.347
128.179
678.614
0.0857
460.396
1081.37
408.468
152.022
142.35
566.359
244.938
103.223
8.9759
555.348
756.477
0.0436
206.391
947.928
237.707
342.904
814.584
4.3307
819.53
346.895
120.01
81.3089
30.0368
228.872
2.9678
793.083
484.907
1147.08
65.7916
66.2424
1138.94
1.2797
518.813
14.2681
354.8
10.8871
93.0283
265.475
145.219
411.808
85.1065
608.235
1167.14
459.581
367.982
527.22
3.9572
1117.55
32.6181
426.419
411.497
949.365
863.37
200.607
600.236
123.764
432.562
445.982
457.602
194.343
274.08
132.128
49.6193
0.3576
733.955
481.567
184.13
126.705
907.913
40.2237
1127.81
440.346
0.6
180.957
35.5569
259.695
187.685
1004.11
50.1627
767.93
8.0257
17.0984
37.9223
563.735
743.71
835.837
8.7564
255.086
76.3407
0.2397
31.1429
338.456
61.3449
11.3443
13.4755
1151.4
1122.4
173.915
1.0475
521.7
890.169
498.267
1175.8
379.815
265.153
0.0002
220.769
200.02
471.736
11.4303
663.268
48.1667
737.484
428.678
540.356
34.7217
32.9434
592.981
792.6
1.011
615.302
1072.24
524.111
335.062
333.312
11.4361
21.7592
689.209
245.019
151.382
173.915
0.0844
612.187
0.0945
1026.12
625.511
47.9626
119.325
771.153
504.557
0.777
711.959
153.09
37.9046
14.6831
468.195
487.953
161.949
399.61
845.962
819.486
16.8318
224.828
174.578
246.93
767.492
911.065
51.5695
474.967
23.9869
14.0538
154.941
314.785
908.045
16.3083
71.2337
1083.07
8.0188
1069.47
1148.65
36.2502
320.663
469.68
308.221
1047.22
549.515
216.657
1054.35
9.4232
691.581
984.418
398.589
912.407
131.548
5.1179
50.9555
255.191
4.3902
578.577
91.2418
940.963
130.276
140.819
227.259
29.4801
1088.23
767.412
358.949
2.1456
67.1596
860.978
43.8745
31.1319
348.798
179.145
464.908
6.0955
72.3124
574.469
140.831
83.0175
884.27
111.86
347.921
142.855
888.881
519.044
466.607
695.428
0.7312
1048.05
642.57
570.529
627.26
524.311
1167.02
995.879
203.647
972.332
939.115
99.4561
106.014
181.828
76.0006
316.921
588.308
651.864
970.862
790.569
71.6942
72.5822
442.876
467.079
392.992
244.56
929.084
85.1656
23.2387
411.155
231.546
9.2876
529.463
212.364
149.976
4.7105
1.7249
21.7742
188.435
196.335
0.158
284.952
27.1714
772.63
1175.1
18.1771
12.2593
190.944
6.4049
17.3305
331.51
676.394
92.2854
935.912
350.377
42.6054
1147.54
437.65
11.4051
85.7121
930.12
103.078
836.316
799.859
1066.96
770.428
1138.22
1075.9
1054.15
456.543
2.0053
355.207
17.3607
913.143
810.841
42.4888
312.909
368.794
520.416
49.2633
105.25
246.757
8.3325
22.3123
552.402
10.5457
161.365
53.6187
200.747
24.2553
10.9248
177.372
158.858
181.875
103.496
54.5758
96.2977
252.825
222.125
899.844
13.8064
1061.79
199.808
260.983
212.961
123.82
1.5543
764.535
88.3075
373.15
442.921
796.855
591.742
534.141
113.796
72.8307
425.329
4.6087
243.277
0.1032
123.163
294.861
1.1614
80.6617
284.504
3.6061
970.699
57.4182
0.2618
852.628
687.128
972.168
242.111
633.71
973.708
787.66
1013.96
35.5394
486.02
34.6411
834.291
390.358
356.385
311.674
139.004
722.26
424.405
50.5133
320.328
434.25
291.345
142.107
13.4153
199.408
906.749
376.013
325.175
240.284
359.161
150.595
927.966
758.495
12.1119
698.525
831.971
93.8873
438.208
800.309
686.051
817.138
0.9245
1033.53
54.1458
0.4914
396.516
571.222
946.744
473.562
142.761
482.927
512.938
497.523
595.854
12.6804
172.537
4.0023
18.4394
567.864
59.7296
1044.87
422.799
2.6138
313.214
207.046
24.1354
0.4193
327.84
334.478
318.784
519.578
278.725
679.827
1088.34
23.8195
852.391
210.389
126.96
1043.46
356.811
342.233
3.5528
686.455
4.2052
158.971
0.0127
211.032
350.677
463.169
725.383
593.412
5.5439
351.464
461.657
610.387
554.797
220.535
307.235
822.958
980.916
8.2565
299.85
471.375
89.0596
317.344
8.6578
223.666
1009.82
2.3916
480.126
171.954
209.188
252.38
271.51
287.883
753.681
815.075
88.3687
603.543
684.398
23.3055
618.48
4.3025
760.17
1115.08
92.4293
138.778
1014.7
648.726
99.0001
84.0739
1155.62
782.237
592.053
587.383
17.6168
969.392
16.6564
0.4956
1091.22
31.1613
109.27
313.514
90.5903
14.5673
361.635
372.225
3.3943
1161.38
195.349
1053.79
83.2964
786.901
313.226
431.925
159.373
374.638
100.808
2.5131
103.344
250.777
482.465
306.392
763.37
943.314
10.7968
330.719
378.048
979.947
180.681
436.121
0.208
691.585
979.092
1041.56
0.0921
15.3397
392.842
44.7436
179.815
485.54
95.956
31.8479
890.217
935.67
31.5167
1018.63
200.484
332.266
719.149
22.7767
696.1
456.384
185.381
100.838
28.4038
13.6695
681.26
1104.98
376.351
269.19
56.9219
75.4073
307.632
996.515
1139.94
148.379
182.738
817.082
229.137
976.429
107.215
403.749
136.9
85.1037
363.31
337.535
934.147
200.362
1005.4
1132.84
534.923
256.53
1159.09
466.76
47.2016
114.366
232.355
596.952
634.422
29.2154
1122.2
113.869
117.675
234.338
255.123
992.87
37.3701
111.865
143.988
110.518
756.775
1091.55
1169.29
390.162
961.852
585.578
52.122
96.1372
1.9637
580.913
44.4482
118.69
457.785
260.819
335.263
184.278
1176.87
218.232
683.529
27.3163
646.885
661.258
681.129
452.265
737.715
0.3126
1095.04
579.975
934.483
358.989
450.093
213.55
1027.93
1013.09
984.347
336.653
550.098
953.611
54.092
54.8647
459.273
857.178
35.6778
623.56
213.114
817.567
1.1531
348.892
182.413
338.5
40.3268
870.192
502.048
46.5082
285.639
120.263
745.561
323.703
0.2832
503.455
360.061
505.057
380.203
102.766
519.434
239.234
319.945
56.3494
38.1301
822.225
2.4036
899.295
844.223
23.4639
14.6739
38.6701
0.6869
235.354
1002.91
127.208
51.822
479.634
208.606
641.477
211.421
1173.66
29.3817
79.6287
102.996
502.531
884.425
859.499
216.465
34.6222
121.594
46.1104
720.341
551.559
724.983
142.11
288.579
770.241
1103.91
0.045
1148.82
7.496
39.7513
402.284
141.97
831.72
641.474
1119.97
486.522
949.996
577.981
173.589
11.823
171.486
935.087
61.7954
791.782
797.673
407.004
27.0931
711.391
614.443
181.338
18.5875
410.428
5.1938
0.3598
1002.11
507.477
41.9266
0.1406
427.281
126.07
1147.59
182.334
120.609
37.9022
874.655
984.332
48.1091
113.666
1.9057
481.439
6.439
26.7242
999.321
124.092
277.356
9.5685
2.332
358.753
27.3099
988.074
389.366
756.054
40.1939
217.869
66.0811
992.398
639.991
11.9396
492.374
40.7211
819.056
842.165
25.1481
283.793
419.482
214.982
215.133
585.669
793.541
497.424
136.779
385.075
1057.08
106.72
104.598
55.5006
290.753
209.825
297.894
75.7317
31.707
1054.87
789.777
81.3995
656.818
872.694
924.017
1172.08
291.612
171.825
202.376
9.9478
10.5099
25.0157
435.69
0.7581
168.664
1.1325
290.63
429.008
541.321
10.2562
573.061
0.7381
883.756
309.195
532.116
37.3935
1.0783
1197.52
224.734
264.887
135.326
200.773
159.292
140.714
595.136
151.991
832.771
680.241
209.644
339.383
265.15
1026.42
1088.78
227.656
815.124
33.5206
471.282
88.964
461.661
787.161
20.6569
496.689
437.011
1105.33
11.6831
51.6112
331.41
64.9744
687.156
0.3804
1122.31
787.348
41.2927
225.765
600.256
107.912
639.258
482.298
169.181
972.286
541.9
168.412
0.8738
59.864
66.3789
988.793
0.022
364.78
357.995
24.4218
61.9546
24.9243
6.0155
255.831
60.6194
481.005
494.345
1076.36
174.704
75.8451
158.309
66.8526
83.676
399.241
752.257
895.544
425.134
172.629
452.897
10.7313
207.855
238.082
1018
96.2454
14.7498
43.7861
592.389
153.318
56.4409
77.4563
473.371
352.534
350.132
768.36
224.369
409.165
358.182
72.6602
477.423
42.4037
548.483
93.8518
5.9848
213.166
0.2007
352.7
1085.56
3.1558
0.3476
3.7471
270.997
661.817
952.948
62.7588
362.366
425.303
152.336
528.373
1004.99
423.701
411.074
1151.62
14.6073
310.487
76.4577
26.7793
28.8423
17.7602
452.067
523.767
102.607
542.668
563.442
169.461
1.6916
120.241
0.0213
461.73
698.157
147.503
170.832
263.946
967.445
282.244
922.933
1045.25
20.8149
573.765
25.4094
1099.44
1102.33
307.79
24.0242
28.4853
789.344
485.1
862.049
217.601
39.3184
663.898
183.635
225.589
77.6734
1109.96
1077.78
961.603
756.306
275.864
952.783
628.606
347.807
788.115
309.573
636.515
737.753
66.6106
106.825
547.225
243.708
876.898
164.816
718.421
784.655
17.7665
29.2793
1105.85
361.36
261.321
1003.69
0.0034
142.106
572.846
1157.21
111.151
1132.66
1075.6
17.8469
701.992
52.0421
19.5102
750.107
91.2089
1057.42
567.538
636.546
472.586
122.164
133.1
650.739
0.3454
517.141
875.166
822.5
126.459
917.627
198.314
189.241
442.781
5.0062
1073.09
850.568
640.859
565.259
328.582
425.276
44.472
857.966
449.891
662.478
1025.92
729.531
126.27
523.587
28.125
359.632
49.9765
62.2857
41.8738
0.0975
45.1179
177.323
248.322
308.44
379.03
4.5735
113.161
20.2313
39.3255
261.081
35.4061
634.727
789.236
982.641
596.94
268.881
54.5403
131.938
4.9278
685.654
202.077
717.47
623.257
294.238
236.265
403.749
272.235
350.454
407.454
103.713
9.8961
3.1269
338.698
5.8045
0.0106
647.514
389.562
816.964
18.0762
813.811
5.4786
1060.21
82.4134
614.652
62.6201
62.1916
432.828
332.563
45.6518
28.3754
2.1404
812.804
48.3836
427.951
22.9199
137.661
117.126
640.517
32.5173
186.355
887.679
158.773
28.906
455.631
62.9695
553.524
472.403
526.474
592.569
12.2059
12.2674
569.687
334.662
24.8966
886.407
335.329
14.1133
68.5793
750.031
31.9421
0.0794
138.178
