Timp in Milisecunde
0.0988
0.097
0.096
0.0961
0.0959
0.0999
0.0982
0.0983
0.0984
0.0969
0.096
0.1076
0.098
0.0954
0.0973
0.0954
0.0983
0.0984
0.0968
0.0954
0.0965
0.0943
0.0965
0.0959
0.0959
0.0954
0.096
0.0966
0.0956
0.1005
0.0956
0.0959
0.0961
0.096
0.0954
0.0959
0.0961
0.0954
0.0962
0.0961
0.096
0.0994
0.098
0.0967
0.0971
0.0951
0.0991
0.0955
0.0971
0.0963
0.0957
0.0957
0.0959
0.0962
0.0991
0.0957
0.0959
0.0995
0.1015
0.0957
0.0962
0.0962
0.0959
0.0962
0.0963
0.0958
0.0962
0.0973
0.0965
0.0962
0.099
0.0973
0.0952
0.0958
0.0985
0.0992
0.1234
0.0986
0.096
0.0963
0.0971
0.0963
0.0964
0.0954
0.0982
0.1112
0.0997
0.0996
0.0962
0.0978
0.0964
0.0959
0.1005
0.0959
0.0959
0.1132
0.0979
0.0981
0.1165
0.0957
0.0988
0.0962
0.0962
0.0962
0.0957
0.0959
0.0958
0.0963
0.1015
0.0953
0.0961
0.0977
0.0961
0.0959
0.0961
0.0963
0.0954
0.0962
0.0952
0.0958
0.1008
0.0995
0.0961
0.0983
0.098
0.0989
0.0961
0.0954
0.0982
0.096
0.1124
0.096
0.096
0.0955
0.0955
0.0955
0.0976
0.096
0.0963
0.0958
0.0957
0.0959
0.0935
0.099
0.098
0.0955
0.0965
0.0993
0.0957
0.1001
0.0951
0.0961
0.0989
0.1
0.0993
0.0965
0.0964
0.095
0.0951
0.0958
0.099
0.096
0.0957
0.0966
0.0959
0.0962
0.0978
0.0965
0.0988
0.4567
0.099
0.0989
0.096
0.0962
0.0964
0.0959
0.0954
0.0959
0.1002
0.0994
0.0952
0.0962
0.0966
0.0967
0.0967
0.0963
0.096
0.0966
0.0987
0.0969
0.0965
0.0956
0.0964
0.0979
0.0963
0.0958
0.0967
0.0995
0.0963
0.0963
0.0967
0.0957
0.099
0.0954
0.0967
0.0963
0.0964
0.0965
0.0971
0.0983
0.0958
0.0968
0.0959
0.0959
0.0958
0.0994
0.0962
0.098
0.096
0.0979
0.0957
0.0956
0.0992
0.0971
0.0994
0.0956
0.0964
0.0953
0.1071
0.0966
0.0961
0.0961
0.097
0.0973
0.0961
0.0966
0.1018
0.1005
0.0988
0.0957
0.096
0.0961
0.0932
0.1015
0.0983
0.0953
0.0983
0.0969
0.097
0.0961
0.0953
0.0987
0.096
0.0965
0.0982
0.0961
0.0961
0.0961
0.1355
0.0961
0.0963
0.0986
0.1012
0.0963
0.0963
0.0989
0.096
0.0958
0.0966
0.0983
0.0958
0.096
0.0972
0.0959
0.0961
0.096
0.1002
0.0967
0.0964
0.0955
0.0961
0.0965
0.0964
0.0985
0.0969
0.0961
0.098
0.0952
0.0965
0.0979
0.0969
0.1332
0.0963
0.1005
0.0991
0.0961
0.0957
0.0958
0.0965
0.0988
0.0957
0.0957
0.0961
0.097
0.096
0.0985
0.0973
0.0978
0.1005
0.097
0.0989
0.096
0.0962
0.0987
0.0953
0.0963
0.0963
0.0969
0.0961
0.0993
0.0966
0.0963
0.1008
0.096
0.0961
0.096
0.0969
0.0956
0.0963
0.0965
0.0964
0.0963
0.0967
0.0958
0.0957
0.0966
0.0958
0.0965
0.1005
0.0964
0.0989
0.0986
0.0962
0.0963
0.0992
0.0958
0.0962
0.096
0.0965
0.0961
0.0958
0.0956
0.0957
0.0965
0.116
0.0977
0.0954
0.1
0.0965
0.0973
0.0963
0.0952
0.0955
0.095
0.0952
0.096
0.0963
0.0965
0.1068
0.0978
0.0963
0.0958
0.0963
0.0965
0.0967
0.0962
0.0961
0.0956
0.0965
0.0961
0.096
0.0955
0.0981
0.0959
0.0963
0.0964
0.0998
0.096
0.0966
0.0966
0.096
0.0974
0.0964
0.0959
0.0963
0.0968
0.0987
0.0982
0.0957
0.0957
0.0993
0.0972
0.0985
0.0986
0.0963
0.0962
0.0967
0.0986
0.0973
0.0969
0.0962
0.0993
0.0962
0.0981
0.0999
0.0962
0.096
0.0974
0.0961
0.0967
0.0959
0.0962
0.0972
0.0966
0.0967
0.0957
0.096
0.1023
0.0968
0.0962
0.0964
0.0986
0.0989
0.0963
0.0962
0.0984
0.0959
0.096
0.096
0.0961
0.0957
0.0969
0.0961
0.0963
0.0964
0.0957
0.1003
0.0963
0.0958
0.0975
0.0965
0.099
0.0965
0.0965
0.0982
0.0982
0.0966
0.0962
0.0961
0.0963
0.1009
0.0932
0.0964
0.1004
0.0959
0.0963
0.0956
0.0974
0.0954
0.0982
0.1002
0.0987
0.0969
0.1017
0.0964
0.0955
0.0955
0.1003
0.0957
0.0983
0.0955
0.0984
0.0999
0.099
0.0967
0.0974
0.0954
0.0962
0.095
0.0962
0.0954
0.0998
0.0984
0.0957
0.0965
0.0988
0.0957
0.0957
0.0956
0.0984
0.0962
0.0991
0.1002
0.099
0.0957
0.0987
0.0957
0.0977
0.0965
0.0991
0.0969
0.0983
0.0959
0.0974
0.0982
0.0968
0.0991
0.0983
0.0956
0.0973
0.0963
0.099
0.0966
0.0957
0.0996
0.0987
0.0993
0.0966
0.0988
0.0961
0.0993
0.0955
0.0958
0.0986
0.0967
0.0962
0.0954
0.0996
0.0954
0.0971
0.0951
0.1003
0.0993
0.1014
0.0961
0.096
0.096
0.0961
0.0961
0.0968
0.0966
0.0966
0.0955
0.0964
0.0961
0.0997
0.0998
0.0992
0.096
0.0956
0.0967
0.0994
0.0994
0.0964
0.0993
0.0993
0.0968
0.0987
0.0955
0.0969
0.0955
0.0969
0.0988
0.0986
0.0982
0.0956
0.0962
0.0965
0.0958
0.1009
0.0957
0.0957
0.1044
0.0991
0.0963
0.0983
0.0985
0.1003
0.0963
0.101
0.0958
0.0996
0.0982
0.0961
0.0988
0.0955
0.1005
0.0972
0.0957
0.0986
0.0955
0.099
0.1004
0.0964
0.0961
0.096
0.0966
0.0987
0.0958
0.0965
0.0967
0.0992
0.096
0.0955
0.0963
0.0949
0.0987
0.0964
0.0963
0.0984
0.0984
0.0959
0.0965
0.0979
0.0969
0.0983
0.0993
0.0989
0.0991
0.0962
0.0955
0.0964
0.0994
0.0978
0.1025
0.0957
0.096
0.0963
0.0958
0.0987
0.0965
0.0965
0.0989
0.0958
0.0961
0.0956
0.0962
0.0966
0.0985
0.0962
0.0964
0.0959
0.0991
0.098
0.0985
0.0958
0.0961
0.0988
0.0966
0.0965
0.0986
0.0981
0.0964
0.096
0.0989
0.0987
0.0992
0.0964
0.096
0.097
0.0975
0.0988
0.095
0.0961
0.0973
0.0957
0.099
0.0967
0.0991
0.098
0.0958
0.0966
0.096
0.0959
0.0955
0.0965
0.0958
0.0956
0.0954
0.0981
0.0968
0.0985
0.0966
0.0997
0.0987
0.0968
0.105
0.0996
0.0964
0.0991
0.0957
0.0963
0.0952
0.0961
0.0954
0.0956
0.0957
0.0974
0.0958
0.096
0.1014
0.099
0.0951
0.0988
0.0961
0.0954
0.0991
0.0946
0.0981
0.0986
0.098
0.0963
0.0973
0.097
0.0998
0.096
0.0961
0.0961
0.0995
0.0996
0.096
0.0972
0.0963
0.0988
0.0998
0.1005
0.0956
0.0986
0.0975
0.0994
0.0971
0.0958
0.0959
0.0965
0.0958
0.0989
0.0973
0.0983
0.0951
0.0962
0.0972
0.0958
0.1028
0.0958
0.0982
0.0976
0.0993
0.0961
0.0996
0.0954
0.0992
0.0955
0.0962
0.0989
0.0955
0.1005
0.0964
0.0969
0.0982
0.0955
0.0987
0.097
0.0965
0.0963
0.0963
0.0963
0.0978
0.0986
0.0976
0.0966
0.0971
0.0955
0.0978
0.0963
0.0982
0.0945
0.0961
0.1004
0.098
0.096
0.0961
0.0962
0.0966
0.0984
0.0966
0.1001
0.0998
0.0958
0.1017
0.0967
0.0962
0.0964
0.0952
0.097
0.0988
0.0974
0.0986
0.0959
0.0953
0.0965
0.096
0.0969
0.0993
0.0964
0.1179
0.0996
0.0963
0.0977
0.0982
0.0955
0.0965
0.0952
0.099
0.0968
0.0964
0.0959
0.0989
0.0958
0.0954
0.0959
0.0959
0.1163
0.0963
0.0974
0.095
0.0948
0.0965
0.0958
0.0983
0.0962
0.0972
0.0967
0.096
0.1
0.0985
0.0966
0.0958
0.1168
0.1
0.1005
0.0951
0.0985
0.0961
0.0993
0.0971
0.0982
0.096
0.0959
0.1001
0.0985
0.0967
0.0965
0.0955
0.0959
0.0952
0.096
0.0958
0.0957
0.0989
0.1002
0.0953
0.0962
0.0969
0.1033
0.0966
0.0996
0.096
0.0969
0.0989
0.0984
0.0955
0.0958
0.0986
0.0949
0.0959
0.0957
0.096
0.0985
0.096
0.0965
0.0961
0.0991
0.0963
0.0957
0.0963
0.0967
0.0953
0.0963
0.0963
0.0961
0.0962
0.0966
0.0959
0.0999
0.1007
0.0984
0.0966
0.1092
0.0961
0.0995
0.0965
0.0952
0.0955
0.0955
0.0962
0.0962
0.0987
0.096
0.0965
0.099
0.096
0.1022
0.0986
0.0956
0.1005
0.096
0.0957
0.0966
0.0957
0.0974
0.1003
0.0993
0.0964
0.0961
0.0989
0.096
0.0965
0.0959
0.0964
0.0967
0.0964
0.0989
0.0955
0.0957
0.1
0.0956
0.1005
0.0965
0.0967
0.0995
0.0996
0.1021
0.0963
0.0962
0.0963
0.0965
0.0961
0.0966
0.0957
0.0959
0.0953
0.0958
0.0963
0.0959
0.096
0.097
0.0989
0.0962
0.0961
0.0991
0.1008
0.0962
0.0959
0.0959
0.0937
0.0952
0.0955
0.1005
0.0966
0.0952
0.0958
0.0984
0.0958
0.0987
0.0957
0.097
0.0976
0.0993
0.0993
0.0992
0.099
0.0956
0.1004
0.0998
0.0977
0.0968
0.0955
0.0961
0.0987
0.0967
0.0958
0.0955
0.0966
0.0964
0.0999
0.0962
0.0937
0.0989
0.0954
0.0966
0.0965
0.0989
0.0961
0.0964
0.099
0.0961
0.0966
0.0971
0.0967
0.0961
0.0961
0.0962
0.0996
0.096
0.0967
0.0975
0.0991
0.0966
0.0967
0.0986
0.097
0.0985
0.0985
0.0963
0.0966
0.0994
0.0991
0.0979
0.0965
0.0959
0.109
0.0961
0.0959
0.0963
0.0994
0.0964
0.0982
0.0965
0.0959
0.0964
0.0998
0.0986
0.1447
0.0966
0.096
0.0976
0.0959
0.0957
0.0985
0.0966
0.097
0.0953
0.0971
0.0982
0.0957
0.096
0.0961
0.098
0.1006
0.0957
0.0999
0.0961
0.096
0.0953
0.097
0.0995
0.099
0.0961
0.0993
0.0962
0.0968
0.0968
0.0988
0.1068
0.097
0.0968
0.0953
0.0963
0.0961
0.0954
0.0974
0.0962
0.0965
0.0992
0.099
0.0974
0.0992
0.099
0.0965
0.0964
0.099
0.0958
0.0984
0.0963
0.0962
0.0955
0.0983
0.099
0.1005
0.0954
0.1219
0.0992
0.0948
0.1027
0.0969
0.1107
0.1001
0.1003
0.0963
0.0962
0.0985
0.0959
0.096
0.0961
0.0964
0.1012
0.0964
0.099
0.0969
0.0958
0.0957
0.0962
0.0993
0.0956
0.0961
0.0993
0.0956
0.096
0.1271
0.0987
0.0961
0.097
0.0962
0.0981
0.099
0.0966
0.0967
0.096
0.0953
0.0953
0.0993
0.0962
0.096
0.0966
0.0958
0.0965
0.1011
0.0997
0.096
0.0968
0.0968
0.0961
0.0963
0.0966
0.0966
0.0955
0.098
0.0995
0.0957
0.0986
0.0955
0.0965
0.096
0.0959
0.0947
0.0959
0.0989
0.0967
0.0963
0.0962
0.096
0.0961
0.0995
0.0962
0.1002
0.0999
0.0973
0.0965
0.099
0.0962
0.0964
0.0957
0.0971
0.0954
0.0963
0.105
0.0962
0.0954
0.0979
0.0992
0.0958
0.096
0.0961
0.0936
0.0956
0.0964
0.0952
0.0995
0.0961
0.0959
0.0957
0.0966
0.0962
0.0968
0.0951
0.0992
0.0961
0.0982
0.0994
0.096
0.0967
0.0959
0.0959
0.0968
0.0986
0.096
0.1
0.0971
0.0957
0.0967
0.0988
0.0968
0.0964
0.0959
0.0963
0.0986
0.0986
0.0957
0.0982
0.0989
0.0964
0.0963
0.0961
0.1002
0.0955
0.0976
0.0963
0.0966
0.0974
0.0963
0.0955
0.0986
0.0956
0.0983
0.0975
0.0963
0.0961
0.0963
0.0965
0.0991
0.1007
0.1003
0.0993
0.0986
0.0969
0.0963
0.0963
0.0957
0.0963
0.0982
0.0998
0.0986
0.097
0.0958
0.096
0.096
0.0956
0.0994
0.0984
0.0986
0.0967
0.0962
0.0963
0.0965
0.0959
0.0963
0.0957
0.0973
0.0991
0.096
0.0954
0.0991
0.0969
0.0988
0.0968
0.0963
0.0966
0.1014
0.0964
0.0967
0.1007
0.0972
0.0964
0.0963
0.0963
0.0965
0.0967
0.0961
0.0982
0.096
0.0956
0.0966
0.0958
0.0971
0.0978
0.0956
0.0959
0.0964
0.1027
0.0979
0.095
0.0975
0.099
0.0992
0.1004
0.0958
0.0955
0.1009
0.0954
0.0954
0.097
0.0963
0.0984
0.0956
0.0969
0.0962
0.0957
0.0961
0.0957
0.0965
0.0989
0.0973
0.096
0.0983
0.0967
0.0953
0.1342
0.0958
0.0968
0.0972
0.1003
0.0993
0.0981
0.099
0.0989
0.0979
0.0991
0.0959
0.0988
0.0959
0.0956
0.0961
0.0964
0.0964
0.0969
0.0967
0.0951
0.0955
0.0987
0.0959
0.099
0.0987
0.0961
0.0992
0.0969
0.1034
0.0966
0.0969
0.0958
0.0971
0.0973
0.0964
0.0983
0.0966
0.0996
0.099
0.0959
0.0962
0.0966
0.1007
0.1349
0.0988
0.0957
0.0983
0.1007
0.0983
0.0985
0.0958
0.0957
0.0961
0.0959
0.0961
0.0963
0.0961
0.0968
0.097
0.0966
0.0967
0.0964
0.096
0.0957
0.096
0.0963
0.0983
0.0986
0.0958
0.0968
0.098
0.1009
0.1247
0.0993
0.0955
0.1006
0.1102
0.0958
0.0961
0.1024
0.0984
0.0966
0.0962
0.0985
0.0971
0.0967
0.0988
0.0955
0.0952
0.0959
0.1002
0.0956
0.0976
0.0958
0.0984
0.0987
0.0969
0.0959
0.0985
0.0967
0.0966
0.0991
0.1004
0.0965
0.0965
0.1016
0.096
0.0987
0.0963
0.0982
0.0997
0.0988
0.0956
0.0957
0.1
0.096
0.1014
0.0992
0.0972
0.0991
0.0958
0.0956
0.099
0.0992
0.0975
0.0957
0.0959
0.0998
0.0962
0.0953
0.0983
0.097
0.0968
0.0964
0.0965
0.1009
0.0958
0.0994
0.0963
0.0984
0.0967
0.0958
0.098
0.1007
0.0938
0.099
0.0986
0.0962
0.0956
0.0976
0.0973
0.0959
0.099
0.0964
0.0959
0.0951
0.0966
0.0985
0.0962
0.0989
0.0993
0.0996
0.0986
0.0977
0.096
0.0977
0.0957
0.0977
0.0995
0.0957
0.0956
0.0961
0.0998
0.0957
0.1061
0.1019
0.0995
0.0974
0.0965
0.0966
0.0983
0.0962
0.0954
0.0946
0.1031
0.096
0.0948
0.0981
0.0963
0.0963
0.0969
0.099
0.0957
0.0961
0.0956
0.0957
0.097
0.1003
0.0965
0.0962
0.099
0.1014
0.0981
0.0956
0.0962
0.096
0.0967
0.0993
0.097
0.1003
0.096
0.0961
0.0955
0.0956
0.1001
0.0957
0.0956
0.096
0.0983
0.0991
0.1008
0.1022
0.0986
0.0982
0.0967
0.0956
0.0966
0.0962
0.0963
0.0989
0.0984
0.0964
0.0991
0.0992
0.0966
0.1
0.0965
0.1013
0.0993
0.0961
0.0967
0.0985
0.0963
0.0991
0.0984
0.0994
0.1001
0.0986
0.0985
0.0959
0.0972
0.1011
0.0958
0.0971
0.0958
0.0955
0.097
0.0958
0.0982
0.0969
0.0952
0.0951
0.0959
0.0991
0.0969
0.098
0.1005
0.0958
0.0987
0.0965
0.0958
0.095
0.0964
0.0964
0.0992
0.0963
0.0958
0.0958
0.11
0.0964
0.0963
0.0959
0.1
0.096
0.0966
0.0969
0.0958
0.0965
0.0969
0.0956
0.0958
0.0959
0.0958
0.0978
0.0973
0.1004
0.0966
0.0972
0.096
0.0966
0.0989
0.1004
0.0973
0.0959
0.0967
0.0955
0.0956
0.0957
0.0958
0.1348
0.0956
0.0965
0.0962
0.0997
0.0963
0.099
0.0972
0.0959
0.099
0.0971
0.0974
0.0987
0.0963
0.1115
0.0986
0.0976
0.1045
0.0968
0.0961
0.0952
0.0965
0.0967
0.0966
0.0955
0.096
0.0958
0.0999
0.0985
0.101
0.0965
0.0963
0.0973
0.0957
0.0961
0.0991
0.0959
0.0993
0.0955
0.096
0.0996
0.0973
0.0958
0.0959
0.0965
0.0979
0.0956
0.0959
0.096
0.0942
0.0983
0.097
0.099
0.0986
0.0963
0.0988
0.0959
0.0985
0.096
0.0957
0.0964
0.0982
0.0994
0.0964
0.0957
0.0996
0.0982
0.0957
0.0962
0.0996
0.0954
0.0985
0.0976
0.0954
0.0981
0.0965
0.0965
0.0957
0.0998
0.0962
0.0982
0.0951
0.0996
0.0966
0.1196
0.0985
0.0985
0.0967
0.0967
0.0964
0.0972
0.1003
0.0947
0.0962
0.0964
0.1006
0.097
0.0956
0.0994
0.097
0.0957
0.0952
0.0996
0.0974
0.1005
0.0952
0.0956
0.0957
0.0983
0.0978
0.0969
0.0963
0.0955
0.0958
0.0953
0.0989
0.1
0.095
0.0986
0.0986
0.0985
0.1
0.0987
0.0992
0.0969
0.0975
0.0961
0.0965
0.0986
0.096
0.0988
0.0967
0.0951
0.0973
0.0955
0.0961
0.0989
0.0993
0.096
0.0982
0.0957
0.0997
0.0965
0.0962
0.0952
0.0985
0.0953
0.0965
0.1025
0.0955
0.0958
0.096
0.0988
0.1002
0.0966
0.0953
0.0964
0.0956
0.0957
0.1017
0.0994
0.0988
0.0985
0.0988
0.0965
0.0987
0.0958
0.0961
0.0962
0.099
0.0987
0.0997
0.1013
0.099
0.0988
0.0967
0.0972
0.098
0.0968
0.096
0.0993
0.0963
0.0964
0.096
0.1001
0.1021
0.0965
0.0956
0.0967
0.0984
0.0994
0.0954
0.0988
0.0961
0.0989
0.0964
0.0974
0.0966
0.0962
0.0939
0.0986
0.0958
0.098
0.0965
0.0961
0.1097
0.0976
0.093
0.0978
0.0988
0.1165
0.0967
0.098
0.0964
0.0979
0.0981
0.0989
0.0962
0.0963
0.0968
0.0965
0.0996
0.0963
0.0956
0.0985
0.0972
0.0968
0.0962
0.0985
0.0961
0.0978
0.0989
0.0963
0.099
0.0964
0.0985
0.0959
0.1003
0.0992
0.0958
0.0992
0.1
0.0963
0.096
0.0964
0.0963
0.0962
0.0963
0.0952
0.0963
0.0957
0.0989
0.1002
0.0964
0.0955
0.0956
0.0989
0.0967
0.0993
0.0991
0.0969
0.0964
0.1001
0.109
0.096
0.1008
0.0982
0.0983
0.0958
0.0944
0.0968
0.1002
0.0957
0.0966
0.0992
0.0961
0.0966
0.0955
0.0967
0.0984
0.0952
0.0967
0.0996
0.0955
0.0989
0.1001
0.0954
0.0977
0.0959
0.0951
0.1003
0.0955
0.1004
0.0964
0.0954
0.0933
0.0955
0.0986
0.0963
0.1005
0.0983
0.0955
0.0955
0.0988
0.096
0.0985
0.0956
0.0963
0.0965
0.0959
0.0956
0.0992
0.0995
0.0965
0.0991
0.0964
0.1018
0.0961
0.0961
0.096
0.0972
0.0968
0.0962
0.0988
0.0963
0.099
0.0964
0.0964
0.0992
0.0983
0.0994
0.0989
0.1015
0.0962
0.0986
0.0959
0.0954
0.0958
0.0981
0.0989
0.0989
0.0962
0.0969
0.0997
0.0994
0.0956
0.0991
0.1006
0.103
0.0981
0.0986
0.0958
0.1006
0.0976
0.0987
0.0969
0.0969
0.0957
0.0989
0.0992
0.0992
0.0968
0.0958
0.0968
0.0964
0.0955
0.0964
0.0964
0.0962
0.0961
0.1
0.0962
0.1008
0.0958
0.0992
0.0962
0.0961
0.0989
0.095
0.0993
0.0967
0.097
0.0991
0.0959
0.0962
0.0959
0.0964
0.097
0.0963
0.0958
0.0966
0.0966
0.0981
0.094
0.1142
0.1005
0.0973
0.096
0.0958
0.0956
0.0956
0.0956
0.0966
0.0981
0.0961
0.0981
0.0958
0.0998
0.0974
0.0996
0.0964
0.0965
0.0965
0.096
0.1164
0.0959
0.0975
0.0955
0.0958
0.0967
0.1003
0.0992
0.0993
0.0961
0.096
0.0985
0.0977
0.0996
0.0962
0.1063
0.1007
0.0961
0.0957
0.0952
0.0968
0.0959
0.0999
0.0967
0.096
0.1001
0.0965
0.0964
0.0991
0.1123
0.096
0.0964
0.0989
0.0958
0.095
0.0961
0.0984
0.0966
0.0989
0.0994
0.0961
0.096
0.0963
0.0962
0.0977
0.0994
0.0996
0.0957
0.0968
0.0984
0.0964
0.0957
0.0958
0.0956
0.1074
0.0976
0.0992
0.0958
0.0994
0.0979
0.0964
0.0963
0.0957
0.0959
0.0973
0.0958
0.0959
0.0991
0.0971
0.101
0.096
0.0959
0.096
0.0958
0.0951
0.0976
0.0961
0.0961
0.0964
0.0955
0.099
0.0961
0.0963
0.094
0.0964
0.0966
0.0993
0.0952
0.0994
0.0956
0.0981
0.0952
0.0985
0.096
0.0961
0.0963
0.0965
0.0968
0.0962
0.0986
0.0959
0.0967
0.0964
0.0966
0.0959
0.0961
0.098
0.0994
0.0994
0.0982
0.0965
0.0963
0.0987
0.0965
0.0986
0.0965
0.0959
0.1004
0.1006
0.0991
0.0957
0.096
0.0958
0.0963
0.0986
0.0983
0.1007
0.0963
0.0994
0.0985
0.1077
0.0979
0.0975
0.0957
0.1
0.0961
0.0959
0.101
0.0994
0.0982
0.0984
0.0966
0.0954
0.0957
0.097
0.0964
0.0959
0.0986
0.0956
0.0987
0.0961
0.0958
0.0969
0.0957
0.096
0.0967
0.0981
0.0958
0.0971
0.0966
0.0962
0.0958
0.0959
0.0994
0.0952
0.0954
0.0986
0.0991
0.096
0.0968
0.0964
0.0959
0.1001
0.0957
0.0956
0.0967
0.098
0.0963
0.0971
0.098
0.0994
0.0956
0.0954
0.0954
0.0979
0.0965
0.0998
0.097
0.0962
0.0967
0.0976
0.0966
0.0958
0.0963
0.096
0.096
0.0986
0.0965
0.0956
0.1008
0.0961
0.0958
0.099
0.0968
0.0998
0.0961
0.0961
0.0954
0.0957
0.0995
0.0956
0.0988
0.0987
0.0991
0.0968
0.0966
0.0964
0.0964
0.1026
0.0992
0.0961
0.0958
0.0967
0.0962
0.0965
0.0963
0.0973
0.0978
0.0963
0.0989
0.0998
0.0973
0.0999
0.0965
0.096
0.1004
0.0966
0.0969
0.0979
0.0965
0.0989
0.0963
0.098
0.0953
0.0959
0.0994
0.095
0.0976
0.0954
0.0979
0.0977
0.0961
0.0993
0.0962
0.0957
0.0956
0.0962
0.096
0.0961
0.0956
0.1001
0.1004
0.0961
0.0955
0.096
0.0996
0.1021
0.0959
0.0962
0.0953
0.0965
0.0964
0.0967
0.099
0.0988
0.0961
0.0962
0.0956
0.0963
0.1001
0.0955
0.0998
0.0972
0.0983
0.0977
0.0969
0.1032
0.1004
0.0958
0.1007
0.0975
0.0987
0.0963
0.0958
0.0967
0.1006
0.0959
0.0986
0.0969
0.0987
0.1001
0.1007
0.0978
0.0962
0.1007
0.0976
0.0994
0.0954
0.1394
0.1003
0.1229
0.0966
0.0964
0.0954
0.0956
0.0972
0.0956
0.0991
0.0994
0.0957
0.0989
0.0989
0.0962
0.0969
0.0958
0.0976
0.0994
0.0957
0.0995
0.0953
0.096
0.0985
0.0986
0.1016
0.0993
0.0959
0.0985
0.0963
0.101
0.096
0.0958
0.0963
0.096
0.0966
0.0921
0.096
0.0997
0.0961
0.0958
0.0992
0.0954
0.0959
0.0987
0.1003
0.0995
0.0981
0.0957
0.0976
0.0962
0.0969
0.0957
0.0954
0.0951
0.0962
0.0962
0.0941
0.0979
0.0956
0.0962
0.0935
0.0993
0.0989
0.0963
0.0986
0.096
0.0975
0.0979
0.0962
0.0965
0.0963
0.1006
0.0963
0.0989
0.0988
0.0985
0.0966
0.0967
0.0992
0.0958
0.0962
0.0991
0.0997
0.0973
0.0999
0.0964
0.0957
0.0962
0.0977
0.0989
0.0962
0.0988
0.0967
0.0952
0.0967
0.0977
0.0986
0.0955
0.0966
0.0956
0.0954
0.1019
0.0995
0.0994
0.0958
0.096
0.0978
0.0984
0.0964
0.0963
0.0964
0.098
0.0954
0.0985
0.1003
0.098
0.0965
0.0966
0.0959
0.096
0.0964
0.0989
0.0966
0.0966
0.0964
0.0964
0.0983
0.0985
0.096
0.0962
0.0959
0.096
0.0988
0.0974
0.0993
0.0964
0.0957
0.1008
0.0999
0.0989
0.0961
0.0963
0.0977
0.0973
0.0947
0.0959
0.0968
0.0964
0.0987
0.0958
0.0957
0.0966
0.096
0.0959
0.1008
0.0956
0.0968
0.0986
0.0969
0.0966
0.0959
0.0961
0.0954
0.1157
0.0957
0.0961
0.0953
0.0959
0.0958
0.097
0.0958
0.0959
0.0954
0.096
0.0964
0.0962
0.1006
0.0991
0.1061
0.096
0.0969
0.0962
0.0962
0.0958
0.0959
0.0964
0.0968
0.0954
0.0994
0.0954
0.0982
0.0997
0.0962
0.0971
0.0988
0.0966
0.0961
0.096
0.0962
0.0965
0.0995
0.0958
0.096
0.096
0.0959
0.0957
0.0965
0.096
0.1005
0.1075
0.096
0.0996
0.0994
0.0955
0.0964
0.0962
0.0957
0.0966
0.1239
0.0967
0.0961
0.1
0.0971
0.098
0.1001
0.0962
0.0999
0.103
0.1379
0.097
0.0954
0.0991
0.0999
0.0959
0.0982
0.0954
0.0951
0.0969
0.0937
0.0963
0.0959
0.1009
0.1415
0.0966
0.0983
0.0949
0.096
0.0961
0.0968
0.0959
0.0986
0.0967
0.096
0.0964
0.0956
0.0956
0.099
0.0958
0.096
0.0961
0.0961
0.0987
0.0994
0.0967
0.099
0.0951
0.0962
0.1
0.0959
0.096
0.0959
0.1
0.0964
0.098
0.0962
0.0957
0.0991
0.0999
0.0955
0.0963
0.0971
0.1008
0.0991
0.0992
0.1006
0.0988
0.096
0.0959
0.0957
0.0961
0.0989
0.096
0.0955
0.0999
0.099
0.0998
0.0957
0.0989
0.0969
0.0977
0.0965
0.1012
0.0963
0.0991
0.0958
0.0963
0.097
0.0962
0.0984
0.098
0.0956
0.0963
0.0982
0.0956
0.0955
0.099
0.096
0.0966
0.096
0.0966
0.0961
0.0981
0.0998
0.0987
0.097
0.0971
0.0986
0.0985
0.0959
0.0964
0.0958
0.0978
0.1016
0.0957
0.0962
0.0974
0.0952
0.0956
0.0955
0.097
0.0958
0.0987
0.0955
0.0986
0.0998
0.0959
0.0964
0.0962
0.0987
0.0965
0.0957
0.0963
0.0963
0.0989
0.0963
0.0965
0.0959
0.0969
0.0991
0.1106
0.1161
0.0956
0.0938
0.096
0.0964
0.096
0.0963
0.096
0.0955
0.0966
0.0984
0.1024
0.0966
0.0991
0.0964
0.0977
0.0961
0.0966
0.0965
0.0957
0.0997
0.118
0.1
0.0955
0.0982
0.0988
0.0979
0.1028
0.0963
0.0958
0.095
0.0997
0.0983
0.0981
0.0983
0.0956
0.098
0.0975
0.0958
0.0982
0.0982
0.0992
0.1085
0.0997
0.0952
0.0958
0.096
0.096
0.0989
0.1165
0.0964
0.0949
0.1012
0.0971
0.0957
0.0957
0.0967
0.0957
0.1009
0.0987
0.0953
0.0983
0.0985
0.0968
0.0963
0.0992
0.0982
0.0958
0.1005
0.0952
0.096
0.0961
0.0989
0.0957
0.0987
0.0956
0.0967
0.0954
0.0987
0.0983
0.0954
0.0958
0.0982
0.0988
0.0988
0.0982
0.0956
0.0964
0.0952
0.0967
0.0959
0.0964
0.0962
0.0987
0.0969
0.096
0.0989
0.0955
0.099
0.1005
0.0988
0.0957
0.0988
0.0955
0.0981
0.0955
0.0965
0.1033
0.0959
0.0967
0.0957
0.0968
0.0968
0.0971
0.0937
0.0999
0.0959
0.0987
0.0965
0.0968
0.0961
0.0959
0.1195
0.0996
0.0969
0.0977
0.0995
0.0958
0.0987
0.0956
0.0959
0.1008
0.0964
0.0935
0.0995
0.1347
0.0973
0.0997
0.0987
0.1036
0.0987
0.0963
0.096
0.0955
0.0967
0.0958
0.0959
0.0954
0.0987
0.0961
0.0957
0.0962
0.0957
0.0996
0.0965
0.1011
0.0985
0.0981
0.0965
0.0968
0.0967
0.0961
0.0956
0.0974
0.0963
0.0982
0.0972
0.0958
0.096
0.0962
0.0957
0.0992
0.0953
0.0985
0.0954
0.0965
0.0978
0.0985
0.0966
0.0961
0.0983
0.0969
0.096
0.1006
0.1002
0.0985
0.0985
0.0962
0.0985
0.0983
0.0954
0.0983
0.097
0.0971
0.0992
0.1105
0.0967
0.0982
0.1011
0.0958
0.0972
0.0982
0.0986
0.0967
0.0994
0.0969
0.0966
0.0988
0.0991
0.0957
0.1001
0.096
0.0972
0.0964
0.0969
0.0961
0.0959
0.0964
0.0968
0.099
0.0959
0.1003
0.0969
0.0963
0.102
0.0974
0.0967
0.0978
0.0955
0.0954
0.0974
0.096
0.0963
0.0964
0.0951
0.0965
0.0953
0.0987
0.0981
0.096
0.096
0.0962
0.0968
0.0993
0.0987
0.0936
0.1007
0.0991
0.0991
0.0961
0.0963
0.099
0.0969
0.0956
0.0963
0.099
0.0969
0.0969
0.0962
0.0975
0.0958
0.1003
0.0982
0.0983
0.096
0.0954
0.0967
0.0965
0.0956
0.0985
0.0986
0.0956
0.0973
0.0959
0.0962
0.0962
0.0959
0.0962
0.0996
0.0967
0.096
0.0987
0.0983
0.0993
0.0997
0.102
0.1015
0.0965
0.0964
0.0972
0.0971
0.0954
0.0969
0.0965
0.0974
0.0965
0.0965
0.0958
0.0957
0.0953
0.0958
0.0964
0.096
0.0957
0.0957
0.0967
0.0955
0.0984
0.0979
0.1009
0.0957
0.0959
0.0962
0.0953
0.0957
0.0956
0.0956
0.0955
0.0962
0.096
0.0954
0.0957
0.0959
0.1016
0.0989
0.0964
0.0981
0.0993
0.0992
0.0958
0.0976
0.0984
0.0967
0.0998
0.0967
0.0986
0.0964
0.0953
0.0989
0.0984
0.0955
0.0979
0.0988
0.0986
0.0961
0.0989
0.0963
0.0961
0.0961
0.0953
0.0975
0.0953
0.1008
0.0987
0.0984
0.0951
0.098
0.0977
0.0959
0.0963
0.0999
0.0957
0.0961
0.0967
0.099
0.0959
0.0974
0.0963
0.0963
0.0987
0.0954
0.0966
0.0998
0.096
0.0951
0.0986
0.0959
0.0962
0.0987
0.096
0.0953
0.0956
0.0962
0.0986
0.0955
0.095
0.0991
0.0956
0.0963
0.098
0.1004
0.098
0.0963
0.0969
0.0964
0.0967
0.0962
0.0964
0.0972
0.0964
0.0963
0.0958
0.0955
0.0963
0.0964
0.0965
0.0955
0.0962
0.1006
0.0955
0.1
0.096
0.1015
0.0957
0.0967
0.0964
0.0957
0.0971
0.096
0.0945
0.0999
0.0991
0.0962
0.0961
0.0979
0.0967
0.0956
0.0998
0.0966
0.0964
0.0962
0.0983
0.099
0.096
0.0992
0.0992
0.0965
0.0968
0.099
0.0966
0.1006
0.0968
0.0982
0.0963
0.0937
0.0963
0.0991
0.0947
0.0981
0.097
0.098
0.0996
0.0969
0.0984
0.0962
0.0961
0.0969
0.0959
0.096
0.102
0.0968
0.095
0.0963
0.0965
0.0963
0.0957
0.0962
0.0963
0.1004
0.1011
0.0955
0.099
0.0957
0.0957
0.0981
0.0983
0.0958
0.0973
0.0997
0.0985
0.0953
0.0948
0.1007
0.0964
0.0952
0.0966
0.0978
0.0988
0.0959
0.0966
0.0962
0.0958
0.097
0.0962
0.0955
0.0957
0.0938
0.0963
0.0997
0.0965
0.1003
0.0973
0.0994
0.1004
0.102
0.0964
0.0958
0.0958
0.0957
0.0959
0.0995
0.0965
0.0955
0.0993
0.0989
0.0971
0.0963
0.0947
0.0954
0.0962
0.1015
0.0953
0.0983
0.1002
0.0953
0.0958
0.0964
0.1001
0.0961
0.1008
0.096
0.0954
0.0954
0.097
0.096
0.0988
0.0958
0.0993
0.0972
0.0963
0.0984
0.0987
0.0956
0.0958
0.0958
0.0976
0.0978
0.0985
0.0989
0.0997
0.0966
0.0955
0.0963
0.0976
0.0957
0.096
0.0984
0.0958
0.0968
0.0955
0.0967
0.1005
0.0967
0.0957
0.1001
0.0997
0.0958
0.0961
0.0956
0.0997
0.0966
0.0957
0.1006
0.0956
0.0981
0.0955
0.0962
0.0978
0.0988
0.095
0.0989
0.0963
0.096
0.0995
0.0958
0.1008
0.0956
0.0964
0.0987
0.0994
0.0964
0.0963
0.0963
0.0954
0.0954
0.0983
0.0959
0.1383
0.099
0.0965
0.0962
0.0965
0.0964
0.0979
0.0956
0.0965
0.0965
0.096
0.0961
0.0964
0.0958
0.0988
0.0999
0.0955
0.0992
0.0961
0.1003
0.0993
0.1352
0.097
0.0968
0.0963
0.0961
0.0977
0.098
0.0963
0.0958
0.0963
0.0969
0.0959
0.0956
0.0962
0.0958
0.0956
0.096
0.0961
0.0971
0.0962
0.0981
0.0977
0.098
0.0965
0.1059
0.0958
0.0974
0.0998
0.0965
0.0977
0.0992
0.0956
0.0958
0.1043
0.0951
0.0985
0.0958
0.0958
0.0958
0.0965
0.0961
0.0978
0.0961
0.0964
0.0964
0.0961
0.0962
0.0958
0.0968
0.0959
0.0959
0.0966
0.0963
0.0991
0.0981
0.0999
0.0959
0.1002
0.0951
0.0984
0.0979
0.0959
0.0982
0.0985
0.095
0.0955
0.0993
0.0966
0.0937
0.0969
0.0965
0.096
0.0994
0.0957
0.095
0.099
0.0955
0.0987
0.0981
0.0962
0.0957
0.0966
0.0956
0.0956
0.0957
0.0968
0.0982
0.0947
0.0963
0.0963
0.0962
0.0985
0.0963
0.0963
0.0992
0.0995
0.096
0.0963
0.0966
0.096
0.0955
0.0975
0.0967
0.0959
0.0962
0.0952
0.0968
0.0953
0.099
0.0964
0.0962
0.0961
0.1001
0.0966
0.0956
0.1033
0.0953
0.0954
0.1
0.096
0.0985
0.096
0.0979
0.0988
0.0993
0.0966
0.0966
0.0999
0.0969
0.0966
0.0992
0.0994
0.0987
0.0967
0.0985
0.0997
0.0996
0.0964
0.096
0.096
0.099
0.0979
0.0964
0.0954
0.1005
0.0962
0.0959
0.0973
0.0983
0.0961
0.0984
0.0962
0.0969
0.0952
0.0976
0.0956
0.0966
0.0972
0.0966
0.1011
0.0959
0.1023
0.0935
0.0967
0.0957
0.096
0.0985
0.0985
0.0959
0.0988
0.0956
0.0974
0.0963
0.0981
0.0952
0.0976
0.0957
0.0963
0.0991
0.0992
0.0958
0.0984
0.0968
0.0993
0.1029
0.0986
0.0933
0.0965
0.0989
0.0954
0.096
0.0993
0.1003
0.0983
0.0985
0.0952
0.0955
0.0987
0.0965
0.0966
0.0993
0.0963
0.0969
0.0959
0.0983
0.0961
0.0951
0.0965
0.0992
0.0958
0.0961
0.0968
0.0966
0.096
0.0964
0.0963
0.0955
0.0963
0.0961
0.0977
0.0969
0.1163
0.0996
0.0964
0.0989
0.0998
0.0983
0.0973
0.0965
0.0954
0.0956
0.0962
0.0963
0.0956
0.0958
0.0979
0.0962
0.1044
0.0957
0.0984
0.096
0.0965
0.096
0.0958
0.0965
0.0987
0.0966
0.1238
0.0963
0.0953
0.1116
0.0964
0.0962
0.0966
0.0954
0.0985
0.101
0.0958
0.0963
0.1002
0.0996
0.0995
0.0966
0.0994
0.0953
0.0979
0.0948
0.097
0.0985
0.0994
0.0962
0.0992
0.0959
0.0962
0.0959
0.0959
0.0951
0.0993
0.0959
0.0959
0.0984
0.0957
0.1
0.0969
0.0957
0.0986
0.0963
0.0963
0.0956
0.0964
0.0957
0.0953
0.0989
0.1005
0.0959
0.0961
0.0978
0.0955
0.0958
0.098
0.0991
0.096
0.0975
0.0991
0.0985
0.094
0.0954
0.0969
0.0985
0.0963
0.0966
0.0992
0.1005
0.0959
0.0967
0.0961
0.096
0.0964
0.0988
0.0977
0.0936
0.0966
0.0964
0.0947
0.0958
0.096
0.096
0.096
0.0956
0.0989
0.0958
0.0963
0.0968
0.0968
0.0992
0.0964
0.0958
0.0958
0.0961
0.0995
0.0967
0.0963
0.0996
0.0994
0.0969
0.0975
0.096
0.0965
0.1008
0.0955
0.1026
0.0994
0.0965
0.0964
0.0965
0.0956
0.0966
0.0956
0.0965
0.0992
0.0956
0.0973
0.098
0.0968
0.0976
0.1002
0.0957
0.1014
0.0989
0.0958
0.0948
0.0962
0.0976
0.0958
0.0994
0.0955
0.0932
0.0986
0.0958
0.0984
0.0956
0.0965
0.0992
0.0961
0.0966
0.1014
0.0972
0.0959
0.1002
0.0971
0.0954
0.0993
0.0965
0.099
0.0977
0.0959
0.099
0.0965
0.0994
0.0984
0.0963
0.0984
0.0965
0.0959
0.0956
0.1006
0.0957
0.0974
0.0992
0.0988
0.0984
0.096
0.0961
0.0971
0.1007
0.096
0.0967
0.0987
0.0966
0.0956
0.0997
0.0963
0.0961
0.0958
0.0967
0.0969
0.0991
0.0954
0.0976
0.0994
0.0964
0.0958
0.1001
0.0968
0.0981
0.0966
0.0963
0.0982
0.0985
0.096
0.0953
0.0987
0.0965
0.0961
0.0957
0.0958
0.0962
0.0958
0.0963
0.096
0.1012
0.0973
0.0972
0.0962
0.0973
0.0966
0.0956
0.0961
0.0959
0.0958
0.0974
0.0948
0.0976
0.096
0.097
0.0967
0.0967
0.0958
0.096
0.0957
0.0953
0.0966
0.0967
0.0992
0.0961
0.0954
0.0983
0.099
0.0962
0.0956
0.098
0.0986
0.0969
0.0965
0.0958
0.0956
0.0993
0.0963
0.0956
0.0969
0.0964
0.1072
0.0958
0.0931
0.101
0.095
0.0966
0.0985
0.0957
0.0969
0.0986
0.0963
0.096
0.099
0.0982
0.096
0.0984
0.0959
0.0957
0.1003
0.0965
0.0972
0.0987
0.0995
0.0969
0.0999
0.097
0.0971
0.0996
0.0958
0.0953
0.096
0.1
0.0955
0.1146
0.0951
0.0947
0.0956
0.0985
0.0981
0.0961
0.0986
0.0961
0.0967
0.099
0.0964
0.0932
0.0958
0.0982
0.0955
0.095
0.1
0.0983
0.0992
0.096
0.0958
0.0999
0.0953
0.095
0.0977
0.096
0.0973
0.0962
0.0969
0.0964
0.0959
0.0991
0.096
0.0958
0.0987
0.096
0.0959
0.096
0.1001
0.1001
0.0962
0.0957
0.0961
0.0962
0.0967
0.0975
0.0963
0.099
0.0951
0.0978
0.0965
0.098
0.0965
0.0964
0.0989
0.0958
0.0958
0.0963
0.1017
0.0961
0.0966
0.0964
0.0958
0.0987
0.1185
0.0973
0.097
0.0962
0.096
0.0962
0.0962
0.0961
0.0959
0.0962
0.096
0.0962
0.0983
0.0959
0.0959
0.0977
0.0954
0.0975
0.0956
0.096
0.0961
0.0963
0.0962
0.0987
0.0958
0.0961
0.0993
0.0959
0.0973
0.0956
0.0991
0.102
0.0956
0.0976
0.0968
0.0956
0.0967
0.0998
0.0959
0.0998
0.0959
0.0981
0.099
0.0966
0.1017
0.0996
0.0955
0.0959
0.0992
0.0988
0.0992
0.0981
0.0953
0.0956
0.0989
0.0965
0.1011
0.0973
0.0957
0.0984
0.0967
0.0959
0.096
0.099
0.0967
0.0957
0.0989
0.0964
0.0962
0.096
0.0969
0.0961
0.0961
0.0993
0.0976
0.0998
0.1002
0.0953
0.0969
0.0969
0.0968
0.0959
0.0988
0.096
0.0992
0.0964
0.0958
0.0984
0.0964
0.0983
0.097
0.0986
0.0951
0.1081
0.0977
0.0966
0.0996
0.0963
0.0958
0.0957
0.0964
0.0961
0.0954
0.0986
0.096
0.0962
0.096
0.0986
0.0966
0.0961
0.0981
0.0957
0.0956
0.0992
0.0952
0.0987
0.1001
0.0967
0.0955
0.0961
0.0991
0.0991
0.0984
0.0967
0.0966
0.0996
0.096
0.0969
0.0967
0.0986
0.096
0.0975
0.099
0.0962
0.0961
0.096
0.0967
0.0959
0.0961
0.0968
0.0947
0.0959
0.0993
0.1018
0.0947
0.096
0.0958
0.099
0.0959
0.0962
0.0953
0.0965
0.0993
0.096
0.0971
0.0957
0.0956
0.0994
0.0981
0.0962
0.0966
0.0965
0.0965
0.0988
0.0959
0.0958
0.1008
0.0957
0.0945
0.0963
0.098
0.0985
0.0961
0.0957
0.1001
0.096
0.0982
0.0963
0.0951
0.0989
0.0967
0.0964
0.0953
0.0963
0.0967
0.0968
0.0993
0.0962
0.0953
0.0956
0.0954
0.0963
0.0987
0.0961
0.0987
0.1002
0.0997
0.0955
0.097
0.0975
0.1063
0.0949
0.0982
0.0986
0.0987
0.0959
0.0963
0.0964
0.1003
0.0957
0.0992
0.0956
0.0964
0.0995
0.0974
0.0961
0.0952
0.0985
0.0965
0.096
0.1008
0.0956
0.0978
0.0982
0.1002
0.0993
0.1048
0.0985
0.0997
0.0992
0.094
0.0998
0.098
0.0959
0.099
0.0964
0.0962
0.0955
0.096
0.0954
0.0989
0.0962
0.0982
0.0966
0.0986
0.0973
0.0967
0.0967
0.0968
0.0955
0.0971
0.0979
0.0958
0.0982
0.0964
0.0961
0.0967
0.0997
0.0976
0.0985
0.0966
0.0965
0.0973
0.0961
0.0958
0.0956
0.0989
0.096
0.0971
0.0948
0.0971
0.0968
0.0971
0.0956
0.1277
0.0962
0.0977
0.0974
0.0991
0.0982
0.0979
0.0965
0.0959
0.0963
0.1004
0.0994
0.0954
0.0975
0.0963
0.0968
0.096
0.0966
0.0957
0.096
0.0967
0.0964
0.0984
0.0957
0.0986
0.1002
0.0998
0.0983
0.0957
0.0955
0.0962
0.0953
0.0976
0.0964
0.0957
0.0956
0.0967
0.0968
0.0962
0.1233
0.0959
0.0995
0.0965
0.0967
0.0985
0.0958
0.0966
0.0966
0.0962
0.0987
0.0958
0.0974
0.0968
0.0969
0.0965
0.0952
0.0983
0.0958
0.0996
0.0972
0.095
0.0961
0.0964
0.0965
0.0992
0.1078
0.0959
0.0954
0.0991
0.0967
0.0957
0.0991
0.099
0.0959
0.0959
0.0959
0.0958
0.0971
0.0993
0.096
0.0961
0.0969
0.0953
0.0988
0.0976
0.0995
0.0963
0.0967
0.1009
0.0956
0.0957
0.0976
0.0969
0.097
0.0961
0.0989
0.0963
0.0962
0.0966
0.0983
0.1007
0.1015
0.098
0.0966
0.0999
0.0982
0.0962
0.0966
0.0985
0.0933
0.0989
0.0965
0.0959
0.0958
0.0996
0.102
0.0957
0.0988
0.1086
0.1021
0.096
0.0953
0.0967
0.0954
0.0952
0.0953
0.0999
0.0966
0.0959
0.0991
0.0959
0.0978
0.0978
0.0955
0.0959
0.0956
0.0964
0.0963
0.0959
0.096
0.0957
0.0966
0.0993
0.0985
0.0952
0.097
0.0956
0.0987
0.0969
0.0964
0.0954
0.125
0.0979
0.0968
0.0961
0.0989
0.1331
0.0957
0.0972
0.1019
0.096
0.0965
0.0982
0.0964
0.1008
0.0967
0.0957
0.0961
0.0957
0.0965
0.0958
0.0957
0.0959
0.0969
0.1004
0.096
0.0971
0.0994
0.1
0.0955
0.1066
0.0986
0.0964
0.0981
0.0965
0.0961
0.0984
0.0987
0.0981
0.0958
0.0962
0.0963
0.0975
0.0983
0.1012
0.0965
0.0957
0.0959
0.0988
0.0967
0.0965
0.1019
0.1093
0.095
0.0963
0.1049
0.1005
0.0966
0.0959
0.0959
0.0962
0.0964
0.0959
0.0963
0.0992
0.0957
0.0986
0.1
0.0962
0.0962
0.0961
0.096
0.101
0.0967
0.0951
0.0977
0.0984
0.0968
0.096
0.0963
0.096
0.0962
0.0991
0.0962
0.0956
0.0955
0.0962
0.096
0.1004
0.1155
0.0971
0.097
0.0966
0.096
0.0962
0.0965
0.0961
0.0984
0.0958
0.0982
0.1003
0.0962
0.0989
0.1019
0.1008
0.0954
0.0995
0.0963
0.0989
0.0954
0.0958
0.0998
0.0991
0.0959
0.0956
0.1001
0.0956
0.0964
0.0987
0.0988
0.0953
0.0964
0.0963
0.096
0.0957
0.0984
0.0966
0.0964
0.0991
0.0988
0.0983
0.0959
0.0993
0.0934
0.0965
0.0982
0.0973
0.0995
0.0962
0.0987
0.0998
0.0965
0.0964
0.0965
0.0959
0.1108
0.0966
0.096
0.0988
0.0986
0.0974
0.0987
0.0987
0.099
0.0971
0.0979
0.0999
0.0981
0.0986
0.0979
0.0988
0.0958
0.0993
0.0961
0.0962
0.0991
0.0956
0.0991
0.0956
0.1005
0.0969
0.0983
0.0991
0.0988
0.1021
0.099
0.0961
0.0964
0.097
0.1001
0.0984
0.0955
0.0956
0.0969
0.098
0.0962
0.0978
0.0982
0.0955
0.096
0.096
0.0986
0.0982
0.0963
0.099
0.0966
0.0992
0.0972
0.1009
0.0993
0.0988
0.097
0.096
0.0996
0.096
0.0988
0.0991
0.0951
0.0957
0.096
0.0988
0.0992
0.0993
0.0964
0.0961
0.0963
0.1
0.0957
0.0997
0.0959
0.0955
0.0981
0.0959
0.0961
0.0964
0.0957
0.0965
0.0971
0.0998
0.0968
0.0972
0.0986
0.0954
0.0911
0.1001
0.0963
0.0953
0.099
0.0962
0.0984
0.0994
0.0956
0.0959
0.0988
0.0983
0.0963
0.0959
0.0986
0.0959
0.0986
0.0959
0.0994
0.0999
0.0996
0.1001
0.096
0.096
0.0999
0.0985
0.0993
0.0996
0.0954
0.099
0.0997
0.1137
0.0965
0.0961
0.0983
0.097
0.0962
0.0986
0.0988
0.0992
0.1019
0.0964
0.0947
0.0978
0.0986
0.0966
0.1005
0.0999
0.0954
0.0968
0.0987
0.0976
0.0968
0.0961
0.0955
0.1
0.0962
0.0985
0.0964
0.0985
0.0976
0.0965
0.0976
0.096
0.0966
0.0961
0.096
0.0994
0.1018
0.0963
0.0946
0.0969
0.0966
0.0988
0.0983
0.0978
0.0959
0.097
0.0985
0.0984
0.0983
0.0996
0.0957
0.0963
0.0961
0.0962
0.1288
0.0979
0.0983
0.0962
0.098
0.0993
0.0986
0.1003
0.099
0.0969
0.0963
0.0991
0.0984
0.099
0.0961
0.0956
0.0958
0.0957
0.0978
0.1012
0.0955
0.0994
0.0954
0.0956
0.0963
0.0964
0.0964
0.0954
0.1014
0.0955
0.0965
0.0963
0.1056
0.0952
0.0956
0.0955
0.096
0.0961
0.0962
0.0957
0.1004
0.0959
0.0985
0.0969
0.097
0.095
0.0962
0.0954
0.0993
0.0966
0.0912
0.0961
0.0975
0.0957
0.0982
0.0954
0.0959
0.0985
0.0996
0.0979
0.0959
0.0959
0.0975
0.0968
0.0961
0.0953
0.0961
0.0975
0.0968
0.0953
0.0964
0.0995
0.0966
0.0968
0.0973
0.0979
0.0963
0.0983
0.0984
0.0999
0.0963
0.0958
0.0961
0.0984
0.0958
0.0956
0.152
0.0964
0.0957
0.1004
0.0968
0.0993
0.0971
0.0965
0.0985
0.0985
0.0968
0.1183
0.0985
0.0956
0.0958
0.0958
0.0965
0.0961
0.0968
0.0977
0.0956
0.0962
0.0962
0.0971
0.1026
0.0969
0.0981
0.0962
0.0977
0.097
0.098
0.0965
0.0969
0.0994
0.0987
0.0986
0.0972
0.0956
0.1041
0.0985
0.0958
0.0964
0.0974
0.0967
0.096
0.1002
0.1256
0.0964
0.0945
0.0956
0.0949
0.0956
0.0963
0.1289
0.0988
0.0961
0.0955
0.0966
0.0955
0.0965
0.0971
0.0959
0.0971
0.0955
0.0993
0.0963
0.0966
0.0981
0.096
0.0961
0.0961
0.0991
0.0965
0.0962
0.0997
0.0971
0.0962
0.0964
0.098
0.0966
0.0963
0.0959
0.0961
0.0961
0.0992
0.0966
0.0988
0.1015
0.0993
0.0955
0.0968
0.0956
0.0997
0.0961
0.0969
0.0972
0.0985
0.0986
0.0958
0.0971
0.0985
0.0959
0.0957
0.0993
0.1008
0.1004
0.0956
0.0982
0.0997
0.0983
0.0985
0.097
0.0968
0.0966
0.0972
0.0955
0.0953
0.0952
0.0951
0.0977
0.0959
0.0985
0.0967
0.0964
0.0981
0.0995
0.0979
0.1165
0.0986
0.096
0.0982
0.0985
0.0987
0.0964
0.0958
0.0957
0.0985
0.0964
0.0985
0.0957
0.0959
0.0964
0.0992
0.0966
0.0998
0.0991
0.0987
0.0942
0.0964
0.0983
0.0991
0.0955
0.0957
0.0953
0.0998
0.0949
0.0994
0.0965
0.0961
0.0958
0.0967
0.0982
0.0954
0.0984
0.0984
0.0978
0.0959
0.0965
0.0962
0.0982
0.0971
0.0991
0.0956
0.0961
0.0963
0.0963
0.0967
0.0999
0.099
0.096
0.0964
0.0991
0.0992
0.0962
0.0962
0.0962
0.0993
0.096
0.0983
0.0936
0.0985
0.1025
0.0967
0.0991
0.0954
0.0998
0.0983
0.1383
0.0982
0.0963
0.0959
0.0965
0.0993
0.0953
0.0979
0.0964
0.0966
0.0962
0.0962
0.0964
0.0993
0.0983
0.0965
0.0954
0.0964
0.0963
0.0956
0.0955
0.0954
0.0955
0.095
0.0969
0.0964
0.0993
0.0972
