Timp in Milisecunde
0.5514
0.5448
0.5467
0.5424
0.5349
0.5469
0.5707
0.5573
0.5345
0.5379
0.5448
0.5461
0.5692
0.545
0.5419
0.5462
0.568
0.5416
0.5412
0.6617
0.529
0.5444
0.5299
0.5462
0.525
0.557
0.5319
0.5384
0.5197
0.5408
0.54
0.5375
0.5175
0.5507
0.5246
0.5301
0.5307
0.5428
0.5079
0.5438
0.5372
0.5419
0.5252
0.5351
0.5277
0.5574
0.5455
0.5498
0.5406
0.5645
0.5315
0.5515
0.5282
0.5507
0.5638
0.5479
0.5414
0.5188
0.5347
0.5462
0.5485
0.5527
0.5506
0.5399
0.5498
0.5721
0.5182
0.5406
0.5284
0.5249
0.5372
0.5451
0.5253
0.5371
0.5448
0.5537
0.5595
0.5236
0.7272
0.5496
0.5526
0.5428
0.6597
0.5433
0.5679
0.5425
0.5434
0.5755
0.5515
0.549
0.5211
0.5313
0.5546
0.5105
0.5379
0.5541
0.5347
0.5178
0.5391
0.5465
0.5475
0.5317
0.5595
0.5334
0.5429
0.5463
0.5332
0.5205
0.5346
0.5592
0.5536
0.5506
0.5621
0.5403
0.5434
0.5453
0.5381
0.5517
0.5525
0.5345
0.5328
0.5284
0.5444
0.5545
0.5447
0.5416
0.5934
0.5262
0.5459
0.5349
0.5455
0.5348
0.5341
0.5442
0.5676
0.5245
0.5223
0.6922
0.543
0.5571
0.5405
0.5269
0.5689
0.5497
0.5251
0.5411
0.5417
0.5516
0.5196
0.5392
0.5515
0.5535
0.5333
0.5597
0.5578
0.5304
0.5235
0.5297
0.5399
0.5598
0.5382
0.5345
0.5409
0.5606
0.559
0.5414
0.545
0.5599
0.548
0.5146
0.5426
0.5477
0.5505
0.5418
0.55
0.5542
0.5466
0.519
0.5308
0.5462
0.5353
0.524
0.5484
0.5505
0.5439
0.5392
0.5361
0.538
0.546
0.5234
0.5462
0.5368
0.5489
0.5627
0.5327
0.5326
0.5324
0.5231
0.5196
0.5507
0.5393
0.5361
0.5335
0.5324
0.5424
0.5403
0.5284
0.5486
0.5288
0.5254
0.5718
0.5459
0.5425
0.5377
0.5542
0.5577
0.5422
0.5424
0.5464
0.5192
0.519
0.533
0.529
0.5425
0.5713
0.5422
0.5253
0.5276
0.5569
0.5609
0.5331
0.5283
0.5398
0.5304
0.5437
0.5317
0.541
0.5609
0.5512
0.5681
0.5451
0.5301
0.5492
0.5531
0.5316
0.5447
0.5453
0.5238
0.5232
0.536
0.5225
0.5365
0.5503
0.5482
0.5099
0.5416
0.541
0.5514
0.545
0.542
0.5485
0.5481
0.5359
0.551
0.5374
0.5583
0.5357
0.5348
0.5536
0.5296
0.5551
0.5384
0.5408
0.5522
0.5508
0.5486
0.5227
0.5446
0.5335
0.5405
0.5408
0.5553
0.5317
0.5381
0.5311
0.5411
0.5328
0.5479
0.527
0.5409
0.5467
0.5293
0.5408
0.5462
0.5323
0.5349
0.5414
0.53
0.6194
0.5417
0.5714
0.5387
0.5565
0.5338
0.5379
0.536
0.5575
0.5407
0.5512
0.5327
0.542
0.5254
0.5602
0.5289
0.5563
0.5317
0.534
0.5188
0.5372
0.558
0.5441
0.5422
0.5192
0.5373
0.5356
0.5446
0.5456
0.5301
0.5357
0.5369
0.5486
0.5379
0.5388
0.5436
0.5316
0.5309
0.5379
0.5375
0.5353
0.5179
0.5503
0.5446
0.5593
0.5307
0.548
0.5416
0.5382
0.5295
0.5313
0.5406
0.5439
0.5424
0.5228
0.5306
0.5159
0.5454
0.5304
0.534
0.5443
0.5347
0.5193
0.5417
0.5447
0.534
0.5268
0.5386
0.5247
0.5651
0.5362
0.5418
0.5274
0.5563
0.5629
0.5332
0.5328
0.5425
0.5533
0.5381
0.5409
0.5324
0.5321
0.5382
0.5382
0.5455
0.5656
0.5435
0.5369
0.5315
0.5628
0.5346
0.5397
0.563
0.5224
0.5322
0.5416
0.5418
0.5399
0.5397
0.5598
0.5308
0.5321
0.54
0.5308
0.5398
0.5433
0.5449
0.5371
0.5386
0.5566
0.5478
0.55
0.5466
0.5497
0.5258
0.5474
0.5463
0.5524
0.5407
0.5555
0.5426
0.5476
0.5237
0.5562
0.5361
0.5365
0.5349
0.536
0.5477
0.5256
0.5308
0.5434
0.538
0.5522
0.5489
0.5307
0.5277
0.54
0.5434
0.5379
0.528
0.525
0.5273
0.5513
0.5473
0.5429
0.5331
0.5341
0.5393
0.531
0.5187
0.5402
0.5323
0.5463
0.5852
0.5459
0.5417
0.547
0.5552
0.5248
0.5518
0.5314
0.5376
0.5585
0.645
0.5369
0.5328
0.5243
0.5366
0.5542
0.52
0.5512
0.5362
0.5277
0.5401
0.5139
0.5363
0.5339
0.5496
0.5465
0.5216
0.5365
0.5602
0.5291
0.5317
0.5672
0.5526
0.5364
0.5355
0.5663
0.5313
0.5442
0.5499
0.5344
0.5352
0.5962
0.5238
0.547
0.5408
0.5319
0.5738
0.5295
0.5467
0.538
0.5538
0.5355
0.5308
0.5197
0.5587
0.5448
0.5245
0.5419
0.5329
0.5473
0.5409
0.5131
0.5289
0.5392
0.5384
0.5323
0.5555
0.557
0.6299
0.5431
0.5534
0.5335
0.5353
0.5453
0.5497
0.5238
0.5414
0.5159
0.5437
0.5485
0.5279
0.5405
0.5266
0.5448
0.5471
0.5475
0.5604
0.5269
0.5612
0.549
0.5381
0.5343
0.5232
0.5287
0.5525
0.5481
0.5295
0.533
0.5314
0.5314
0.5445
0.5445
0.5249
0.5447
0.5385
0.5531
0.5401
0.5395
0.541
0.5438
0.5481
0.5416
0.5392
0.5429
0.4999
0.5428
0.517
0.5394
0.5233
0.553
0.5411
0.5339
0.5397
0.5283
0.5533
0.5293
0.5353
0.5195
0.5337
0.5558
0.5227
0.5392
0.5492
0.5419
0.551
0.5459
0.5649
0.5506
0.533
0.6358
0.5393
0.5481
0.5623
0.5457
0.55
0.557
0.5515
0.5408
0.5339
0.5301
0.6213
0.5266
0.5357
0.5149
0.5333
0.559
0.5572
0.5395
0.5443
0.5348
0.5302
0.5628
0.534
0.5223
0.5417
0.5317
0.5379
0.5304
0.5364
0.5422
0.5546
0.5416
0.5456
0.5315
0.5615
0.5324
0.5488
0.5643
0.5449
0.5453
0.5421
0.5436
0.7516
0.5378
0.5388
0.5375
0.5322
0.5439
0.5444
0.5392
0.6038
0.5282
0.5622
0.5378
0.5574
0.5211
0.5302
0.5367
0.5262
0.5739
0.5198
0.5281
0.5129
0.5468
0.5254
0.5352
0.5345
0.5489
0.529
0.5494
0.5376
0.5188
0.5369
0.5353
0.5559
0.5346
0.546
0.5464
0.5221
0.5463
0.5267
0.5545
0.5504
0.5508
0.5487
0.5513
0.593
0.5578
0.5524
0.5466
0.5558
0.5169
0.5248
0.5196
0.5396
0.551
0.5286
0.5236
0.5912
0.5627
0.532
0.6192
0.5499
0.5518
0.5316
0.5298
0.5457
0.5376
0.534
0.5417
0.5357
0.5581
0.5274
0.5423
0.5445
0.551
0.5596
0.5405
0.5601
0.5425
0.555
0.5359
0.5408
0.5393
0.5399
0.523
0.5187
0.549
0.5465
0.5525
0.5213
0.5508
0.5591
0.5386
0.5269
0.546
0.5365
0.5452
0.5231
0.5559
0.5564
0.538
0.5208
0.5476
0.5287
0.5495
0.5447
0.5463
0.5266
0.5429
0.5415
0.5348
0.5474
0.5496
0.537
0.5493
0.5129
0.5329
0.5525
0.5244
0.536
0.5284
0.5643
0.5246
0.5484
0.5674
0.5056
0.5416
0.5795
0.5453
0.5267
0.5519
0.5458
0.5371
0.5455
0.5383
0.5245
0.5306
0.5194
0.5361
0.5464
0.5336
0.5478
0.5326
0.57
0.5401
0.5391
0.5349
0.6078
0.5474
0.5226
0.5366
0.5197
0.5303
0.5611
0.539
0.5289
0.5451
0.52
0.5485
0.5377
0.5363
0.5481
0.5591
0.5366
0.5418
0.554
0.5424
0.5325
0.5181
0.5331
0.5347
0.5338
0.5209
0.5224
0.8848
0.5301
0.5817
0.5262
0.5332
0.5373
0.5465
0.5391
0.6214
0.536
0.5503
0.5224
0.5384
0.5234
0.5573
0.5536
0.5507
0.5226
0.5395
0.5406
0.5198
0.5447
0.5406
0.5182
0.5472
0.5516
0.5355
0.5466
0.5422
0.5381
0.5494
0.5545
0.5176
0.5366
0.5386
0.5479
0.5276
0.5459
0.5416
0.5416
0.5229
0.5398
0.54
0.5489
0.5349
0.5143
0.5336
0.5458
0.5258
0.546
0.5474
0.5262
0.5362
0.5557
0.5398
0.526
0.5577
0.5666
0.5336
0.5435
0.5131
0.5666
0.5361
0.529
0.5302
0.5299
0.5441
0.5534
0.5375
0.5497
0.5464
0.539
0.5298
0.5107
0.562
0.5525
0.5485
0.5271
0.5323
0.5529
0.5413
0.542
0.5305
0.5447
0.534
0.5608
0.5389
0.5503
0.6986
0.5222
0.5353
0.5501
0.5358
0.5378
0.5396
0.5397
0.5408
0.5426
0.5416
0.5452
0.5008
0.5371
0.5513
0.5426
0.5292
0.5398
0.5534
0.5496
0.5536
0.5388
0.5129
0.5315
0.5463
0.5352
0.5274
0.5357
0.5662
0.55
0.5125
0.5526
0.5399
0.5305
0.549
0.5237
0.538
0.5311
0.5698
0.5431
0.5183
0.5786
0.5537
0.5613
0.5268
0.5343
0.5326
0.5448
0.5557
0.5423
0.5507
0.5257
0.5423
0.5378
0.5396
0.5417
0.5358
0.5612
0.5403
0.5372
0.5345
0.5328
0.5381
0.5235
0.5512
0.5751
0.5531
0.5523
0.5316
0.6529
0.5561
0.5385
0.5498
0.5197
0.543
0.5179
0.5552
0.5257
0.5904
0.5331
0.5505
0.5462
0.5569
0.5237
0.5528
0.5443
0.5454
0.5534
0.5367
0.5467
0.5285
0.536
0.5428
0.5512
0.5322
0.544
0.5281
0.535
0.5416
0.5322
0.5419
0.5685
0.5319
0.5459
0.5306
0.5452
0.5406
0.5539
0.5456
0.5264
0.5393
0.582
0.5246
0.5507
0.5392
0.5563
0.5326
0.511
0.5556
0.5329
0.5413
0.5512
0.5311
0.5527
0.5355
0.5694
0.5245
0.5525
0.5456
0.5515
0.5281
0.5538
0.564
0.5583
0.5251
0.5291
0.5522
0.5376
0.5631
0.5317
0.5486
0.5344
0.5257
0.5253
0.5185
0.553
0.5459
0.5391
0.54
0.5383
0.546
0.5362
0.5427
0.5249
0.5268
0.5363
0.5208
0.5243
0.5286
0.5457
0.5357
0.5354
0.5343
0.5423
0.5263
0.5245
0.5354
0.5473
0.5363
0.5229
0.534
0.5513
0.5263
0.5434
0.5412
0.5507
0.5423
0.5141
0.5526
0.5307
0.5473
0.5197
0.5289
0.552
0.5175
0.5298
0.5213
0.5349
0.5087
0.5275
0.5491
0.5401
0.5844
0.5424
0.5283
0.5408
0.5338
0.5621
0.532
0.5464
0.5304
0.5186
0.519
0.5238
0.519
0.5487
0.5536
0.5397
0.554
0.5422
0.5428
0.5343
0.5379
0.5285
0.5569
0.539
0.542
0.5848
0.5437
0.5655
0.5435
0.5326
0.6144
0.5472
0.5337
0.552
0.5364
0.5289
0.5441
0.531
0.5519
0.5526
0.5387
0.5634
0.553
0.5257
0.5599
0.545
0.5349
0.5291
0.5391
0.5367
0.5357
0.5428
0.54
0.5253
0.5337
0.5342
0.5523
0.5146
0.5398
0.533
0.5235
0.555
0.532
0.5629
0.5528
0.5526
0.5198
0.5345
0.5192
0.5388
0.5521
0.5423
0.5412
0.5388
0.5416
0.5257
0.5314
0.5501
0.5271
0.5414
0.5543
0.5474
0.5479
0.5231
0.5466
0.5183
0.5237
0.5398
0.5444
0.5331
0.5385
0.5358
0.5302
0.5244
0.5285
0.5346
0.5435
0.5249
0.5565
0.5414
0.551
0.5377
0.5419
0.5391
0.5505
0.5561
0.5319
0.5398
0.547
0.5345
0.5477
0.556
0.5377
0.5334
0.5358
0.5345
0.5619
0.5618
0.5397
0.5342
0.5389
0.5477
0.5345
0.5509
0.535
0.5396
0.5499
0.5463
0.5368
0.5477
0.5336
0.5395
0.5386
0.5537
0.5285
0.5429
0.5349
0.5435
0.5398
0.5213
0.5493
0.5198
0.5259
0.5417
0.5384
0.5374
0.5431
0.5343
0.5524
0.5197
0.5259
0.5441
0.556
0.531
0.5263
0.5458
0.5336
0.5487
0.5321
0.5553
0.5261
0.5429
0.5468
0.5437
0.5315
0.5304
0.5432
0.5359
0.5463
0.5415
0.5374
0.54
0.5418
0.5254
0.5462
0.5145
0.5448
0.5244
0.558
0.5373
0.5544
0.5474
0.5467
0.5531
0.5498
0.5247
0.5479
0.5429
0.5157
0.5384
0.5413
0.532
0.5399
0.5339
0.5474
0.5275
0.5301
0.5441
0.5332
0.5447
0.5257
0.528
0.5622
0.5655
0.5276
0.545
0.558
0.5398
0.5385
0.5545
0.5364
0.5376
0.5669
0.5309
0.5349
0.5434
0.5401
0.5455
0.5433
0.5599
0.5417
0.5285
0.5349
0.5062
0.5519
0.6454
0.5486
0.5314
0.5287
0.5622
0.5481
0.5322
0.5247
0.517
0.5505
0.5447
0.546
0.5549
0.5446
0.5973
0.5287
0.5491
0.5691
0.5512
0.5273
0.5159
0.5538
0.546
0.5274
0.5441
0.5504
0.5163
0.5469
0.5353
0.5468
0.5188
0.5407
0.5351
0.5414
0.5631
0.5353
0.5424
0.536
0.5471
0.5547
0.5568
0.5215
0.5518
0.5625
0.531
0.5258
0.5528
0.539
0.5533
0.5271
0.5362
0.5559
0.5473
0.5261
0.5742
0.5273
0.5291
0.5383
0.5316
0.5249
0.5272
0.5346
0.5438
0.5419
0.5322
0.5285
0.545
0.5424
0.5415
0.5392
0.5538
0.5565
0.5621
0.5436
0.5434
0.5398
0.5503
0.5401
0.5359
0.5308
0.5516
0.5443
0.5363
0.5372
0.5562
0.6309
0.5345
0.5874
0.5443
0.5301
0.5306
0.5169
0.5543
0.5413
0.5443
0.5561
0.5376
0.5303
0.5313
0.5293
0.5427
0.5163
0.5219
0.5558
0.5227
0.5397
0.5445
0.5338
0.5381
0.5501
0.536
0.5442
0.5498
0.5234
0.5512
0.5345
0.5418
0.5611
0.5351
0.5293
0.5395
0.535
0.5232
0.5438
0.5322
0.5301
0.5316
0.5221
0.5389
0.5297
0.5108
0.5238
0.678
0.5457
0.5484
0.5422
0.5402
0.5417
0.5487
0.5226
0.5493
0.5542
0.5324
0.5388
0.5319
0.5943
0.5257
0.5318
0.5262
0.5421
0.5421
0.5453
0.5322
0.5407
0.5349
0.5572
0.5467
0.5496
0.5233
0.52
0.5249
0.5363
0.5221
0.5262
0.5376
0.5672
0.5282
0.5368
0.5368
0.5444
0.5494
0.5452
0.5191
0.5386
0.5766
0.5167
0.5353
0.5626
0.5363
0.5199
0.5146
0.5406
0.6517
0.5449
0.5314
0.5231
0.5399
0.5208
0.5476
0.5237
0.5383
0.5305
0.5462
0.5393
0.5337
0.5184
0.5535
0.5574
0.5424
0.5712
0.5372
0.5506
0.5334
0.5393
0.5619
0.5209
0.5259
0.578
0.5185
0.5336
0.5371
0.5592
0.5558
0.5926
0.5406
0.5398
0.5358
0.5692
0.5339
0.5428
0.5246
0.5378
0.5457
0.5319
0.5486
0.5349
0.547
0.554
0.5447
0.5517
0.536
0.538
0.5378
0.603
0.5468
0.5369
0.5512
0.54
0.5505
0.5297
0.5507
0.5377
0.5468
0.5607
0.533
0.5213
0.5455
0.542
0.5289
0.5467
0.5568
0.5464
0.5238
0.5167
0.5325
0.5528
0.5503
0.5353
0.5463
0.52
0.512
0.5433
0.5069
0.5839
0.547
0.5299
0.5604
0.5469
0.5582
0.5362
0.522
0.5377
0.5409
0.5385
0.536
0.5198
0.5573
0.5394
0.5363
0.555
0.5217
0.5361
0.5516
0.523
0.5714
0.5589
0.5349
0.7385
0.5457
0.5382
0.5227
0.5367
0.5838
0.5355
0.535
0.5369
0.5471
0.5504
0.5431
0.5406
0.5278
0.5355
0.5206
0.5301
0.5474
0.5243
0.5206
0.5427
0.5504
0.5077
0.5446
0.5244
0.5307
0.5331
0.5464
0.5255
0.5274
0.5658
0.5311
0.5356
0.5389
0.5531
0.5612
0.5612
0.5797
0.5549
0.5355
0.558
0.5429
0.5143
0.5362
0.5473
0.5441
0.5576
0.5337
0.533
0.5256
0.5349
0.5346
0.5502
0.6244
0.5525
0.522
0.5244
0.5386
0.5825
0.538
0.5423
0.5172
0.5146
0.5473
0.5424
0.5221
0.5594
0.5402
0.5227
0.5453
0.5549
0.5343
0.5337
0.5354
0.5251
0.5495
0.5328
0.5366
0.5326
0.5328
0.5304
0.5518
0.5258
0.5206
0.5313
0.5362
0.5491
0.541
0.5442
0.5503
0.536
0.5366
0.5303
0.5429
0.5637
0.5469
0.5383
0.5395
0.5581
0.5336
0.5482
0.5377
0.5407
0.5329
0.5407
0.5476
0.5369
0.5357
0.5245
0.536
0.5548
0.5472
0.5513
0.5361
0.5442
0.5517
0.5291
0.5373
0.5573
0.5511
0.546
0.5417
0.517
0.5407
0.5301
0.5435
0.5515
0.528
0.5373
0.5525
0.5231
0.5602
0.5465
0.5454
0.5295
0.5479
0.5428
0.5398
0.5365
0.553
0.5505
0.5464
0.5408
0.6252
0.5942
0.5321
0.543
0.5434
0.5341
0.5458
0.5127
0.5352
0.5345
0.5358
0.5563
0.542
0.549
0.5428
0.5463
0.5345
0.5365
0.548
0.537
0.5311
0.546
0.5387
0.5322
0.5517
0.5741
0.5527
0.5477
0.5544
0.5438
0.5453
0.5442
0.5251
0.5536
0.6436
0.5245
0.5266
0.5499
0.5309
0.5558
0.5385
0.5393
0.5442
0.5576
0.5342
0.5514
0.5468
0.5493
0.5431
0.5395
0.5457
0.5131
0.5407
0.5502
0.5683
0.55
0.5515
0.5317
0.5307
0.5649
0.5541
0.5566
0.5468
0.5389
0.5217
0.6515
0.5306
0.5234
0.5523
0.5426
0.5372
0.5369
0.5393
0.5212
0.5494
0.5451
0.5273
0.5317
0.5514
0.5454
0.5436
0.5476
0.5472
0.5273
0.553
0.5434
0.5576
0.5138
0.5474
0.5482
0.5424
0.5572
0.5465
0.5384
0.5471
0.543
0.5364
0.5419
0.5245
0.5364
0.5138
0.5298
0.5444
0.5215
0.5474
0.5539
0.5337
0.5393
0.5288
0.5526
0.5356
0.534
0.5527
0.5341
0.5299
0.5346
0.5416
0.5636
0.5337
0.541
0.5569
0.5467
0.5542
0.5576
0.5612
0.5305
0.5275
0.5485
0.5421
0.5556
0.5251
0.5275
0.5285
0.5214
0.5265
0.5497
0.5506
0.5351
0.5409
0.5517
0.5466
0.5475
0.5435
0.5455
0.5428
0.5146
0.5391
0.559
0.5395
0.52
0.5306
0.5392
0.5616
0.5447
0.5284
0.5394
0.5614
0.5615
0.5399
0.5286
0.5308
0.5378
0.5496
0.5274
0.5434
0.5331
0.5491
0.5576
0.5452
0.5581
0.5512
0.5537
0.53
0.5213
0.5311
0.5155
0.5495
0.5374
0.5512
0.5356
0.5426
0.5308
0.54
0.5532
0.5366
0.5356
0.5187
0.7174
0.5501
0.5503
0.5431
0.5464
0.5292
0.5477
0.5331
0.5495
0.5345
0.557
0.544
0.5417
0.5348
0.5665
0.5459
0.525
0.5262
0.5301
0.5425
0.5477
0.5283
0.5625
0.5399
0.5342
0.5456
0.5277
0.5462
0.5413
0.5345
0.5501
0.5298
0.5142
0.525
0.5582
0.5175
0.5376
0.5459
0.547
0.5395
0.5521
0.5474
0.5451
0.5333
0.5346
0.5438
0.5558
0.5137
0.5311
0.5368
0.5457
0.5373
0.5371
0.5476
0.5178
0.5379
0.5231
0.521
0.5359
0.536
0.5323
0.5615
0.5544
0.5456
0.5394
0.5295
0.5395
0.5459
0.5307
0.539
0.5549
0.5532
0.5394
0.5504
0.5555
0.5299
0.5433
0.5638
0.5291
0.5235
0.5207
0.549
0.5525
0.5344
0.53
0.5315
0.5235
0.5309
0.5282
0.519
0.5363
0.5297
0.7139
0.5757
0.5402
0.5317
0.5281
0.5563
0.5411
0.5333
0.5627
0.5401
0.5452
0.5526
0.5583
0.5451
0.5225
0.5552
0.552
0.5554
0.5565
0.5443
0.5315
0.5312
0.5229
0.5593
0.5447
0.5345
0.5467
0.543
0.5526
0.554
0.5347
0.559
0.526
0.5421
0.519
0.5354
0.6424
0.548
0.5269
0.5369
0.5587
0.5515
0.5133
0.5267
0.5367
0.538
0.53
0.5583
0.5406
0.5184
0.5377
0.5463
0.5528
0.5315
0.5482
0.5375
0.5442
0.5504
0.5699
0.5416
0.5381
0.5373
0.526
0.5436
0.5272
0.5388
0.543
0.5568
0.554
0.5487
0.5162
0.5276
0.5406
0.5409
0.5198
0.5492
0.546
0.5393
0.5334
0.5291
0.5419
0.5228
0.5479
0.5476
0.5149
0.5559
0.5497
0.5456
0.5471
0.5544
0.5304
0.5423
0.532
0.5555
0.5657
0.5244
0.5395
0.5576
0.5421
0.5211
0.5312
0.5399
0.559
0.5358
0.543
0.5376
0.5323
0.5268
0.5251
0.5327
0.5523
0.5556
0.5223
0.5523
0.5321
0.5276
0.5351
0.5606
0.5353
0.5244
0.539
0.524
0.5417
0.5697
0.5213
0.5503
0.5319
0.5373
0.5052
0.5392
0.5422
0.5338
0.5623
0.5586
0.5326
0.5254
0.5563
0.5406
0.5388
0.5371
0.5631
0.527
0.554
0.5471
0.5354
0.5336
0.53
0.5339
0.5391
0.5269
0.5208
0.5576
0.5222
0.531
0.5509
0.5415
0.5502
0.5352
0.5291
0.5528
0.5245
0.5424
0.5239
0.5371
0.5584
0.5553
0.5942
0.5403
0.5583
0.5327
0.5478
0.552
0.5114
0.5473
0.5287
0.528
0.5482
0.5388
0.5241
0.5267
0.5413
0.5303
0.5249
0.5475
0.5358
0.5293
0.5588
0.5649
0.5398
0.5493
0.5366
0.5583
0.5294
0.5321
0.5295
0.5888
0.5442
0.5539
0.53
0.5407
0.5257
0.5307
0.561
0.5417
0.5438
0.5499
0.5286
0.5398
0.5311
0.5381
0.5317
0.5335
0.5343
0.5368
0.542
0.5307
0.5444
0.5383
0.5348
0.5246
0.5514
0.5138
0.5252
0.5266
0.5343
0.5247
0.5285
0.532
0.54
0.5491
0.5288
0.5745
0.5269
0.5301
0.5273
0.6029
0.5586
0.5455
0.5464
0.5567
0.5243
0.5283
0.5482
0.5458
0.5205
0.5232
0.5368
0.5475
0.5443
0.5465
0.5425
0.5456
0.5351
0.519
0.5368
0.5318
0.5349
0.5161
0.552
0.5238
0.5285
0.5381
0.5113
0.536
0.5112
0.5478
0.5423
0.5624
0.5387
0.5371
0.548
0.5536
0.5118
0.5213
0.5402
0.5414
0.5472
0.5429
0.5485
0.5497
0.5146
0.5383
0.5343
0.5696
0.5543
0.5681
0.5489
0.5421
0.5755
0.5569
0.545
0.5368
0.5626
0.5498
0.5477
0.5356
0.5649
0.5159
0.5535
0.5445
0.5363
0.5488
0.537
0.5469
0.5347
0.5222
0.5485
0.5343
0.5351
0.5311
0.5367
0.5409
0.5425
0.5302
0.534
0.5204
0.5396
0.558
0.552
0.5407
0.5405
0.5115
0.5429
0.543
0.5328
0.5406
0.5371
0.5289
0.5415
0.5276
0.5443
0.515
0.5319
0.533
0.5339
0.5527
0.5428
0.5337
0.5255
0.5446
0.5433
0.5923
0.5567
0.5555
0.565
0.5475
0.5259
0.5782
0.5504
0.5426
0.5227
0.5277
0.5276
0.5487
0.5411
0.5427
0.5218
0.5433
0.5222
0.5501
0.539
0.5493
0.5237
0.542
0.5341
0.5501
0.543
0.5545
0.5544
0.5351
0.5357
0.5331
0.5267
0.5425
0.5376
0.5282
0.5366
0.5569
0.5237
0.552
0.5294
0.5257
0.5678
0.6276
0.5463
0.5607
0.5457
0.5644
0.5487
0.5555
0.5428
0.5362
0.5418
0.5401
0.5216
0.5315
0.5403
0.5603
0.5466
0.5395
0.5624
0.542
0.5396
0.5439
0.544
0.5407
0.5365
0.5587
0.5139
0.5385
0.5468
0.5334
0.5456
0.5413
0.5374
0.5347
0.5395
0.552
0.5275
0.523
0.5524
0.5486
0.5156
0.5354
0.5353
0.5448
0.5404
0.516
0.5355
0.5502
0.5382
0.5213
0.4999
0.5388
0.544
0.5275
0.5374
0.5489
0.5462
0.5342
0.5363
0.533
0.5253
0.5302
0.5463
0.5287
0.5377
0.5705
0.5241
0.547
0.5264
0.5471
0.5281
0.5314
0.5358
0.5548
0.5283
0.5729
0.571
0.5391
0.5426
0.5437
0.5526
0.5346
0.5475
0.5414
0.5659
0.5362
0.5452
0.5255
0.543
0.5382
0.5279
0.5088
0.5394
0.5256
0.5419
0.5529
0.5317
0.543
0.5403
0.5308
0.5467
0.538
0.5113
0.5417
0.5411
0.5447
0.5222
0.5289
0.5351
0.5328
0.5553
0.5343
0.5368
0.5495
0.5414
0.5305
0.5278
0.5543
0.5419
0.5327
0.5308
0.537
0.5517
0.5348
0.5306
0.6023
0.54
0.5463
0.5431
0.541
0.5448
0.5481
0.5439
0.5518
0.5305
0.5493
0.6028
0.5235
0.5392
0.5308
0.5469
0.5527
0.5517
0.5459
0.5458
0.542
0.5556
0.5318
0.7895
0.5511
0.5584
0.5432
0.5427
0.5417
0.5356
0.5472
0.5598
0.5361
0.5439
0.5339
0.5372
0.5462
0.5483
0.556
0.5268
0.5228
0.5737
0.5167
0.537
0.5463
0.5289
0.5511
0.523
0.5326
0.5291
0.543
0.6366
0.5443
0.5492
0.5257
0.542
0.5364
0.5413
0.55
0.5436
0.5553
0.5301
0.5583
0.5397
0.5109
0.5482
0.5294
0.543
0.5379
0.5247
0.5357
0.5492
0.5473
0.5496
0.5364
0.5049
0.5418
0.5178
0.548
0.5496
0.5449
0.5313
0.5502
0.5264
0.5381
0.5247
0.5418
0.5368
0.5604
0.5331
0.5199
0.5481
0.5388
0.5359
0.5606
0.7425
0.5484
0.5247
0.5263
0.5497
0.5394
0.545
0.559
0.5383
0.5513
0.4974
0.5415
0.5465
0.5245
0.5489
0.5263
0.5513
0.5276
0.5443
0.561
0.5586
0.5621
0.5405
0.5337
0.5411
0.5386
0.5495
0.5508
0.5348
0.5327
0.5368
0.5369
0.5452
0.5566
0.5394
0.5613
0.5378
0.5343
0.5437
0.5251
0.5339
0.5286
0.5269
0.5356
0.5725
0.5414
0.5375
0.525
0.559
0.54
0.5595
0.5523
0.5512
0.5673
0.5391
0.5507
0.5388
0.5179
0.5303
0.5347
0.526
0.5195
0.5317
0.5255
0.5448
0.5436
0.5377
0.5483
0.5537
0.5739
0.5404
0.5367
0.5593
0.5296
0.5376
0.5394
0.5589
0.5239
0.5363
0.5499
0.5316
0.5486
0.5539
0.5561
0.5439
0.5415
0.5504
0.5407
0.5266
0.5388
0.5269
0.5552
0.5425
0.5476
0.5482
0.5268
0.5621
0.561
0.5358
0.5525
0.515
0.5498
0.5473
0.5816
0.545
0.5484
0.537
0.5511
0.5456
0.5304
0.5525
0.5631
0.5388
0.5492
0.5498
0.5331
0.5508
0.5352
0.5198
0.5448
0.5396
0.5446
0.523
0.5017
0.5434
0.5211
0.5306
0.5496
0.5457
0.5543
0.5329
0.5152
0.5282
0.5323
0.5424
0.5592
0.5283
0.538
0.5392
0.5529
0.5449
0.5398
0.553
0.5611
0.5471
0.5466
0.5466
0.6088
0.5548
0.5657
0.5564
0.5456
0.5594
0.5504
0.525
0.5332
0.5424
0.5287
0.5467
0.5405
0.5407
0.5481
0.503
0.5143
0.5419
0.5368
0.5285
0.539
0.5545
0.5303
0.592
0.5286
0.534
0.5443
0.5386
0.54
0.5521
0.5517
0.5589
0.5205
0.5349
0.5466
0.5285
0.5475
0.5514
0.7253
0.5234
0.5324
0.5431
0.5343
0.5717
0.5257
0.5302
0.5469
0.5288
0.5404
0.5432
0.5368
0.5298
0.5366
0.5408
0.5274
0.533
0.5519
0.5282
0.5594
0.5378
0.5397
0.5565
0.523
0.5276
0.5312
0.5515
0.55
0.5356
0.5425
0.5385
0.5143
0.5383
0.5583
0.5142
0.53
0.5248
0.529
0.5531
0.5331
0.547
0.5353
0.5331
0.5423
0.5207
0.5458
0.5245
0.5347
0.5291
0.5486
0.5353
0.5512
0.5516
0.5237
0.5367
0.533
0.5135
0.5515
0.5464
0.5321
0.5208
0.5417
0.519
0.5511
0.551
0.5404
0.5352
0.5285
0.5565
0.5414
0.5449
0.543
0.5086
0.5426
0.5475
0.5254
0.5439
0.5464
0.5301
0.5274
0.5345
0.5351
0.5503
0.5384
0.5733
0.5372
0.5499
0.5379
0.5546
0.5358
0.517
0.5389
0.5372
0.5416
0.542
0.5312
0.5562
0.5234
0.5108
0.5129
0.5546
0.5345
0.5873
0.5452
0.5432
0.5406
0.5408
0.5363
0.5333
0.5339
0.5405
0.5399
0.5631
0.5532
0.5457
0.5322
0.5438
0.547
0.5414
0.5748
0.5418
0.5475
0.5317
0.5621
0.5369
0.54
0.5334
0.5479
0.5301
0.5454
0.5832
0.5388
0.5595
0.5458
0.5326
0.5377
0.5466
0.5389
0.5298
0.5354
0.5455
0.5318
0.5252
0.522
0.5254
0.5157
0.5426
0.545
0.5341
0.544
0.5443
0.5349
0.5377
0.5431
0.5336
0.5268
0.558
0.5445
0.5155
0.5345
0.5275
0.5453
0.5069
0.5293
0.5509
0.5567
0.5402
0.5376
0.5342
0.5519
0.542
0.5525
0.5583
0.5564
0.5332
0.5206
0.5134
0.5257
0.5559
0.5328
0.532
0.5283
0.5356
0.5491
0.5549
0.5365
0.5465
0.5461
0.5469
0.5481
0.5275
0.5532
0.5482
0.5359
0.5602
0.5468
0.5383
0.5346
0.5429
0.5391
0.5397
0.541
0.5283
0.533
0.5448
0.5401
0.5475
0.5462
0.5546
0.5507
0.5574
0.569
0.5357
0.5452
0.5399
0.5589
0.5399
0.5324
0.532
0.5323
0.5575
0.5478
0.5497
0.5383
0.5484
0.5318
0.5443
0.5511
0.5422
0.5412
0.5304
0.5406
0.5446
0.5671
0.6283
0.5494
0.5424
0.5395
0.5735
0.5429
0.5282
0.5798
0.5345
0.5319
0.5388
0.5471
0.5102
0.5379
0.5534
0.5387
0.5332
0.5422
0.5335
0.5407
0.5357
0.515
0.5324
0.5566
0.5253
0.5437
0.5586
0.5488
0.5418
0.5334
0.5509
0.545
0.5442
0.5191
0.5415
0.5387
0.5275
0.5379
0.542
0.5302
0.5438
0.5463
0.5449
0.539
0.5164
0.5519
0.5656
0.5416
0.5635
0.549
0.5384
0.5518
0.5671
0.5302
0.5457
0.5306
0.5387
0.5373
0.5569
0.5396
0.555
0.5531
0.539
0.5657
0.5407
0.5302
0.5249
0.5211
0.5553
0.5383
0.5365
0.5406
0.5211
0.5495
0.5323
0.5415
0.519
0.5335
0.5217
0.5448
0.5392
0.5303
0.5423
0.5392
0.5508
0.527
0.5416
0.5585
0.5703
0.532
0.5251
0.5453
0.5306
0.5509
0.5224
0.5361
0.534
0.5364
0.5434
0.5253
0.5312
0.5293
0.5315
0.5294
0.5516
0.5349
0.5365
0.5473
0.5313
0.5435
0.5441
0.5625
0.5255
0.5385
0.5486
0.5443
0.5536
0.5479
0.5418
0.5389
0.5183
0.5607
0.5293
0.5393
0.5445
0.7109
0.5661
0.5263
0.5393
0.5424
0.5413
0.5369
0.5461
0.5597
0.5288
0.5295
0.5741
0.5597
0.5279
0.541
0.5339
0.5373
0.5441
0.5267
0.5484
0.5336
0.5368
0.5707
0.5277
1.0061
0.6392
0.5358
0.5398
0.5173
0.5339
0.5575
0.5446
0.5143
0.5339
0.5379
0.5347
0.5484
0.5424
0.7329
0.5426
0.5468
0.7065
0.5507
0.5516
0.5361
0.5229
0.5382
0.5458
0.5717
0.5316
0.7073
0.5279
0.5298
0.5397
0.5562
0.5475
0.5298
0.5536
0.5542
0.5666
0.7569
0.5291
0.6544
0.535
0.5365
0.5337
0.5374
0.5448
0.5229
0.5459
0.5338
0.5402
0.5609
0.5432
0.565
0.5287
0.5284
0.5562
0.5499
0.5522
0.5263
0.5279
0.5281
0.5466
0.5307
0.5707
0.5412
0.5384
0.537
0.541
0.5646
0.5408
0.5345
0.54
0.5254
0.5429
0.573
0.5723
0.5343
0.5349
0.5359
0.5493
0.5407
0.5594
0.5642
0.5548
0.5318
0.5345
0.5228
0.5379
0.5558
0.5312
0.5359
0.5355
0.5455
0.5385
0.5383
0.5311
0.5341
0.5597
0.5332
0.5429
0.5544
0.5382
0.527
0.5082
0.5612
0.5437
0.536
0.5374
0.5285
0.5444
0.5254
0.5465
0.5517
0.5479
0.5471
0.5446
0.5129
0.5213
0.5224
0.525
0.5428
0.5175
0.545
0.5592
0.5539
0.5409
0.5247
0.5356
0.5373
0.5473
0.5349
0.5473
0.5572
0.545
0.5287
0.5434
0.5316
0.6826
0.5512
0.563
0.5327
0.5673
0.5235
0.6644
0.5292
0.5347
0.5291
0.5521
0.5456
0.5378
0.5346
0.5418
0.5637
0.525
0.5406
0.5251
0.5387
0.5648
0.5549
0.5395
0.5303
0.556
0.5503
0.5652
0.5324
0.5599
0.5217
0.5328
0.5094
0.5056
0.5281
0.5335
0.5463
0.5315
0.5377
0.5351
0.545
0.5243
0.5371
0.5358
0.5501
0.6348
0.6145
0.5211
0.5543
0.5377
0.531
0.5328
0.5357
0.5225
0.54
0.563
0.5289
0.5389
0.5238
0.5382
0.5324
0.5423
0.5892
0.5211
0.5493
0.5572
0.5493
0.5419
0.5565
0.531
0.5221
0.5264
0.5369
0.545
0.5513
0.5304
0.542
0.5618
0.5515
0.5371
0.5293
0.5215
0.5463
0.5234
0.5359
0.5163
0.5498
0.5442
0.5369
0.5442
0.5409
0.5458
0.5527
0.5439
0.5696
0.5497
0.5389
0.5297
0.5391
0.5622
0.5639
0.5256
0.5281
0.5337
0.5351
0.5326
0.5476
0.5301
0.5787
0.5256
0.5446
0.5633
0.5262
0.5566
0.5426
0.541
0.5393
0.5264
0.5441
0.5343
0.5303
0.544
0.5351
0.5391
0.5527
0.5314
0.5157
0.5433
0.538
0.5135
0.5402
0.5263
0.5396
0.5481
0.5593
0.5603
0.5443
0.5242
0.5358
0.565
0.5391
0.5446
0.5475
0.5372
0.6031
0.5369
0.5347
0.5487
0.5312
0.525
0.5537
0.5509
0.55
0.5352
0.5583
0.5302
0.556
0.544
0.5344
0.5691
0.5288
0.5521
0.536
0.5652
0.529
0.5417
0.5405
0.5301
0.5363
0.5338
0.5578
0.5547
0.5494
0.5267
0.5368
0.5401
0.531
0.5483
0.5653
0.5323
0.5322
0.5568
0.5436
0.5532
0.5459
0.5293
0.566
0.5547
0.5307
0.5283
0.5409
0.5497
0.531
0.5348
0.5417
0.5431
0.5324
0.5457
0.5665
0.5419
0.5498
0.609
0.5453
0.5559
0.5227
0.5475
0.5326
0.5324
0.5536
0.5681
0.5548
0.5354
0.5404
0.5435
0.5429
0.5523
0.537
0.5271
0.5388
0.568
0.5368
0.5497
0.5426
0.5414
0.5357
0.5303
0.5753
0.5493
0.5532
0.5343
0.5496
0.5478
0.5384
0.529
0.5438
0.5835
0.5361
0.542
0.5511
0.5349
0.5314
0.5409
0.5311
0.5349
0.552
0.524
0.547
0.5249
0.5306
1.0414
0.5229
0.517
0.6115
0.5228
0.5377
0.5454
0.5373
0.7137
0.528
0.5174
0.5417
0.5234
0.5337
0.5277
0.555
0.6314
0.5452
0.5386
0.542
0.5927
0.5428
0.5307
0.5211
0.5243
0.5421
0.5411
0.5411
0.5498
0.5409
0.5341
0.5267
0.5209
0.5373
0.5366
0.5417
0.5447
0.5237
0.5682
0.5335
0.5408
0.5209
0.5322
0.5429
0.5433
0.5279
0.5563
0.5436
0.5523
0.5561
0.5478
0.5481
0.5584
0.5518
0.5468
0.5295
0.5546
0.5337
0.5473
0.5233
0.5508
0.5314
0.5387
0.5506
0.5624
0.5386
0.5622
0.5366
0.5516
0.5496
0.5469
0.55
0.5365
0.5541
0.5276
0.5392
0.5433
0.5338
0.5558
0.5204
0.5423
0.5515
0.5198
0.5548
0.5527
0.5364
0.5515
0.5184
0.5471
0.5387
0.5438
0.5327
0.5399
0.5832
0.5334
0.555
0.5195
0.5582
0.5423
0.5564
0.531
0.5435
0.5037
0.5469
0.5524
0.5278
0.5078
0.528
0.5093
0.541
0.5329
0.544
0.529
0.539
0.5429
0.5501
0.5508
0.5117
0.555
0.5383
0.5181
0.5368
0.533
0.523
0.5263
0.5285
0.5419
0.5345
0.5454
0.5424
0.5485
0.5704
0.5398
0.539
0.5342
0.5399
0.5328
0.5366
0.5271
0.5583
0.5356
0.5581
0.5671
0.5195
0.5561
0.5479
0.5248
0.6516
0.535
0.5288
0.5438
0.5456
0.5374
0.5245
0.5358
0.5634
0.5299
0.5467
0.5234
0.5334
0.5429
0.5808
0.5366
0.5456
0.5265
0.5474
0.5321
0.5426
0.6935
0.5499
0.542
0.568
0.5414
0.5317
0.5434
0.522
0.5553
0.5511
0.5473
0.5216
0.543
0.5404
0.5514
0.5467
0.592
0.5439
0.5559
0.5483
0.543
0.5363
0.5332
0.5462
0.5647
0.5577
0.5465
0.5354
0.5371
0.5417
0.51
0.5365
0.5262
0.5444
0.6418
0.5426
0.5393
0.5483
0.5378
0.5333
0.5346
0.5413
0.544
0.5422
0.5418
0.5287
0.5421
0.5366
0.5527
0.5505
0.5522
0.5537
0.5576
0.536
0.5167
0.5493
0.5312
0.5287
0.5485
0.5281
0.5395
0.5541
0.5462
0.5286
0.5461
0.574
0.4984
0.5288
0.5382
0.5249
0.5389
0.7993
0.5602
0.5214
0.531
0.5459
0.5331
0.5371
0.5302
0.5269
0.5398
0.5312
0.5551
0.5192
0.5287
0.5431
0.5545
0.5462
0.546
0.5413
0.5515
0.5564
0.5509
0.5432
0.5393
0.5817
0.5246
0.5441
0.5497
0.5356
0.549
0.531
0.562
0.5556
0.5352
0.536
0.5275
0.5244
0.5303
0.6037
0.5538
0.5364
0.5493
0.5296
0.549
0.5451
0.5378
0.532
0.5329
0.5363
0.5917
0.5419
0.5433
0.5307
0.5284
0.5449
0.5602
0.5608
0.5415
0.5231
0.5451
0.5257
0.5607
0.5598
0.5414
0.5393
0.5347
0.5372
0.5608
0.5216
0.5356
0.5339
0.5512
0.5415
0.5495
0.6073
0.5282
0.5564
0.7566
0.5481
0.547
0.5295
0.5205
0.5442
0.5314
0.5437
0.5353
0.5543
0.539
0.5465
0.5523
0.5256
0.773
0.5013
0.5336
0.5311
0.5478
0.5236
0.5235
0.5492
0.5551
0.543
0.5483
0.5195
0.5218
0.5298
0.5336
0.543
0.5386
0.5303
0.5314
0.5725
0.5365
0.5334
0.5454
0.5326
0.5358
0.5425
0.5471
0.5394
0.5307
0.5535
0.542
0.5272
0.5387
0.532
0.5214
0.5269
0.5711
0.5387
0.5433
0.5391
0.5204
0.5431
0.5224
0.575
0.5519
0.561
0.5425
0.5507
0.536
0.5243
0.5368
0.5377
0.5517
0.5487
0.5293
0.5275
0.5274
0.5435
0.5338
0.5625
0.5433
0.5595
0.5289
0.5418
0.5291
0.521
0.563
0.565
0.5437
0.5344
0.555
0.5454
0.5276
0.5451
0.5481
0.544
0.5432
0.5284
0.5444
0.5502
0.5655
0.5431
0.5342
0.5406
0.5269
0.5482
0.5423
0.5274
0.5419
0.5412
0.53
0.5274
0.54
0.5457
0.5529
0.5365
0.5589
0.5299
0.5429
0.549
0.5245
0.5377
0.5312
0.5597
0.5458
0.5417
0.534
0.567
0.5366
0.5409
0.5317
0.5284
0.5338
0.5353
0.5653
0.5519
0.5285
0.5431
0.5507
0.5345
0.558
0.5365
0.5457
0.5445
0.5363
0.5485
0.5522
0.5504
0.5257
0.6123
0.5485
0.5461
0.5486
0.5397
0.5447
0.5388
0.5252
0.5223
0.5435
0.5358
0.5339
0.5307
0.539
0.5382
0.5271
0.5301
0.5507
0.5117
0.5483
0.5462
0.5418
0.5429
0.5373
0.56
0.5307
0.5303
0.5416
0.5308
0.5199
0.5486
0.5348
0.5439
0.537
0.5355
0.5339
0.5615
0.5628
0.5442
0.5412
0.5546
0.5434
0.5404
0.5304
0.5476
0.5566
0.5327
0.5258
0.5372
0.543
0.5351
0.5584
0.5439
0.555
0.5186
0.5466
0.5539
0.5547
0.5179
0.5719
0.5544
0.5513
0.5302
0.5485
0.5449
0.5333
0.5284
0.556
0.5504
0.5395
0.5399
0.5443
0.5587
0.5522
0.5493
0.5341
0.5238
0.5458
0.534
0.5205
0.5473
0.5257
0.5485
0.5168
0.5424
0.5413
0.5295
0.5289
0.5459
0.5404
0.5376
0.6399
0.6109
0.5453
0.5443
0.5393
0.5318
0.5396
0.5442
0.5488
0.5384
0.5586
0.5473
0.5519
0.5573
0.5276
0.5365
0.5449
0.523
0.5483
0.5441
0.5499
0.5322
0.5479
0.5391
0.5478
0.5103
0.5256
0.5346
0.5429
0.5318
0.5294
0.5193
0.544
0.5377
0.5395
0.5438
0.5457
0.5419
0.5381
0.5429
0.5247
0.5435
0.5195
0.5693
0.5564
0.5348
0.5327
0.5328
0.5063
0.5339
0.5216
0.543
0.5282
0.5508
0.5555
0.5453
0.5426
0.5444
0.534
0.5452
0.54
0.5284
0.5255
0.5231
0.7087
0.549
0.5491
0.5171
0.5374
0.5336
0.5401
0.5325
0.5684
0.5271
0.5555
0.6708
0.5489
0.5462
0.5346
0.5201
0.5412
0.5353
0.5518
0.5555
0.5447
0.5829
0.5412
0.556
0.521
0.5261
0.5366
0.5439
0.5214
0.5149
0.5525
0.512
0.5427
0.5455
0.5485
0.53
0.5336
0.5375
0.5245
0.5396
0.558
0.5174
0.5332
0.5309
0.5626
0.5317
0.5328
0.5487
0.5099
0.5395
0.5492
0.5461
0.5476
0.5317
0.5398
0.5486
0.5407
0.5385
0.5339
0.5641
0.5363
0.5896
0.5477
0.5337
0.547
0.5184
0.5237
0.5347
0.5203
0.5375
0.5356
0.536
0.5377
0.5298
0.544
0.5267
0.632
0.5492
0.5287
0.5599
0.5686
0.5495
0.5266
0.5643
0.5241
0.5377
0.5756
0.5174
0.5186
0.5559
0.5164
0.5537
0.5495
0.5324
0.5552
0.5316
0.5361
0.7445
0.5667
0.549
0.5088
0.5428
0.587
0.558
0.7275
0.5613
0.5446
0.5347
0.5361
0.5522
0.5437
0.5296
0.5221
0.5419
0.5461
0.5758
0.5315
0.5508
0.538
0.5492
0.551
0.5502
0.5422
0.5633
0.5435
0.546
0.5489
0.5664
0.5312
0.5597
0.5369
0.5557
0.5322
0.5129
0.5323
0.5306
0.5462
0.5272
0.5552
0.5267
0.5367
0.5429
0.5441
0.6186
0.5794
0.5438
0.543
0.5422
0.5597
0.5338
0.5411
0.5502
0.5358
0.5486
0.5456
0.5327
0.5471
0.5364
0.5638
0.5424
0.5287
0.545
0.5298
0.6272
0.5457
0.5475
0.5294
0.5345
0.5297
0.5468
0.5346
0.519
0.5246
0.5532
0.5536
0.5357
0.5393
0.5418
0.5754
0.5356
0.5916
0.5498
0.5329
0.5379
0.5272
0.5388
0.5461
0.5226
0.5578
0.5375
0.5374
0.5413
0.5323
0.5333
0.5284
0.5455
0.5275
0.5238
0.5191
0.5433
0.5449
0.5405
0.533
0.5382
0.5302
0.5334
0.5373
0.5396
0.5473
0.5413
0.538
0.5452
0.5355
0.5646
0.532
0.5449
0.5251
0.5273
0.5398
0.5094
0.5485
0.5498
0.5384
0.527
0.558
0.5383
0.5414
0.5347
0.5239
0.5539
0.5291
0.5386
0.515
0.7022
0.5396
0.5456
0.5361
0.5252
0.5407
0.5285
0.5491
0.5187
0.5345
0.5281
0.5683
0.5241
0.549
0.5515
0.5317
0.5406
0.5323
0.5283
0.5378
0.5363
0.5321
0.5619
0.5308
0.5209
0.5368
0.5522
0.5417
0.5409
0.5399
0.5186
0.5416
0.526
0.5332
0.5382
0.5332
0.5395
0.5313
0.5637
0.6922
0.5522
0.5362
0.5381
0.5315
0.5303
0.5344
0.5395
0.5489
0.5698
0.5417
0.5495
0.5153
0.5606
0.5262
0.5262
0.526
0.5234
0.5409
0.5453
0.5266
0.5388
0.5143
0.5308
0.5451
0.5428
0.5434
0.5568
0.5595
0.5433
0.5359
0.5517
0.5308
0.5368
0.5378
0.5309
0.5414
0.5444
0.5461
0.5544
0.5319
0.5253
0.5459
0.5511
0.5252
0.532
0.5607
0.5293
0.5542
0.5456
0.5324
0.524
0.5183
0.5396
0.5478
0.5272
0.5452
0.5508
0.5336
0.5378
0.5536
0.5545
0.5471
0.5426
0.5642
0.5295
0.5413
0.5425
0.5412
0.5539
0.5531
0.5462
0.539
0.5412
0.5264
0.5294
0.5261
0.5386
0.5547
0.5444
0.5222
0.5619
0.5145
0.5514
0.5462
0.5204
0.5211
0.5389
0.6198
0.5482
0.559
0.5609
0.561
0.522
0.616
0.5594
0.5365
0.5304
0.5291
0.5339
0.5447
0.5347
0.5522
0.5371
0.531
0.543
0.5241
0.5471
0.5271
0.5528
0.5476
0.5407
0.5417
0.528
0.5623
0.5555
0.5333
0.549
0.6046
0.5407
0.5232
0.5462
0.5188
0.6659
0.5623
0.5634
0.5237
0.5463
0.5397
0.5535
0.5942
0.5281
0.5286
0.5436
0.5269
0.5242
0.5376
0.5547
0.5197
0.5187
0.5229
0.5246
0.5496
0.5522
0.5628
0.5163
0.5561
0.551
0.567
0.5432
0.552
0.5346
0.5323
0.546
0.5411
0.5466
0.5462
0.5537
0.5449
0.5364
0.5423
0.5181
0.5412
0.5555
0.5519
0.569
0.5271
0.5289
0.5313
0.5617
0.5205
0.5376
0.5563
0.541
0.5434
0.5405
0.5533
0.5468
0.5504
0.5412
0.5362
0.5489
0.549
0.5336
0.535
0.5344
0.5454
0.5391
0.557
0.538
0.5445
0.5548
0.532
0.5581
0.5432
0.5467
0.5336
0.5512
0.5505
0.5339
0.5335
0.5582
0.5314
0.5469
0.5362
0.5354
0.5214
0.5215
0.5354
0.5383
0.5636
0.5386
0.5381
0.5263
0.5207
0.5371
0.5398
0.5482
0.5242
0.5577
0.5354
0.5354
0.5455
0.5441
0.5548
0.5327
0.5304
0.5304
0.5336
0.5216
0.5441
0.5169
0.5323
0.5387
0.5554
0.5364
0.5354
0.5516
0.5447
0.5294
0.559
0.5284
0.5416
0.5561
0.5318
0.5291
0.5503
0.5533
0.534
0.5508
0.5189
0.5359
0.549
0.5368
0.5483
0.5403
0.5357
0.5432
0.5696
0.5242
0.6036
0.5317
0.5316
0.5372
0.5208
0.5353
0.547
0.5351
0.5449
0.5272
0.5305
0.5542
0.5346
0.5336
0.5466
0.5303
0.5459
0.5303
0.5305
0.5303
0.5707
0.5448
0.5234
0.5366
0.5302
0.5424
0.5669
0.545
0.5353
0.5394
0.5377
0.5329
0.5578
0.5909
0.5289
0.5391
0.5495
0.5277
0.5277
0.507
0.5547
0.5325
0.5453
0.5436
0.5318
0.5535
0.5443
0.5294
0.528
0.5479
0.5349
0.5458
0.5462
0.545
0.5393
0.5225
0.5532
0.5267
0.5515
0.5392
0.5268
0.5313
0.5197
0.5563
0.5352
0.5422
0.5231
0.5317
0.531
0.5298
0.5419
0.5287
0.5311
0.5404
0.5439
0.5521
0.5318
0.5321
0.5295
0.533
0.5405
0.5374
0.5428
0.5451
0.5267
0.5112
0.5378
0.537
0.5551
0.5672
0.5441
0.5431
0.6341
0.5367
0.57
0.5311
0.5471
0.5385
0.5358
0.5392
0.5229
0.5417
0.547
0.5391
0.5631
0.5368
0.5444
0.6043
0.5059
0.5451
0.5353
0.5384
0.539
0.5315
0.5397
0.553
0.5589
0.5592
0.5399
0.5462
0.545
0.5444
0.5487
0.5415
0.542
0.5516
0.5408
0.5328
0.5586
0.5164
0.5355
0.5183
0.5423
0.5493
0.5493
0.5443
0.5621
0.5158
0.5437
0.5349
0.5434
0.5324
0.5209
0.5379
0.538
0.5322
0.5509
0.5518
0.5374
0.5278
0.5553
0.5514
0.5187
0.5391
0.5606
0.5467
0.5374
0.5561
0.5318
0.5286
0.5435
0.5317
0.549
0.5217
0.5358
0.5436
0.5315
0.5427
0.5456
0.531
0.5576
0.5622
0.5498
0.5407
0.5351
0.5404
0.5377
0.5173
0.5511
0.5385
0.546
0.5251
0.5504
0.551
0.5236
0.5342
0.5241
0.5322
0.5376
0.5297
0.6522
0.5165
0.5398
0.5466
0.5342
0.5379
0.535
0.5482
0.5707
0.5151
0.5384
0.5481
0.5277
0.5409
0.5286
0.5367
0.5391
0.551
0.5334
0.5442
0.5599
0.5462
0.539
0.5129
0.5302
0.5327
0.5456
0.522
0.5312
0.5472
0.5437
0.5299
0.5519
0.5396
0.5525
0.5415
0.542
0.5363
0.5449
0.5409
0.5409
0.556
0.5358
0.522
0.5479
0.5372
0.5241
0.528
0.534
0.5564
0.5373
0.5398
0.5459
0.5881
0.5373
0.5443
0.5389
0.5596
0.6107
0.5312
0.5306
0.5485
0.5606
0.5402
0.5744
0.5511
0.5546
0.5338
0.5478
0.5227
0.5157
0.5265
0.5126
0.5692
0.5418
0.5232
0.5485
0.5311
0.5448
0.5382
0.5472
0.5319
0.5501
0.5123
0.5239
0.5325
0.5496
0.5341
