Timp in Milisecunde
1.0595
1.0684
1.057
1.0491
1.041
1.0595
1.0604
1.0584
1.2616
1.0482
1.0616
1.0465
1.0957
1.1714
1.059
1.0488
1.0437
1.0626
1.0454
1.0527
1.0559
1.0489
1.0657
1.0602
1.0464
1.0312
1.0524
1.0427
1.0571
1.0523
1.0186
1.0544
1.0463
1.0646
1.0601
1.0522
1.0539
1.0816
1.0531
1.0454
1.0393
1.0724
1.064
1.0464
1.0533
1.0397
1.0579
1.0593
1.0528
1.0481
1.0501
1.0863
1.0476
1.0604
1.0508
1.0674
1.0573
1.0438
1.1124
1.0595
1.0496
1.0462
1.0565
1.0661
1.0448
1.0674
1.054
1.0639
1.048
1.0468
1.0855
1.0409
1.0655
1.0592
1.0511
1.0576
1.0561
1.0491
1.0292
1.0382
1.0476
1.0402
1.0609
1.0523
1.0476
1.0483
1.0822
1.0651
1.0536
1.0448
1.0606
1.0905
1.0516
1.1336
1.0484
1.0501
1.0536
1.0412
1.0543
1.0522
1.0962
1.0522
1.0492
1.051
1.093
1.064
1.0542
1.0211
1.0875
1.0421
1.0429
1.0481
1.0493
1.0247
1.0554
1.0623
1.0381
1.0538
1.0528
1.0678
1.0532
1.0458
1.0516
1.0516
1.0594
1.0447
1.0618
1.0481
1.0733
1.0492
1.0557
1.0333
1.067
1.0407
1.0427
1.0655
1.0389
1.0419
1.1724
1.0483
1.0334
1.0565
1.1885
1.0389
1.0374
1.0667
1.0519
1.0541
1.0535
1.0558
1.0524
1.0657
1.0566
1.052
1.0349
1.0432
1.0531
1.0528
1.0473
1.2353
1.0515
1.0558
1.0576
1.0553
1.0501
1.0538
1.0396
1.0494
1.066
1.0389
1.0439
1.0672
1.0495
1.0394
1.0447
1.0498
1.0391
1.0623
1.067
1.0451
1.0407
1.0578
1.0544
1.0414
1.0535
1.057
1.0678
1.0598
1.0478
1.0429
1.0616
1.0756
1.0617
1.0691
1.0601
1.05
1.0479
1.0516
1.0581
1.0716
1.05
1.0573
1.0523
1.0673
1.0562
1.0546
1.0405
1.0482
1.0571
1.0729
1.0613
1.0443
1.0494
1.0466
1.0597
1.0613
1.0408
1.0505
1.0587
1.0671
1.0494
1.0507
1.0627
1.0402
1.0639
1.0377
1.0471
1.0573
1.0364
1.0536
1.0528
1.0449
1.051
1.0557
1.0604
1.0465
1.0159
1.0511
1.0442
1.0377
1.0549
1.0417
1.0569
1.0524
1.0535
1.0447
1.0659
1.0759
1.0535
1.0491
1.0463
1.049
1.0592
1.059
1.0624
1.0572
1.0498
1.0683
1.065
1.0615
1.0538
1.0593
1.0464
1.0582
1.0525
1.0488
1.0575
1.051
1.0759
1.0524
1.0511
1.0578
1.1104
1.0465
1.049
1.0698
1.0586
1.0686
1.0557
1.0591
1.0522
1.0671
1.0723
1.0408
1.0541
1.0518
1.0427
1.0478
1.0574
1.0498
1.0323
1.0531
1.0529
1.0584
1.0485
1.0572
1.0676
1.063
1.0499
1.0574
1.0514
1.1035
1.0437
1.0551
1.0521
1.045
1.085
1.0579
1.0532
1.038
1.0862
1.0506
1.0644
1.0605
1.0567
1.0586
1.0519
1.0443
1.0591
1.0555
1.077
1.0485
1.0591
1.044
1.0497
1.058
1.0594
1.0775
1.0455
1.058
1.0534
1.0566
1.0531
1.0472
1.0516
1.0614
1.0367
1.0505
1.0496
1.0444
1.0617
1.0589
1.1203
1.0541
1.0481
1.0609
1.0581
1.0585
1.0411
1.0471
1.0546
1.0544
1.0579
1.0435
1.0533
1.07
1.1107
1.051
1.0501
1.0457
1.069
1.0551
1.0444
1.0548
1.0488
1.0584
1.0624
1.0507
1.0494
1.0752
1.0505
1.0443
1.0513
1.0576
1.0467
1.0447
1.0516
1.0721
1.054
1.0505
1.0563
1.0342
1.0572
1.0466
1.0375
1.0524
1.0399
1.0455
1.057
1.0509
1.0479
1.0644
1.0436
1.1332
1.0901
1.051
1.0636
1.0431
1.0585
1.0502
1.0521
1.0495
1.0475
1.0783
1.0605
1.0567
1.053
1.044
1.0498
1.0725
1.0833
1.0591
1.071
1.036
1.0618
1.0465
1.044
1.0549
1.051
1.045
1.0606
1.0619
1.0491
1.0392
1.0366
1.043
1.062
1.0461
1.056
1.0551
1.0524
1.0452
1.056
1.0612
1.0493
1.0625
1.0516
1.0514
1.0586
1.0623
1.052
1.0501
1.0404
1.0612
1.0522
1.0607
1.0526
1.0501
1.0571
1.0401
1.0512
1.0614
1.0641
1.0532
1.0522
1.0585
1.0487
1.0582
1.0438
1.0538
1.0545
1.0381
1.0464
1.253
1.0836
1.0486
1.0558
1.1399
1.0533
1.061
1.0506
1.0536
1.0669
1.0507
1.0598
1.0536
1.0516
1.0483
1.0674
1.061
1.0513
1.0448
1.2742
1.047
1.0522
1.0495
1.0523
1.0546
1.0543
1.076
1.0524
1.0501
1.0633
1.0441
1.0665
1.066
1.0475
1.0513
1.0561
1.0534
1.0627
1.0529
1.0499
1.0582
1.0436
1.0467
1.0498
1.0423
1.0485
1.0466
1.0539
1.1612
1.0572
1.0645
1.0585
1.0459
1.0467
1.0471
1.0481
1.0514
1.06
1.0524
1.0686
1.0448
1.0828
1.0472
1.0573
1.0653
1.0521
1.0474
1.0785
1.056
1.0578
1.2135
1.0421
1.0802
1.0487
1.0547
1.0373
1.0556
1.0589
1.0544
1.0521
1.0441
1.0347
1.0565
1.067
1.0647
1.0492
1.0475
1.0651
1.0485
1.0654
1.0804
1.0533
1.0551
1.0438
1.0607
1.0567
1.0473
1.0613
1.0523
1.0554
1.0698
1.0491
1.0445
1.0507
1.0693
1.0566
1.0438
1.0523
1.0456
1.0582
1.0489
1.0647
1.0552
1.0497
1.0787
1.0623
1.0545
1.3283
1.0617
1.055
1.0845
1.3523
1.0526
1.0823
1.0453
1.0691
1.0495
1.0453
1.0384
1.0742
1.0522
1.0715
1.0512
1.0505
1.0545
1.0654
1.0549
1.0512
1.0476
1.0613
1.0608
1.0505
1.0514
1.0481
1.0505
1.0605
1.3467
1.057
1.0443
1.0496
1.0395
1.0485
1.0402
1.0531
1.0377
1.0591
1.0785
1.0562
1.054
1.045
1.0458
1.0634
1.0486
1.0556
1.0454
1.0436
1.0553
1.0482
1.0627
1.0569
1.0386
1.0375
1.053
1.0499
1.054
1.0568
1.0412
1.0703
1.0581
1.0498
1.0711
1.0511
1.0577
1.0432
1.3925
1.0571
1.0358
1.0479
1.0441
1.05
1.0453
1.0641
1.0631
1.0584
1.0419
1.0626
1.0625
1.0877
1.0443
1.0435
1.0498
1.0547
1.039
1.0452
1.051
1.0513
1.1157
1.0604
1.0602
1.0671
1.0477
1.0501
1.0495
1.0793
1.0539
1.0624
1.0611
1.0503
1.0456
1.0526
1.0489
1.0512
1.0468
1.0401
1.0661
1.045
1.0479
1.0566
1.0509
1.0522
1.0424
1.0644
1.0523
1.0448
1.0535
1.04
1.0533
1.0646
1.0643
1.338
1.0535
1.0657
1.0377
1.0527
1.0568
1.0531
1.0479
1.0569
1.0678
1.0544
1.0863
1.0668
1.0423
1.0616
1.0588
1.0487
1.0506
1.0846
1.0568
1.0808
1.0504
1.0453
1.0561
1.0453
1.0621
1.0561
1.0498
1.0449
1.0611
1.0846
1.0557
1.054
1.0467
1.0512
1.0786
1.0529
1.0519
1.0613
1.044
1.0605
1.0551
1.0688
1.0786
1.0514
1.0508
1.0356
1.0398
1.0647
1.0648
1.0475
1.0576
1.0458
1.0467
1.0522
1.0481
1.0514
1.0491
1.0635
1.0539
1.0576
1.0563
1.0516
1.0625
1.0353
1.0531
1.0529
1.0487
1.0501
1.0545
1.0445
1.0488
1.057
1.0491
1.0464
1.0615
1.049
1.0444
1.0507
1.0672
1.0366
1.0564
1.0605
1.0668
1.0535
1.0473
1.0577
1.0479
1.0618
1.0431
1.0631
1.0338
1.0467
1.049
1.0598
1.0637
1.063
1.0591
1.0554
1.0557
1.0576
1.055
1.0485
1.0597
1.0398
1.0724
1.0671
1.0399
1.0417
1.0485
1.0682
1.0456
1.1037
1.0478
1.0591
1.0556
1.0607
1.059
1.0485
1.049
1.3482
1.0474
1.0632
1.0579
1.0598
1.064
1.0527
1.0458
1.056
1.0406
1.0505
1.0536
1.0678
1.069
1.0541
1.0616
1.0509
1.0407
1.0411
1.0474
1.0436
1.0707
1.0788
1.0577
1.0634
1.0753
1.0507
1.0516
1.054
1.0534
1.0438
1.0491
1.0445
1.06
1.0602
1.0599
1.0613
1.0452
1.0448
1.0533
1.0487
1.0467
1.0575
1.0683
1.052
1.0536
1.0536
1.0576
1.046
1.0463
1.0515
1.0661
1.0483
1.0492
1.052
1.0458
1.0348
1.0514
1.039
1.0633
1.07
1.041
1.0561
1.0565
1.0648
1.0761
1.0412
1.0805
1.0502
1.0575
1.1887
1.0503
1.0384
1.0478
1.0429
1.051
1.0715
1.043
1.075
1.0483
1.0462
1.0778
1.0558
1.0486
1.0444
1.0564
1.0457
1.0471
1.0446
1.0421
1.0471
1.0523
1.0251
1.054
1.0481
1.0633
1.0603
1.0633
1.0377
1.0498
1.0385
1.0576
1.0415
1.1578
1.0548
1.0512
1.0387
1.0516
1.0488
1.054
1.0447
1.0538
1.0599
1.0773
1.0387
1.0712
1.0596
1.0571
1.0555
1.0544
1.0675
1.0756
1.0574
1.0557
1.0544
1.0704
1.0504
1.041
1.0479
1.0633
1.0577
1.0281
1.0592
1.0746
1.0612
1.0862
1.0495
1.0626
1.0726
1.0425
1.0481
1.0436
1.0429
1.0575
1.0445
1.0383
1.0326
1.0466
1.0679
1.0555
1.0478
1.0579
1.0653
1.0485
1.0487
1.0488
1.0432
1.0607
1.0282
1.0623
1.0735
1.0544
1.0454
1.0449
1.0536
1.0445
1.0497
1.0654
1.0787
1.0461
1.0557
1.0574
1.0735
1.0808
1.0568
1.0706
1.0574
1.0435
1.0498
1.0471
1.0513
1.3421
1.0647
1.08
1.0564
1.0681
1.0472
1.0429
1.0694
1.05
1.0562
1.0968
1.0557
1.0509
1.0561
1.046
1.0466
1.0549
1.055
1.0569
1.0583
1.0412
1.0681
1.0308
1.0547
1.0538
1.0461
1.0504
1.0486
1.0615
1.0502
1.0445
1.0638
1.0447
1.0516
1.0527
1.0396
1.0409
1.0462
1.0599
1.0845
1.06
1.0621
1.0538
1.0512
1.0589
1.0531
1.0681
1.0487
1.0557
1.0515
1.0638
1.0491
1.0784
1.0521
1.0535
1.0555
1.0449
1.0514
1.0739
1.0404
1.0572
1.0517
1.0546
1.0456
1.0438
1.048
1.0645
1.0581
1.0462
1.0508
1.0547
1.0562
1.0564
1.052
1.0573
1.0643
1.0504
1.0412
1.0545
1.0545
1.0489
1.0526
1.0431
1.0652
1.0675
1.067
1.0951
1.0554
1.0569
1.0599
1.0472
1.0578
1.0645
1.0496
1.0433
1.0462
1.048
1.0553
1.1108
1.0623
1.0432
1.0464
1.0493
1.0528
1.0461
1.0385
1.0609
1.0377
1.0518
1.043
1.0625
1.0614
1.0486
1.069
1.0602
1.0513
1.0686
1.0517
1.0505
1.0462
1.0572
1.0483
1.0467
1.0546
1.0718
1.0517
1.054
1.0564
1.0552
1.0507
1.0522
1.0558
1.0612
1.0854
1.0557
1.0507
1.0345
1.0533
1.0528
1.0459
1.0513
1.0611
1.055
1.0434
1.0507
1.0581
1.0452
1.0492
1.0444
1.0538
1.0503
1.0633
1.0612
1.038
1.0743
1.0584
1.0452
1.0529
1.049
1.0658
1.0532
1.0413
1.0609
1.054
1.1383
1.0543
1.0475
1.047
1.0574
1.0676
1.0713
1.0553
1.0764
1.0593
1.0508
1.0636
1.0389
1.0555
1.0406
1.0381
1.0614
1.0527
1.0518
1.0645
1.0674
1.0454
1.0526
1.05
1.0423
1.1452
1.0511
1.0525
1.0575
1.0444
1.0559
1.0564
1.0512
1.0531
1.0468
1.0525
1.0304
1.0527
1.0587
1.0546
1.0407
1.0532
1.051
1.0375
1.0525
1.0578
1.0609
1.0516
1.1555
1.0566
1.0534
1.0431
1.0577
1.0505
1.0538
1.0613
1.0544
1.0574
1.0542
1.0479
1.35
1.065
1.0519
1.0417
1.0462
1.0558
1.0414
1.0533
1.0409
1.0489
1.0649
1.0403
1.0472
1.0677
1.0558
1.0753
1.0483
1.059
1.0472
1.0645
1.0579
1.0384
1.038
1.0678
1.0779
1.0409
1.0184
1.036
1.0666
1.0466
1.0402
1.0638
1.0533
1.0582
1.0507
1.0552
1.0425
1.0669
1.0402
1.0571
1.0721
1.0475
1.0644
1.0689
1.0573
1.0524
1.0487
1.0509
1.0599
1.0606
1.0507
1.0485
1.0433
1.0484
1.0577
1.0499
1.0453
1.2615
1.2352
1.0607
1.0545
1.0406
1.0736
1.0423
1.0614
1.0608
1.041
1.0386
1.0455
1.0498
1.0528
1.0583
1.3559
1.0666
1.0641
1.0648
1.0432
1.0586
1.0613
1.0444
1.048
1.0484
1.0397
1.0414
1.0573
1.0521
1.0833
1.0544
1.0565
1.0478
1.0467
1.0523
1.3395
1.0765
1.0533
1.0593
1.0541
1.0498
1.0576
1.2912
1.0385
1.0691
1.0321
1.0273
1.0472
1.0541
1.0478
1.0554
1.0562
1.0464
1.0463
1.055
1.065
1.0527
1.0556
1.0598
1.0676
1.0505
1.0572
1.0461
1.0467
1.0542
1.0979
1.2958
1.0457
1.0467
1.0458
1.0539
1.0518
1.0253
1.055
1.0477
1.043
1.0538
1.0538
1.0497
1.0562
1.0499
1.0582
1.067
1.0531
1.0535
1.048
1.0489
1.0431
1.1604
1.0693
1.0574
1.059
1.0588
1.0437
1.0589
1.0574
1.076
1.0566
1.0454
1.0473
1.0546
1.0531
1.0511
1.0544
1.0659
1.0745
1.0513
1.064
1.0514
1.0648
1.0407
1.0496
1.0499
1.0527
1.0543
1.0412
1.062
1.0483
1.0572
1.1404
1.0412
1.0563
1.0464
1.0493
1.0623
1.0421
1.0403
1.0479
1.0628
1.0534
1.0527
1.0639
1.0384
1.0471
1.0679
1.0499
1.0568
1.0737
1.057
1.0535
1.0449
1.0602
1.0541
1.063
1.0519
1.0434
1.0792
1.0753
1.0579
1.0467
1.0602
1.0645
1.0473
1.0564
1.0487
1.067
1.0447
1.0596
1.0545
1.0509
1.3075
1.0456
1.0497
1.0539
1.0745
1.0665
1.0626
1.0579
1.0455
1.0522
1.0375
1.0357
1.0444
1.0573
1.0662
1.0495
1.0502
1.0428
1.0471
1.0731
1.0589
1.0757
1.0637
1.0423
1.044
1.0311
1.0441
1.052
1.0522
1.0388
1.048
1.0395
1.0561
1.0523
1.0481
1.047
1.061
1.045
1.0575
1.0394
1.0518
1.0425
1.077
1.0463
1.0512
1.0578
1.0492
1.0633
1.0794
1.0494
1.0856
1.0776
1.0599
1.0533
1.0542
1.0552
1.0633
1.058
1.0449
1.0153
1.073
1.0558
1.047
1.0585
1.0795
1.0499
1.039
1.057
1.0479
1.0642
1.0524
1.0559
1.0508
1.0542
1.0553
1.0451
1.0626
1.0635
1.067
1.0704
1.0584
1.0801
1.0644
1.0523
1.0575
1.0697
1.064
1.0612
1.046
1.0588
1.0616
1.0442
1.0482
1.0465
1.0467
1.0413
1.0566
1.0555
1.0655
1.0694
1.0608
1.0485
1.3525
1.0461
1.0697
1.052
1.0651
1.0551
1.0475
1.0465
1.2396
1.0521
1.04
1.05
1.0489
1.0706
1.053
1.0434
1.06
1.063
1.0536
1.0651
1.0602
1.0499
1.0465
1.0486
1.056
1.0588
1.0605
1.0506
1.0643
1.0575
1.0587
1.0447
1.0522
1.053
1.0486
1.0506
1.0575
1.0544
1.0534
1.066
1.0554
1.0704
1.0463
1.0518
1.0552
1.0441
1.0444
1.0544
1.0516
1.0505
1.0899
1.0452
1.0455
1.0468
1.0451
1.055
1.0565
1.0588
1.0531
1.0627
1.0434
1.058
1.0484
1.0569
1.0478
1.0514
1.051
1.0693
1.0408
1.0633
1.0406
1.0531
1.0493
1.0486
1.0503
1.0439
1.0593
1.0521
1.056
1.0783
1.0457
1.0446
1.0452
1.0562
1.0524
1.2171
1.05
1.0859
1.059
1.0374
1.0436
1.0471
1.0491
1.0519
1.0541
1.0588
1.3478
1.0674
1.0524
1.0506
1.0538
1.0637
1.0429
1.0566
1.0483
1.0759
1.0465
1.0476
1.0523
1.0553
1.0808
1.0723
1.0477
1.0532
1.0457
1.0454
1.0578
1.0485
1.0461
1.0446
1.0439
1.0495
1.0794
1.0556
1.0451
1.0497
1.048
1.0464
1.0677
1.0639
1.0576
1.0651
1.0703
1.0482
1.0562
1.0734
1.0551
1.0547
1.0339
1.3806
1.0402
1.0387
1.0515
1.0344
1.0477
1.0448
1.0599
1.0498
1.0421
1.0418
1.0464
1.0647
1.0903
1.0555
1.0923
1.05
1.0651
1.0602
1.079
1.0452
1.0403
1.0721
1.0421
1.0446
1.0438
1.059
1.0573
1.0453
1.0375
1.0399
1.0458
1.0683
1.0607
1.0685
1.0648
1.0887
1.0559
1.0502
1.0574
1.0605
1.0516
1.0561
1.0457
1.0404
1.0564
1.0397
1.0711
1.0478
1.0777
1.062
1.0539
1.0458
1.0464
1.0468
1.04
1.0515
1.0574
1.0664
1.0572
1.0371
1.0475
1.047
1.0498
1.0401
1.0685
1.0451
1.0542
1.0557
1.0614
1.0504
1.0648
1.0626
1.0561
1.0378
1.0513
1.0571
1.0604
1.0466
1.0447
1.098
1.0427
1.0488
1.0571
1.0584
1.0771
1.0411
1.0459
1.36
1.046
1.1003
1.046
1.0522
1.044
1.0496
1.0576
1.0575
1.073
1.0449
1.0533
1.0684
1.2905
1.0522
1.0438
1.0786
1.0494
1.0395
1.0515
1.0541
1.0623
1.0428
1.0485
1.0424
1.0483
1.0508
1.05
1.0494
1.0478
1.0532
1.041
1.0517
1.0708
1.0565
1.0516
1.0453
1.0429
1.0581
1.0594
1.0542
1.0585
1.0511
1.0558
1.0634
1.0462
1.041
1.0443
1.0442
1.0543
1.0435
1.0544
1.0632
1.0477
1.038
1.0487
1.0557
1.0399
1.0307
1.059
1.0576
1.0547
1.0486
1.0792
1.0493
1.0503
1.0448
1.1127
1.0691
1.1582
1.0452
1.0527
1.057
1.0638
1.0509
1.0627
1.0443
1.0716
1.0754
1.0485
1.0489
1.0531
1.0587
1.0492
1.0555
1.051
1.0471
1.0532
1.0511
1.0409
1.0349
1.0532
1.059
1.0475
1.0645
1.0508
1.0562
1.0553
1.0468
1.0421
1.0614
1.0856
1.0461
1.0425
1.0521
1.0556
1.0637
1.0616
1.0666
1.0508
1.0367
1.0099
1.05
1.0426
1.0422
1.0625
1.049
1.0466
1.0546
1.0614
1.0719
1.04
1.0746
1.0611
1.0589
1.0517
1.046
1.0469
1.0471
1.0423
1.065
1.0573
1.0422
1.0826
1.0488
1.0567
1.0469
1.0513
1.0479
1.0622
1.0544
1.0433
1.054
1.0536
1.0509
1.0452
1.0577
1.2402
1.0694
1.0463
1.0372
1.0619
1.0636
1.0644
1.0508
1.0392
1.0772
1.0501
1.0765
1.08
1.0822
1.0616
1.0477
1.0422
1.059
1.0435
1.0547
1.0506
1.0803
1.0397
1.0546
1.053
1.0543
1.0515
1.0495
1.0485
1.0694
1.046
1.06
1.0473
1.0833
1.0549
1.0614
1.0612
1.046
1.0552
1.0544
1.0456
1.0448
1.0512
1.0738
1.0631
1.0701
1.0691
1.0575
1.0521
1.055
1.0612
1.0664
1.0665
1.0534
1.0601
1.0697
1.0508
1.0505
1.0415
1.0442
1.06
1.0517
1.0668
1.0602
1.055
1.0583
1.0561
1.0397
1.0622
1.0521
1.0354
1.0617
1.0453
1.0483
1.0879
1.0506
1.0454
1.051
1.0477
1.0592
1.0528
1.0604
1.0541
1.0647
1.0596
1.056
1.0532
1.051
1.06
1.0599
1.0414
1.0454
1.0448
1.0635
1.056
1.0544
1.0592
1.053
1.049
1.0436
1.0733
1.0803
1.0453
1.047
1.0427
1.0502
1.0595
1.0587
1.0471
1.0786
1.0717
1.0466
1.0642
1.0566
1.061
1.0543
1.0461
1.0506
1.057
1.0823
1.0566
1.061
1.053
1.0494
1.0363
1.038
1.0657
1.0567
1.0669
1.0625
1.0687
1.0375
1.0513
1.0783
1.0593
1.1476
1.0754
1.0578
1.0911
1.0606
1.0376
1.0543
1.0469
1.0618
1.0622
1.0612
1.0492
1.055
1.0395
1.0441
1.057
1.0661
1.0503
1.0841
1.0507
1.0587
1.0535
1.3141
1.0517
1.058
1.0495
1.0419
1.0738
1.0524
1.0693
1.0462
1.0574
1.0535
1.0435
1.0734
1.0499
1.1978
1.0458
1.0501
1.0408
1.0542
1.0532
1.0491
1.0506
1.0521
1.0572
1.0542
1.0865
1.0569
1.0636
1.0459
1.0669
1.0411
1.0468
1.0302
1.0546
1.0426
1.073
1.0567
1.0422
1.0503
1.0492
1.0518
1.0562
1.0625
1.0429
1.0415
1.0614
1.1841
1.0492
1.0369
1.046
1.0433
1.0559
1.0667
1.0573
1.0556
1.1143
1.0631
1.0558
1.0582
1.0514
1.046
1.0556
1.0587
1.0426
1.058
1.0413
1.0563
1.0383
1.0425
1.0517
1.0693
1.0542
1.0571
1.0628
1.0495
1.0556
1.0544
1.056
1.0532
1.0558
1.0519
1.0465
1.0673
1.0558
1.038
1.071
1.0508
1.049
1.0563
1.0568
1.0511
1.0806
1.0448
1.0695
1.0532
1.055
1.0563
1.0676
1.0472
1.0439
1.0633
1.0507
1.0662
1.0484
1.036
1.0535
1.0576
1.0497
1.0492
1.0464
1.0445
1.0582
1.044
1.0608
1.0661
1.0572
1.043
1.0641
1.0597
1.0444
1.0313
1.0657
1.0697
1.0843
1.0444
1.054
1.0681
1.0491
1.0535
1.0485
1.0478
1.0479
1.0548
1.0451
1.0511
1.0243
1.0586
1.053
1.0528
1.0314
1.0422
1.0613
1.0657
1.0506
1.0601
1.0666
1.045
1.0693
1.0586
1.1366
1.0392
1.053
1.0645
1.0796
1.0473
1.0604
1.0492
1.0482
1.0783
1.0435
1.0592
1.081
1.0582
1.0507
1.0515
1.046
1.0559
1.0663
1.0563
1.0459
1.0519
1.0467
1.0411
1.046
1.0758
1.0658
1.0487
1.0472
1.0475
1.0566
1.0495
1.0394
1.0634
1.072
1.0503
1.0556
1.0446
1.0701
1.0502
1.0427
1.0712
1.037
1.0447
1.0489
1.047
1.0683
1.0649
1.0673
1.0774
1.0381
1.0585
1.0436
1.0522
1.066
1.0498
1.0515
1.045
1.0585
1.0435
1.05
1.0466
1.0525
1.076
1.0604
1.0474
1.0569
1.0551
1.0419
1.0587
1.0557
1.0711
1.0687
1.0554
1.0476
1.0532
1.0587
1.0553
1.0614
1.058
1.057
1.0586
1.0389
1.0497
1.0513
1.0584
1.0594
1.079
1.0679
1.0521
1.0728
1.0567
1.0384
1.0591
1.0476
1.0445
1.0438
1.0504
1.0669
1.0432
1.066
1.0436
1.0417
1.0555
1.0547
1.0407
1.0469
1.0508
1.0465
1.0564
1.0565
1.0496
1.0713
1.0972
1.0602
1.0514
1.0477
1.0582
1.0504
1.0524
1.0578
1.073
1.0525
1.0516
1.04
1.0235
1.0563
1.0612
1.0434
1.0464
1.0568
1.0526
1.056
1.0594
1.0548
1.0616
1.0633
1.0332
1.0649
1.1552
1.0469
1.0593
1.0638
1.0597
1.1796
1.0437
1.0218
1.058
1.0545
1.041
1.0597
1.0483
1.05
1.047
1.053
1.0443
1.0407
1.064
1.045
1.0531
1.0492
1.0537
1.057
1.0563
1.0556
1.0461
1.0506
1.0455
1.0507
1.0479
1.0392
1.0389
1.0475
1.0443
1.0525
1.0615
1.0548
1.1088
1.0498
1.0385
1.0536
1.0565
1.0494
1.0448
1.0451
1.0551
1.0528
1.0566
1.0506
1.052
1.0582
1.0459
1.0418
1.0422
1.0572
1.061
1.0674
1.0357
1.0699
1.0441
1.0397
1.0563
1.058
1.0465
1.0624
1.0501
1.0523
1.0456
1.0491
1.0543
1.058
1.0512
1.0434
1.0673
1.0422
1.0685
1.0549
1.0386
1.0765
1.051
1.0469
1.055
1.0386
1.0422
1.08
1.0456
1.069
1.0499
1.0487
1.0648
1.0715
1.0509
1.0476
1.0582
1.0466
1.0529
1.0497
1.057
1.0405
1.0616
1.0608
1.0432
1.0725
1.0502
1.044
1.376
1.0446
1.0441
1.0506
1.0391
1.0586
1.0505
1.0415
1.0599
1.0445
1.0435
1.0593
1.0608
1.0461
1.0562
1.0472
1.0562
1.0413
1.053
1.2414
1.0672
1.0464
1.077
1.0426
1.051
1.0583
1.0513
1.0464
1.0674
1.0657
1.0391
1.0506
1.0498
1.0506
1.0912
1.1022
1.047
1.0337
1.0623
1.0457
1.0551
1.0569
1.0556
1.0369
1.0543
1.0541
1.0491
1.0618
1.0481
1.0454
1.0512
1.0628
1.0475
1.0475
1.0579
1.0146
1.0509
1.0511
1.0443
1.0516
1.0598
1.0393
1.0505
1.0569
1.071
1.055
1.0561
1.0604
1.0535
1.0369
1.0493
1.0424
1.0498
1.0903
1.0435
1.0551
1.0704
1.0567
1.0332
1.0541
1.0532
1.0491
1.0466
1.0633
1.0437
1.048
1.0514
1.0399
1.0575
1.046
1.0714
1.0527
1.0466
1.0495
1.0364
1.0693
1.0474
1.0494
1.0668
1.0476
1.0365
1.0463
1.0576
1.0567
1.0557
1.0442
1.049
1.0678
1.0469
1.0715
1.0571
1.0483
1.0552
1.0475
1.048
1.067
1.0399
1.0385
1.1194
1.0524
1.0444
1.0467
1.0494
1.0576
1.0545
1.055
1.0373
1.0499
1.0567
1.0575
1.0487
1.0381
1.221
1.0463
1.0474
1.0481
1.0592
1.0812
1.06
1.0538
1.057
1.0552
1.0542
1.0615
1.085
1.0579
1.0283
1.0419
1.0499
1.0478
1.0515
1.0523
1.0213
1.0484
1.0536
1.042
1.0393
1.0426
1.048
1.0746
1.04
1.0578
1.0785
1.0509
1.0538
1.0478
1.0452
1.0688
1.0513
1.0461
1.056
1.0566
1.0642
1.0527
1.0511
1.0452
1.085
1.0386
1.0574
1.0505
1.0481
1.055
1.0605
1.063
1.0548
1.0535
1.034
1.0379
1.0688
1.0436
1.054
1.0563
1.0634
1.0351
1.0464
1.0539
1.0459
1.0446
1.0425
1.0508
1.0535
1.0634
1.0667
1.0385
1.0496
1.0467
1.1203
1.0503
1.0433
1.0587
1.0854
1.0831
1.0451
1.0491
1.0519
1.1718
1.0619
1.0429
1.0513
1.0507
1.0535
1.0405
1.0557
1.0376
1.0614
1.0525
1.0427
1.0447
1.0391
1.0407
1.0454
1.073
1.0631
1.0425
1.0502
1.0431
1.0595
1.0534
1.0733
1.0459
1.0549
1.0622
1.049
1.0494
1.0472
1.066
1.0496
1.0361
1.0408
1.0505
1.051
1.0592
1.0312
1.065
1.0355
1.0504
1.0537
1.0556
1.0441
1.0577
1.0464
1.0569
1.0692
1.0562
1.0452
1.0297
1.0755
1.0414
1.049
1.0694
1.0536
1.0403
1.0404
1.0514
1.043
1.0452
1.0453
1.0204
1.0505
1.0539
1.0427
1.0511
1.0559
1.0625
1.0672
1.0482
1.0518
1.0566
1.053
1.062
1.0427
1.0447
1.0552
1.0409
1.0731
1.0569
1.0592
1.0417
1.075
1.0538
1.0361
1.0731
1.0507
1.0533
1.0826
1.0726
1.0409
1.0437
1.0572
1.0432
1.0534
1.0454
1.041
1.0565
1.0615
1.0407
1.0839
1.0485
1.0524
1.058
1.0567
1.0485
1.0678
1.0765
1.056
1.0609
1.0518
1.0505
1.0865
1.0496
1.0495
1.0482
1.0575
1.0521
1.0614
1.0361
1.0485
1.0578
1.1099
1.0496
1.0444
1.0828
1.0422
1.045
1.0393
1.0737
1.0655
1.0488
1.0647
1.0515
1.0462
1.0544
1.0556
1.0373
1.0718
1.0471
1.0464
1.0464
1.054
1.0491
1.0606
1.0366
1.0554
1.0629
1.0408
1.0467
1.0568
1.0622
1.0547
1.0733
1.0599
1.0547
1.0473
1.0497
1.0514
1.0526
1.0469
1.0407
1.0395
1.0557
1.0446
1.085
1.0542
1.0597
1.0535
1.0433
1.0451
1.0455
1.0488
1.0664
1.0762
1.0485
1.0495
1.0418
1.0434
1.0923
1.0416
1.0529
1.0514
1.0726
1.0528
1.0572
1.0415
1.0556
1.0712
1.0662
1.0518
1.0507
1.0514
1.0583
1.0473
1.0613
1.051
1.0563
1.07
1.0505
1.0544
1.048
1.066
1.0472
1.0526
1.0896
1.055
1.0541
1.0493
1.049
1.0514
1.0435
1.0443
1.0427
1.0573
1.0461
1.0767
1.0471
1.0582
1.0426
1.065
1.0558
1.0495
1.2836
1.0407
1.0422
1.05
1.0547
1.0624
1.0512
1.0735
1.0447
1.0774
1.0634
1.051
1.0511
1.0605
1.0552
1.0593
1.0702
1.0519
1.0491
1.0475
1.0478
1.0514
1.0443
1.0702
1.0521
1.0592
1.0532
1.0641
1.0588
1.0505
1.0388
1.062
1.0492
1.0715
1.0481
1.0698
1.0554
1.0445
1.0503
1.0465
1.0482
1.0442
1.0667
1.0524
1.052
1.0561
1.0639
1.0502
1.0636
1.0463
1.1274
1.0416
1.0466
1.0575
1.0454
1.0442
1.0493
1.0451
1.0679
1.048
1.0473
1.0633
1.0516
1.0581
1.0439
1.0489
1.0439
1.052
1.0499
1.0738
1.0567
1.0896
1.0571
1.0609
1.0498
1.0471
1.0592
1.0524
1.0528
1.0683
1.0528
1.0452
1.0574
1.0329
1.0487
1.0434
1.0467
1.0549
1.0472
1.0427
1.057
1.0651
1.0574
1.0595
1.0583
1.0408
1.0439
1.071
1.0692
1.0422
1.0416
1.0661
1.0577
1.0518
1.0443
1.0412
1.0508
1.0497
1.0467
1.0511
1.0878
1.0915
1.043
1.0508
1.0628
1.0594
1.0753
1.1128
1.0518
1.0547
1.0492
1.0462
1.0477
1.0462
1.0531
1.0538
1.0422
1.0203
1.0573
1.083
1.053
1.0579
1.054
1.0965
1.0616
1.0553
1.0512
1.0496
1.0475
1.0592
1.0528
1.0779
1.0457
1.0713
1.0669
1.0557
1.0499
1.0573
1.0516
1.0679
1.0522
1.0594
1.0518
1.0508
1.0513
1.0512
1.0497
1.053
1.0406
1.0416
1.0812
1.0504
1.0585
1.0515
1.0539
1.0475
1.0427
1.0487
1.0424
1.0479
1.0541
1.0734
1.0436
1.0569
1.0578
1.0497
1.0587
1.0527
1.0505
1.0514
1.0578
1.085
1.0528
1.0455
1.052
1.0441
1.0498
1.0636
1.0653
1.0459
1.0711
1.0437
1.041
1.0583
1.0531
1.0635
1.0553
1.055
1.0475
1.0418
1.0333
1.0595
1.0697
1.0444
1.0349
1.0927
1.0369
1.0589
1.0463
1.0516
1.05
1.0461
1.0577
1.0468
1.064
1.056
1.0505
1.0492
1.0487
1.0508
1.0516
1.0494
1.0537
1.0472
1.0392
1.0536
1.0485
1.0551
1.052
1.0438
1.0559
1.0446
1.0568
1.0487
1.062
1.0375
1.0885
1.0568
1.0493
1.0447
1.0555
1.0564
1.0519
1.0476
1.0659
1.0613
1.046
1.0412
1.0503
1.0439
1.0511
1.0956
1.0534
1.0597
1.064
1.0479
1.033
1.0457
1.0489
1.0474
1.0809
1.0515
1.0417
1.0555
1.043
1.0588
1.0445
1.054
1.0606
1.0749
1.0571
1.0575
1.07
1.0547
1.0673
1.0271
1.0554
1.1613
1.05
1.0535
1.058
1.0395
1.1077
1.0597
1.0613
1.0348
1.0666
1.0706
1.0596
1.0714
1.0503
1.0726
1.0457
1.0562
1.2404
1.0487
1.0423
1.0413
1.0426
1.0489
1.0582
1.0483
1.0492
1.0694
1.0626
1.0437
1.1414
1.0662
1.0451
1.0512
1.0521
1.0521
1.0616
1.0461
1.0351
1.0627
1.0649
1.0397
1.0564
1.0568
1.048
1.0414
1.0468
1.0585
1.055
1.1478
1.059
1.0656
1.0512
1.0446
1.066
1.0575
1.0515
1.0585
1.0582
1.047
1.0409
1.0636
1.0506
1.0542
1.0583
1.0457
1.0322
1.0515
1.0613
1.0548
1.0662
1.0136
1.0502
1.0491
1.0544
1.0563
1.0524
1.0671
1.0569
1.0949
1.0544
1.016
1.0516
1.0525
1.054
1.0409
1.0401
1.052
1.0391
1.0522
1.0435
1.0643
1.046
1.0545
1.0607
1.0409
1.0501
1.046
1.0458
1.0399
1.0489
1.0481
1.0517
1.0496
1.0616
1.0491
1.046
1.056
1.0637
1.0578
1.0618
1.0755
1.0391
1.0794
1.0559
1.0454
1.046
1.0582
1.0503
1.2982
1.043
1.0524
1.0738
1.0588
1.0509
1.0695
1.0383
1.0429
1.0525
1.0433
1.0463
1.0517
1.0612
1.0606
1.0498
1.0585
1.0822
1.0515
1.055
1.0438
1.0573
1.051
1.042
1.0416
1.0413
1.0434
1.0607
1.0551
1.0474
1.0582
1.0582
1.052
1.0487
1.041
1.0469
1.0525
1.0567
1.0603
1.0476
1.0694
1.3547
1.0698
1.0571
1.0492
1.1789
1.0615
1.0745
1.0419
1.0492
1.0674
1.0396
1.0549
1.0443
1.0453
1.0598
1.0469
1.0468
1.074
1.0579
1.0479
1.0639
1.0495
1.0558
1.0579
1.0496
1.0425
1.0547
1.0695
1.0541
1.0434
1.045
1.0587
1.0583
1.0713
1.0522
1.0519
1.046
1.0502
1.0492
1.0605
1.0415
1.0559
1.0538
1.0544
1.0408
1.0724
1.0566
1.0553
1.039
1.075
1.0875
1.061
1.0517
1.0505
1.0439
1.0599
1.0481
1.0637
1.0538
1.0485
1.0452
1.0679
1.054
1.0628
1.0575
1.0461
1.0429
1.0429
1.049
1.0625
1.0791
1.0633
1.1794
1.0823
1.0456
1.0472
1.06
1.0421
1.0583
1.0419
1.0415
1.0529
1.0584
1.058
1.0465
1.0464
1.0892
1.0464
1.045
1.0436
1.0626
1.0494
1.0541
1.0524
1.0869
1.0518
1.0403
1.0704
1.0672
1.0559
1.0631
1.0518
1.0518
1.0453
1.0387
1.0647
1.0581
1.0497
1.0428
1.0469
1.0572
1.0493
1.0467
1.0632
1.0883
1.0397
1.0561
1.0372
1.0622
1.0521
1.0513
1.0789
1.0791
1.0614
1.0421
1.0525
1.0559
1.0442
1.0555
1.0432
1.0615
1.0492
1.0375
1.0502
1.0585
1.0434
1.0566
1.0706
1.0438
1.0574
1.0635
1.0476
1.0466
1.0484
1.0637
1.0566
1.0545
1.0489
1.0475
1.0607
1.0462
1.0487
1.0541
1.0484
1.0462
1.0509
1.0188
1.0516
1.0562
1.0519
1.0529
1.0464
1.0555
1.0516
1.0431
1.0497
1.0651
1.0639
1.0471
1.0608
1.0496
1.0442
1.0395
1.0646
1.0425
1.0675
1.0531
1.0589
1.0993
1.052
1.0464
1.0569
1.0579
1.0581
1.0693
1.0494
1.0562
1.0651
1.0474
1.0829
1.04
1.0501
1.0524
1.0541
1.052
1.058
1.0494
1.0504
1.0486
1.0461
1.0579
1.0433
1.0595
1.0399
1.0565
1.0458
1.046
1.0466
1.0394
1.052
1.0492
1.0388
1.0613
1.0501
1.045
1.0625
1.0425
1.0485
1.046
1.0717
1.0648
1.0506
1.1734
1.0507
1.0423
1.0635
1.0715
1.0575
1.0583
1.0323
1.0557
1.0581
1.045
1.0496
1.0406
1.0409
1.0616
1.0409
1.0521
1.0561
1.0518
1.0797
1.0611
1.0458
1.0506
1.043
1.0434
1.1656
1.0586
1.0522
1.0501
1.0476
1.0784
1.0498
1.4074
1.0418
1.0497
1.0608
1.0517
1.0852
1.0486
1.0607
1.0486
1.1021
1.036
1.0536
1.0462
1.0696
1.2746
1.0508
1.0426
1.0401
1.0497
1.0461
1.0458
1.0488
1.0633
1.0508
1.0605
1.0555
1.0637
1.0385
1.0517
1.0744
1.0502
1.3281
1.0436
1.049
1.0521
1.0388
1.065
1.0426
1.0552
1.0512
1.09
1.0651
1.0727
1.0632
1.3504
1.0301
1.116
1.0668
1.0654
1.0492
1.048
1.0684
1.0517
1.054
1.0531
1.0698
1.054
1.0406
1.0414
1.0639
1.0659
1.0533
1.0588
1.049
1.0488
1.0766
1.0768
1.0591
1.0622
1.0536
1.0747
1.0511
1.0358
1.0515
1.0529
1.0677
1.0595
1.0541
1.0483
1.0994
1.0459
1.0546
1.0584
1.0522
1.0751
1.0699
1.052
1.0778
1.0594
1.0602
1.2397
1.0489
1.0458
1.0664
1.0604
1.0935
1.0453
1.0598
1.2989
1.0585
1.0576
1.0567
1.0565
1.0412
1.0493
1.0515
1.0218
1.0501
1.0471
1.0402
1.0585
1.0527
1.0702
1.042
1.0643
1.0503
1.0399
1.0487
1.0638
1.051
1.0478
1.0579
1.0489
1.0512
1.0648
1.0484
1.0543
1.0487
1.3076
1.0623
1.052
1.0599
1.0487
1.0439
1.0613
1.0547
1.0614
1.0563
1.0509
1.0595
1.0578
1.0606
1.0475
1.0432
1.0421
1.0537
1.0436
1.1269
1.0457
1.0398
1.0565
1.0489
1.0488
1.0494
1.1379
1.0516
1.0765
1.0516
1.0619
1.0506
1.0439
1.0482
1.065
1.0871
1.0538
1.0454
1.0521
1.0518
1.053
1.053
1.0459
1.0554
1.0657
1.0426
1.0559
1.0658
1.2268
1.0559
1.2345
1.0842
1.0554
1.0604
1.0493
1.0603
1.0529
1.0472
1.0583
1.047
1.0463
1.0335
1.0496
1.0716
1.0701
1.0462
1.0567
1.0421
1.0516
1.0487
1.0399
1.0566
1.0348
1.0522
1.0555
1.0492
1.0482
1.0567
1.0545
1.0674
1.0672
1.0584
1.0929
1.0629
1.0388
1.0345
1.0484
1.076
1.0543
1.0526
1.0543
1.0878
1.0511
1.3982
1.0454
1.0699
1.0574
1.0612
1.0405
1.0574
1.0527
1.0483
1.0358
1.0539
1.0601
1.0451
1.0506
1.0548
1.0457
1.0565
1.0505
1.0471
1.0575
1.0408
1.0632
1.0505
1.044
1.0563
1.0533
1.0623
1.0455
1.0464
1.0489
1.0498
1.0662
1.0474
1.0551
1.0615
1.05
1.0496
1.0432
1.0715
1.046
1.0351
1.0463
1.0584
1.0526
1.059
1.0599
1.0597
1.0465
1.0571
1.0751
1.0641
1.0516
1.1115
1.0553
1.0535
1.0578
1.0452
1.0506
1.0654
1.282
1.0809
1.0595
1.0427
1.04
1.0712
1.0681
1.0438
1.0503
1.0492
1.0544
1.0573
1.0489
1.0594
1.0646
1.0484
1.0519
1.0549
1.0522
1.065
1.0831
1.0626
1.0749
1.0528
1.0736
1.0492
1.0639
1.0534
1.0595
1.0542
1.0536
1.0643
1.03
1.0417
1.0427
1.0634
1.0467
1.0583
1.0676
1.0383
1.0575
1.0576
1.0389
1.0608
1.0503
1.0462
1.0564
1.0523
1.0657
1.0759
1.0443
1.0504
1.0643
1.0458
1.0461
1.051
1.0422
1.0552
1.0572
1.0473
1.0468
1.0327
1.0634
1.0637
1.0482
1.0692
1.0444
1.0611
1.0628
1.037
1.067
1.0565
1.0475
1.0403
1.051
1.0556
1.0488
1.238
1.0471
1.0477
1.0456
1.1219
1.0623
1.0444
1.0582
1.0459
1.0495
1.0596
1.0533
1.0524
1.055
1.0653
1.0775
1.0677
1.0336
1.0567
1.06
1.0968
1.0578
1.0522
1.0418
1.0605
1.0623
1.0471
1.0548
1.0508
1.0609
1.0552
1.0587
1.0549
1.0463
1.054
1.0486
1.0633
1.0562
1.0391
1.0575
1.0505
1.0448
1.0743
1.0434
1.0558
1.0635
1.0205
1.0537
1.0457
1.3338
1.0406
1.0505
1.0433
1.0455
1.0531
1.0404
1.0453
1.0496
1.06
1.057
1.0471
1.065
1.052
1.0545
1.0465
1.0614
1.0671
1.0462
1.0455
1.0558
1.0522
1.05
1.0565
1.0644
1.0576
1.0491
1.0746
1.0542
1.052
1.0573
1.0737
1.0555
1.0741
1.0632
1.0571
1.0565
1.044
1.0529
1.0423
1.0534
1.0613
1.0522
1.0839
1.0713
1.0405
1.0439
1.0455
1.0538
1.0582
1.0537
1.0693
1.0665
1.0497
1.0498
1.0465
1.0451
1.0471
1.0442
1.0532
1.0561
1.0735
1.0503
1.0716
1.0451
1.0601
1.0431
1.0421
1.0723
1.0674
1.042
1.0597
1.0391
1.0505
1.0702
1.0552
1.0651
1.0464
1.0486
1.0453
1.076
1.0484
1.0479
1.058
1.0494
1.0553
1.0535
1.0719
1.0493
1.0436
1.0473
1.0589
1.0565
1.0567
1.0398
1.0645
1.0516
1.0633
1.0449
1.053
1.0593
1.0475
1.0483
1.0506
1.0622
1.055
1.0522
1.0527
1.0723
1.0522
1.0699
1.0522
1.0515
1.0674
1.0527
1.0492
1.0578
1.0544
1.0489
1.058
1.0635
1.0479
1.0432
1.036
1.0558
1.0446
1.0493
1.0528
1.0658
1.0586
1.1294
1.0974
1.0765
1.0472
1.0608
1.0608
1.0521
1.0498
1.0464
1.0401
1.0567
1.0576
1.0514
1.0502
1.0701
1.0578
1.0483
1.0522
1.048
1.0395
1.0413
1.0676
1.0601
1.0557
1.0501
1.054
1.0487
1.0426
1.057
1.0536
1.0609
1.0424
1.045
1.0671
1.0667
1.052
1.0383
1.0559
1.0451
1.0512
1.0462
1.0479
1.0545
1.0455
1.0618
1.1062
1.0452
1.0688
1.0561
1.0607
1.0698
1.0508
1.0585
1.0587
1.0594
1.0494
1.039
1.0473
1.0557
1.053
1.0626
1.0438
1.0463
1.0544
1.0547
1.0577
1.0483
1.0576
1.0825
1.0377
1.0569
1.0541
1.0505
1.0428
1.0558
1.0583
1.0479
1.0686
1.0556
1.0414
1.0716
1.0598
1.0597
1.0582
1.0606
1.0442
1.048
1.0546
1.0584
1.0502
1.052
1.0503
1.0621
1.062
1.0528
1.0632
1.0348
1.0566
1.0413
1.049
1.0537
1.0422
1.0572
1.057
1.0567
1.0436
1.0514
1.0597
1.0372
1.0587
1.0502
1.0433
1.0549
1.0488
1.0579
1.0531
1.0644
1.0425
1.0466
1.064
1.0529
1.0557
1.0461
1.0466
1.0471
1.0791
1.0687
1.0504
1.0636
1.0671
1.0479
1.0495
1.0419
1.0495
1.0698
1.0609
1.0377
1.0669
1.0485
1.0433
1.0799
1.0558
1.0438
1.0457
1.0684
1.0518
1.0481
1.0586
1.0466
1.0622
1.0493
1.0684
1.0431
1.0501
1.0478
1.047
1.049
1.0404
1.0338
1.0548
1.0503
1.0512
1.033
1.0548
1.0971
1.0486
1.0591
1.1363
1.0499
1.0363
1.049
1.0503
1.0432
1.0382
1.0597
1.0429
1.057
1.064
1.0397
1.0474
1.0344
1.0623
1.048
1.0456
1.0448
1.0473
1.0375
1.3106
1.0511
1.047
1.0552
1.0513
1.056
1.0458
1.0578
1.0646
1.0445
1.0536
1.0461
1.0428
1.0566
1.0651
1.0619
1.0478
1.072
1.0779
1.0616
1.0412
1.0646
1.0493
1.0611
1.053
1.0398
1.0504
1.0783
1.0594
1.041
1.0453
1.056
1.0581
1.0698
1.0442
1.0436
1.0878
1.0652
1.0512
1.0485
1.0499
1.0461
1.0575
1.046
1.0529
1.3537
1.0463
1.0782
1.0556
1.0645
1.0451
1.0613
1.057
1.0608
1.0576
1.0562
1.0501
1.053
1.0414
1.0564
1.0134
1.0446
1.0697
1.0404
1.0524
1.044
1.0683
1.0528
1.042
1.0549
1.0563
1.0473
1.0541
1.0657
1.0438
1.3382
1.0517
1.0513
1.0548
1.0577
1.0327
1.0653
1.0515
1.0513
1.0443
1.0896
1.0442
1.0407
1.0655
1.0546
1.0614
1.0395
1.06
1.0407
1.0632
1.059
1.1923
1.059
1.0538
1.0519
1.0577
1.0678
1.0532
1.0588
1.2695
1.0595
1.0497
1.0515
1.0707
1.0438
1.06
1.0643
1.0574
1.1619
1.0626
1.0616
1.0498
1.0511
1.0605
1.0437
1.045
1.0553
1.0946
1.0557
1.0396
1.2772
1.0488
1.0672
1.0602
1.0449
1.0589
1.0699
1.0563
1.0539
1.0699
1.0495
1.0592
1.0559
1.0525
1.0611
1.0476
1.1001
1.0465
1.045
1.0805
1.0496
1.0824
1.0425
1.055
1.0466
1.0462
1.0577
1.0677
1.0654
1.0373
1.0528
1.0457
1.0441
1.0577
1.0519
1.0568
1.0355
1.0597
1.0559
1.0603
1.0762
1.0674
1.0363
1.0566
1.0506
1.0568
1.1341
1.0748
1.05
1.0455
1.0428
1.0653
1.0653
1.0797
1.0464
1.0508
1.0437
1.048
1.0586
1.0448
1.0534
1.0564
1.055
1.046
1.0456
1.0685
1.04
1.0451
1.0405
1.0451
1.04
1.0514
1.0456
1.0465
1.0769
1.0863
1.0554
1.0468
1.0358
1.0518
1.0421
1.0532
1.0557
1.0377
1.0582
1.0557
1.0566
1.0391
1.0387
1.0526
1.0498
1.0507
1.0522
1.0348
1.0454
1.0743
1.113
1.046
1.0464
1.0429
1.0417
1.0603
1.0634
1.0448
1.0538
1.0535
1.0575
1.0427
1.0474
1.0526
1.0521
1.0562
1.044
1.0578
1.0529
1.0444
1.058
1.0489
1.0501
1.0717
1.2366
1.0531
1.0764
1.0535
1.053
1.0581
1.0598
1.0585
1.0479
1.0517
1.0536
1.0659
1.0493
1.053
1.0418
1.0551
1.0505
1.0509
1.0576
1.051
1.0405
1.0467
1.0534
1.057
1.0456
1.0476
1.0692
1.0535
1.0532
1.0624
1.0645
1.0554
1.0543
1.0592
1.0688
1.0637
1.0447
1.0481
1.0405
1.0482
1.0635
1.0641
1.3435
1.0543
1.0512
1.0423
1.0394
1.1108
1.0708
1.0515
1.0548
1.0574
1.054
1.0454
1.0518
1.0573
1.0622
1.0412
1.0534
1.0388
1.1071
1.0544
1.0573
1.0404
1.0394
1.0469
1.0454
1.0457
1.0378
1.0475
1.074
1.0748
1.0497
1.0539
1.0436
1.0528
1.0487
1.0505
1.0522
1.0575
1.0517
1.0474
1.0568
1.0521
1.0528
1.0517
1.0344
1.0511
1.053
1.0448
1.0629
1.0458
1.0513
1.0496
1.0563
1.0573
1.0601
1.0399
1.0447
1.0548
1.0543
1.0672
1.0564
1.0444
1.0461
1.0694
1.0517
1.0573
1.0507
1.0726
1.0564
1.0653
1.053
1.0671
1.0841
1.0462
1.0429
1.0482
1.0419
1.0484
1.0465
1.0466
1.0657
1.0544
1.0679
1.0441
1.0553
1.0844
1.057
1.0408
1.0451
1.0563
1.0482
1.0535
1.0624
1.0526
1.0441
1.2545
1.0585
1.0571
1.0728
1.0448
1.0477
1.3513
1.0728
1.0526
1.056
1.0443
1.0409
1.0516
1.0103
1.0684
1.0544
1.0544
1.0582
1.0484
1.067
1.0479
1.0474
1.0454
1.0601
1.0599
1.056
1.073
1.0642
1.0492
1.053
1.0568
1.2015
1.0714
1.0673
1.0569
1.043
1.0558
1.0497
1.0429
1.0642
1.0565
1.0402
1.0965
1.0507
1.0556
1.0495
1.0493
1.0527
1.0549
1.0964
1.0711
1.0486
1.0572
1.0626
1.0384
1.0461
1.0493
1.0514
1.0574
1.2046
1.0574
1.0753
1.0498
1.0561
1.0541
1.051
1.0475
1.0482
1.0667
1.0461
1.0498
1.0507
1.0475
1.0533
1.0463
1.0516
1.0422
1.046
1.0449
1.0458
1.0474
1.0586
1.0521
1.0477
1.0495
1.0581
1.0688
1.0534
1.047
1.0822
1.052
1.0556
1.0552
1.0482
1.0445
1.0409
1.0383
1.0729
1.0419
1.0375
1.0515
1.0573
1.0641
1.0468
1.0457
1.0575
1.0814
1.0562
1.0552
1.0623
1.0402
1.0579
1.0584
1.049
1.0443
1.0459
1.0708
1.058
1.0461
1.0723
1.0623
1.0537
1.0552
1.078
1.0583
1.0465
1.0564
1.051
1.0751
1.0678
1.0425
1.0482
1.039
1.0515
1.0491
1.3826
1.0568
1.0671
1.0489
1.0617
1.0535
1.0514
1.0625
1.0402
1.0574
1.05
1.0504
1.0565
1.0474
1.0473
1.0429
1.0601
1.0578
1.0942
1.0661
1.0599
1.0525
1.0674
1.0571
1.0662
1.0474
1.0642
1.0597
1.0518
1.0491
1.0532
1.0466
1.0549
1.0501
1.0586
1.0596
1.0417
1.0486
1.0365
1.0505
1.0576
1.0584
1.0698
1.0674
1.0734
1.0695
1.0522
1.0526
1.0662
1.0552
1.0479
1.0547
1.053
1.0542
1.0442
1.0677
1.0718
1.0484
1.047
1.0487
1.0606
1.0481
1.0591
1.0423
1.0605
1.0502
1.0502
1.0404
1.0724
1.058
1.0522
1.0643
1.0455
1.0452
1.0576
1.0709
1.043
1.0723
1.0484
1.0647
1.0651
1.0564
1.0492
1.0618
1.0542
1.0457
1.0564
1.0694
1.0602
1.052
1.06
1.2757
1.0664
1.0616
1.054
1.0583
1.0436
1.0645
1.0525
1.0478
1.056
1.0556
1.0284
1.0524
1.0605
1.0377
1.0449
1.0476
1.0529
1.0503
1.0361
1.4091
1.0467
1.0742
1.0469
1.0562
1.0531
1.0456
1.0226
1.0941
1.0506
1.04
1.0433
1.0561
1.0568
1.0529
1.051
1.0508
1.0631
1.0527
1.0679
1.0625
1.0672
1.091
1.0547
1.0713
1.0667
1.057
1.0503
1.0502
1.0406
1.0564
1.043
1.3385
1.0562
1.0794
1.0559
1.055
1.0457
1.0563
1.0542
1.0508
1.0415
1.0596
1.0624
1.046
1.0563
1.0483
1.054
1.0579
