Timp in Milisecunde
0.0676
1.4141
2.9395
1.4431
1.0428
3.2875
0.6344
2.435
1.2921
0.283
4.5258
4.155
0.5061
1.3498
0.706
0.064
0.018
2.5799
4.6449
1.4077
3.6321
1.8152
4.179
4.2374
0.068
3.7936
1.8021
2.0125
2.5676
1.2999
4.0837
2.2168
1.0325
1.8911
1.915
3.8747
1.5831
0.4836
3.6445
3.8072
2.9833
2.3199
1.5969
1.3515
3.2178
3.7763
1.8815
2.985
3.8818
2.1802
1.7179
3.4577
0.3072
1.1911
3.9157
0.2152
1.0578
0.4434
1.6515
4.1446
1.0741
0.099
1.5949
4.0386
0.6469
0.9438
1.3118
0.4441
0.1242
2.6285
3.3739
3.0834
0.8523
4.333
3.7
0.4165
4.3105
1.5522
2.8742
2.1626
1.4226
0.1392
1.1401
2.2463
0.5988
1.0654
0.6206
1.8792
1.417
0.9355
0.5137
0.3906
1.3094
1.969
4.0566
1.0605
2.7085
3.7403
3.9554
2.454
0.197
4.3283
3.1906
0.8629
3.7439
1.8317
2.8202
1.418
3.6723
0.1692
1.3453
3.0697
0.4469
1.8277
2.8158
3.7135
2.8474
3.8573
3.1924
3.0347
0.5119
3.2875
1.0138
4.1709
4.3339
4.1182
1.2007
4.1704
3.9926
3.5453
0.0745
2.1762
1.4146
0.2041
1.4371
3.5273
2.7923
3.7105
3.364
2.4032
2.185
1.309
2.3345
0.877
3.4743
1.4921
1.6066
2.2562
3.5383
4.2131
0.373
2.177
3.3954
4.0145
2.0268
1.9593
2.093
2.5392
1.6782
4.1606
1.6406
2.2559
3.7264
1.1288
1.9628
2.5931
0.7891
0.1463
3.6994
2.7866
1.1911
1.9547
2.9121
1.7631
4.2025
1.2771
3.4773
0.8295
0.0721
1.8979
0.5481
0.2285
2.1146
3.7212
1.1657
2.2097
3.8011
2.4539
3.116
0.1181
0.9504
1.3043
3.2924
3.8646
5.1921
1.5292
3.9252
1.4015
4.1928
0.7946
2.5683
1.5113
0.4609
2.5475
2.4202
4.0341
0.319
3.3318
1.3231
3.2579
0.0272
0.1871
0.1885
4.1491
0.6953
2.5146
1.6047
4.101
3.3845
2.291
1.1109
0.8813
1.8061
4.3053
2.6976
4.2675
1.628
1.5721
0.0562
0.8043
3.6267
0.7247
1.0614
1.4831
1.2183
1.9542
1.5999
1.8956
2.0247
2.482
1.4042
4.2246
4.1628
3.9295
0.3852
3.2931
2.4211
4.1543
3.3693
0.9206
3.9444
1.2625
1.7348
0.2417
5.0919
1.7053
4.2087
1.6151
0.6638
1.3794
0.9905
2.0766
2.8068
3.0064
2.1754
0.6327
3.2998
3.9762
2.1701
1.6318
1.9084
2.942
0.2626
0.8789
1.9225
3.5346
0.8491
2.85
1.5913
0.9892
2.2038
0.6943
4.0949
0.7621
0.3554
4.1314
0.6698
1.2115
0.2426
3.0579
1.7119
3.8252
2.0107
1.6708
1.2009
3.1506
2.7546
4.3103
0.42
1.8107
4.0146
4.3938
1.1277
1.0527
4.1272
2.5665
3.8459
0.289
4.3166
1.5892
2.7998
1.8084
0.6673
1.8247
1.6237
3.289
2.7855
0.0043
1.0827
2.8401
3.5004
1.4386
2.6443
1.9686
3.1556
3.8645
0.9767
0.6934
3.852
0.5968
0.8992
1.5508
1.6625
4.0214
1.6437
0.286
2.725
1.5815
0.3038
0.2963
2.4355
3.1442
4.2125
2.7231
3.1203
1.5634
2.2166
2.1325
2.4797
0.9339
2.8611
3.1533
1.6217
0.7666
3.8039
1.7098
1.4686
2.0927
1.0791
3.7293
1.7048
2.9525
3.6916
2.5147
3.7129
1.7432
2.4155
4.4639
0.1055
1.7651
0.2546
0.0582
0.9552
1.582
1.35
0.2624
3.2728
1.7601
0.8387
2.5427
0.7704
3.8742
0.1084
1.1958
3.6058
0.355
1.0506
2.1304
1.1779
4.2568
1.0305
2.9291
4.1837
1.3291
0.1718
3.9227
1.5568
3.0421
3.9254
2.2316
3.9301
1.3372
0.5011
1.7193
1.3806
2.228
1.1195
3.2193
0.7288
2.4177
3.0964
2.5568
1.7602
0.0533
1.5446
1.5699
2.4986
2.5117
0.0954
1.9253
4.3212
4.32
1.7845
0.3337
3.3516
1.6205
2.0101
2.7913
3.8396
0.4636
4.0868
0.3837
0.6524
2.1449
0.4241
3.2872
3.1741
3.9289
2.0834
3.1557
0.0126
4.0187
4.1543
0.1345
2.7325
2.7501
4.0256
4.1342
1.0172
3.9878
3.7105
1.0856
0.7947
1.4134
2.3886
3.1202
4.2994
2.1641
0.6568
1.7262
1.3967
2.2831
1.7744
2.9613
2.2403
1.2332
1.5536
0.1146
2.5146
1.9986
0.8442
1.3826
0.4061
2.6853
1.7409
3.9736
1.2356
1.0346
0.0957
1.2383
1.6348
2.4732
0.7365
3.2883
1.8049
3.8032
1.2473
0.0566
0.7814
2.2141
0.1197
1.4569
1.4198
0.9544
0.3856
3.0455
0.7363
3.4083
1.6208
3.5261
3.6176
1.2611
1.8818
2.2813
1.258
3.1478
0.0134
0.0666
0.586
1.3516
2.2389
3.519
0.3838
0.7361
0.6957
1.2369
0.7064
0.1268
1.0274
1.203
2.228
2.0407
4.3208
0.5332
2.3207
3.1377
4.0317
1.423
2.0741
3.3726
0.3547
0.8683
3.9268
0.4729
1.6711
2.4787
3.4259
0.6009
4.0515
2.0332
0.7406
3.3887
1.8783
0.3173
3.7413
2.6274
3.3358
2.3334
3.0025
3.9632
2.1483
1.4056
1.7749
0.5918
3.8343
0.622
2.3303
3.2131
2.3056
2.3823
2.1849
2.7142
1.1729
1.9882
0.1708
3.2432
4.0818
0.6309
3.0936
0.7222
0.1448
0.078
2.4647
4.2673
0.5625
1.7422
2.702
1.22
1.727
3.4656
3.8332
1.6536
0.5056
1.3212
0.5194
1.8685
1.9837
2.8672
0.1115
0.0407
2.3132
1.4708
2.884
2.1832
2.7434
0.7254
1.6911
0.7585
3.7408
1.0699
2.2048
0.7429
0.6255
0.361
3.809
0.2794
1.6227
2.2661
4.1965
2.5862
3.4529
4.2055
2.0891
0.6192
4.3234
0.8007
3.1237
0.8213
1.5733
3.1637
0.9808
0.4637
0.752
1.8748
1.6698
3.4165
0.3826
3.1299
3.9388
0.9699
1.7632
1.0514
0.2261
4.2652
0.1334
1.9104
1.8661
0.297
0.2356
2.0508
0.6393
2.648
1.9854
0.2548
1.1701
3.1751
2.0264
1.7621
1.7819
1.1826
0.6063
0.9454
3.8308
0.0387
2.4026
0.1508
4.2625
2.8573
4.0213
1.7876
2.8132
3.8729
3.6418
1.7533
1.8591
1.6431
3.5989
2.5443
3.2674
2.6241
2.0506
1.7325
0.7028
2.2292
3.3792
4.2226
1.6807
0.432
0.9385
1.9707
4.3253
2.2404
0.6862
1.2868
2.1526
0.6912
2.3181
0.8066
2.2098
3.3037
2.1784
3.8249
3.7099
0.0835
0.5793
2.8382
3.9008
0.2019
3.1552
3.0818
0.9084
0.205
3.7536
3.8874
0.9447
3.4942
2.2189
1.0622
1.7171
3.1344
3.2699
0.0151
2.3612
4.1004
2.6915
3.331
1.1917
1.0646
5.9957
3.1363
0.1828
0.4444
1.6328
2.1704
0.1245
0.2957
3.2348
0.5616
0.0353
0.7587
2.6628
1.4066
3.0124
0.0649
2.0477
1.1249
4.1154
0.5041
3.2243
1.4555
3.0498
1.6323
2.0103
1.4945
2.8498
0.1541
0.7262
4.1646
0.5986
2.1588
3.0403
3.5083
4.0258
2.2946
1.1401
0.2396
3.3531
1.3382
1.213
3.3283
1.2354
3.5378
0.8928
0.1258
3.3217
1.4871
0.1813
1.0627
4.2712
2.7278
0.0586
3.9987
3.9355
1.0409
3.3832
4.0734
2.5468
1.266
0.5465
3.4754
1.2133
2.3433
1.9798
1.2705
3.2271
2.0324
0.1815
1.0912
2.9304
3.0983
3.2003
1.5472
3.4424
1.3718
2.8714
2.6073
2.5233
2.2378
2.8557
3.8582
1.2002
0.9397
2.8242
3.3628
0.1474
1.8452
2.0303
1.9564
2.2621
3.7169
4.2238
0.0027
0.0688
1.8907
2.791
4.547
0.5343
0.7294
2.7211
2.082
0.1802
3.0875
1.9151
0.9095
3.868
0.3215
2.8461
3.1119
3.728
1.2184
0.6229
0.6232
2.8217
2.8064
0.9461
1.4199
2.5817
4.2755
3.1975
3.8808
1.7727
1.0359
2.6059
1.9218
3.6891
2.5529
3.3755
2.7481
1.9845
0.0844
2.9144
1.2287
1.1871
1.9138
1.5529
3.4405
2.7085
0.6183
0.8024
3.3408
1.3515
3.462
2.4565
1.5966
0.3921
0.1343
0.1785
1.9583
0.702
2.7856
0.5311
1.552
0.817
1.9883
0.6584
0.6501
2.6748
3.015
3.0682
4.0407
2.1793
1.5637
1.6564
1.8286
4.2447
3.183
2.0896
2.5735
2.5282
0.1197
2.3641
1.8842
3.0789
1.5327
3.8866
2.1156
2.214
0.4303
0.1924
3.5583
0.2757
3.3808
2.3711
2.6293
2.8688
2.8882
0.9288
3.4318
4.1419
2.8011
2.9991
4.17
3.8221
1.8697
0.3981
0.9367
1.2184
2.1264
4.0587
1.1819
0.0769
3.7616
4.4328
0.7233
1.7682
2.8401
3.4583
1.9799
3.6508
1.7382
0.1106
3.6732
0.2097
0.8115
2.2154
2.4032
1.8441
0.8853
3.306
0.2191
1.0494
1.01
3.1012
0.2833
1.1896
3.5439
2.0632
3.4148
4.1947
0.5905
3.6302
2.6698
3.6947
0.5578
0.1095
0.701
0.4901
0.5508
1.332
0.2457
0.1871
3.7034
2.1594
1.807
0.7579
0.6878
4.148
1.9208
1.6456
4.0403
0.6561
0.501
0.5429
2.8424
1.8086
3.7717
3.2454
0.2491
0.8025
3.5281
1.8374
2.3563
4.2203
1.2335
1.1806
1.1953
0.4154
1.0105
4.0784
1.876
1.2402
0.3641
1.2369
2.1575
3.5606
3.2596
1.0529
0.9914
0.5565
2.1273
4.0222
1.6525
1.1478
2.0975
2.2925
3.3475
4.2205
2.9365
3.8061
2.8045
3.9651
0.8255
0.7054
3.4287
4.0154
2.7456
4.2679
3.0179
0.2388
3.3657
0.8647
2.5024
0.1144
1.0932
0.6758
0.3196
3.2414
4.1575
1.1863
0.652
3.7533
0.1677
0.3319
2.3411
1.3819
0.8265
2.1993
1.8547
3.0101
2.0771
0.6353
0.5314
0.353
3.2739
0.4382
2.4505
1.6903
0.417
2.2874
3.8816
4.0451
1.7437
2.3009
0.3763
3.7698
0.3368
0.4492
2.9395
4.2698
0.9985
1.6707
3.5348
1.0604
2.2918
1.8154
1.8379
2.7518
1.0595
1.9609
0.1605
0.6138
1.4019
3.215
1.546
1.0491
1.0473
2.4824
3.22
2.9829
3.0707
1.0665
0.3885
3.6402
0.8754
3.7808
1.4721
1.6569
1.8724
1.3491
3.1444
2.1172
1.6365
1.5434
1.48
2.5185
4.1754
3.2265
2.6975
3.3061
1.8922
1.6778
0.1698
2.7813
0.2544
1.3382
2.8113
2.2029
1.3217
4.0605
1.5654
0.2917
0.4566
1.712
3.6914
1.8097
0.1435
4.1042
2.367
3.6227
1.8051
0.1143
1.0082
2.774
4.2228
4.1067
1.0876
3.4368
0.6363
0.2278
3.6643
0.3731
3.4749
0.8192
0.1533
2.5455
3.6656
1.3281
4.1509
3.6847
3.2908
0.6834
1.8541
1.8811
0.6006
3.1624
0.1994
0.2375
3.988
4.262
1.7771
4.2436
0.3899
3.4573
2.579
4.037
1.3535
3.1365
2.8567
1.73
3.0925
3.1356
3.8627
1.4315
3.7474
1.8053
0.1596
0.1553
2.7726
3.5708
0.0675
4.0653
0.0718
0.5431
2.0179
4.2891
2.0188
2.1018
0.2635
4.2825
2.2179
0.5549
3.2395
2.1113
0.4297
2.2278
3.4619
3.1406
2.5422
3.005
0.9373
3.9865
1.56
0.1032
3.4993
2.6349
2.6974
3.9819
3.1968
2.8816
3.619
2.7592
3.1345
3.2435
2.6585
1.0403
2.2956
3.6122
0.0284
0.6311
3.2898
3.9555
2.2136
0.8146
4.3241
1.9431
3.258
4.0125
4.0313
1.4038
0.4477
2.7862
2.3034
3.9532
3.8264
0.8866
1.163
1.4288
0.709
1.8707
1.5373
3.6262
0.6608
0.0694
3.7373
0.9386
2.5669
1.7648
1.7866
1.399
3.18
3.4737
2.9793
2.2097
3.1417
3.1119
3.8719
2.6883
1.7586
2.7173
0.5991
4.0527
3.6771
1.6897
2.9789
4.31
3.5057
4.0719
2.4644
3.3035
0.1975
3.2699
0.5658
4.3325
3.852
0.7891
3.1634
2.9168
1.2398
1.3104
3.9805
1.3876
0.8179
1.8995
0.382
1.9916
1.138
2.1408
2.9124
2.0245
2.1606
1.6965
4.1393
4.1439
0.7458
0.569
4.296
0.0222
1.0478
0.3868
3.0201
0.4382
0.0651
0.7004
4.1247
3.2565
0.6826
1.0124
3.0963
1.1993
4.2368
0.0508
1.26
2.7794
3.1761
0.7946
3.1422
1.2246
0.3859
1.782
3.3086
4.0707
3.1068
3.0841
2.5519
1.5506
1.2831
1.5927
3.5389
3.276
1.4166
1.618
0.104
1.3304
1.1522
1.3051
2.8495
1.278
2.0258
3.2716
2.2732
3.1418
0.0707
3.5881
3.4884
2.9986
2.4988
3.3627
1.4921
1.172
2.0564
0.515
5.3795
0.4524
3.0432
1.9474
0.1825
0.4714
0.091
1.9127
3.2802
1.3228
0.2679
3.5571
2.7612
2.5711
1.5233
3.6911
0.2827
1.763
1.2355
0.2365
0.9459
3.5305
0.9881
4.055
3.6899
1.1983
0.0954
1.2622
1.4767
2.5257
0.6852
3.3038
0.4677
2.3527
0.0454
0.9009
3.7147
0.1994
1.2862
3.2608
0.3248
2.2497
1.7743
4.305
0.1956
0.5399
1.2695
2.5708
2.8988
0.6278
1.7555
0.598
1.2848
3.1751
2.1595
2.737
0.9574
2.8147
2.0844
0.11
2.521
4.2149
2.5045
0.5527
0.6476
2.9252
1.1921
2.3243
1.1153
0.7719
0.4883
2.351
1.0863
0.6859
0.1682
0.1998
3.8666
3.8686
1.9829
2.7051
2.6611
3.4257
3.178
0.1347
1.1464
1.8387
2.0417
4.0536
4.2183
1.4175
0.5738
0.3873
3.0783
0.8509
2.7358
0.702
3.9017
3.1563
3.0477
2.0356
1.6169
0.1629
2.6295
2.8736
3.8126
2.1599
0.6132
3.2534
2.9101
2.1488
0.7028
3.6425
0.1154
3.4734
3.2476
1.7066
1.5376
2.5328
2.5437
4.0443
1.716
3.3191
2.443
0.825
1.0313
1.6487
0.3256
0.1472
2.6929
1.2201
3.0215
2.9985
3.9669
0.0256
0.6735
1.9551
3.1542
2.9257
1.6287
0.2213
3.6986
0.8715
3.4068
0.2615
2.5945
0.4861
2.2557
1.2682
3.6262
2.5892
3.6874
3.8123
2.1144
0.4201
1.7754
1.3509
2.914
0.6284
0.3441
2.6403
0.9146
2.1807
0.253
2.8495
3.5942
4.2199
2.8096
0.9743
1.6945
1.775
2.0341
3.8354
2.5429
1.5563
1.961
3.7233
1.9429
1.3179
4.2225
3.3159
2.9482
3.8156
1.0465
1.2111
4.0277
3.0062
0.7417
0.1985
2.9171
3.2014
3.3134
1.4011
0.1964
0.0091
3.2286
0.4741
3.3579
0.9393
3.0415
0.9217
1.251
2.0925
0.438
1.8098
1.7905
2.9973
1.258
0.5818
2.0046
1.0654
2.8518
3.582
3.5661
0.3331
0.6925
0.8669
0.4807
1.0313
1.0176
1.5737
2.0397
3.2692
3.0864
0.0931
1.5365
0.9662
2.2625
1.2595
0.1496
1.6783
2.7418
2.2086
0.5365
3.5659
2.1751
0.9522
4.0493
4.0341
2.564
2.2273
0.57
2.2034
2.8695
3.2801
2.4654
3.6367
0.402
4.2484
2.9059
1.118
2.5001
1.4243
3.1929
3.642
2.0511
2.1273
0.3095
0.5817
3.237
0.4224
2.9342
0.3309
0.9537
4.0361
3.5687
3.7272
0.0933
3.7248
3.0817
1.5785
2.5222
0.2654
1.9538
1.5876
2.8491
3.1089
1.1392
3.9783
1.0906
4.0485
1.3207
0.5057
0.1754
4.1857
2.5854
3.6565
4.2696
3.8917
4.2658
3.9686
2.9837
1.923
0.5674
0.1231
1.0792
1.1951
1.0938
0.0361
0.4658
1.4968
3.5718
3.0125
4.2572
0.3126
0.7545
3.733
2.7103
2.1216
1.6667
4.328
4.0795
2.8355
4.2686
2.3666
0.351
2.8343
0.4868
2.6491
0.7164
3.4576
3.7113
0.4846
2.4675
1.0494
0.8269
1.0742
0.3386
1.2132
1.2643
4.2952
2.7319
1.4833
2.0907
2.7262
1.7872
1.6473
3.5335
1.4458
0.7188
3.0889
0.2238
1.801
1.1525
1.9245
0.4846
3.1048
3.001
1.3539
0.4073
1.7209
1.4752
0.9008
1.5868
2.6896
1.4736
4.0583
1.923
0.9652
0.2301
1.6738
3.3129
1.1748
3.0096
0.0735
1.8331
0.8942
0.8838
1.1952
3.922
2.1483
3.2277
4.1647
0.6112
0.0923
2.8646
0.8828
4.1181
1.8806
1.5048
0.6222
0.9235
0.0014
1.7638
0.3345
1.0501
0.7483
0.6227
3.2164
1.7755
2.5728
2.4726
0.619
0.5655
3.5376
3.1226
1.34
3.2522
0.6662
0.6976
1.7526
3.9218
3.4937
3.6049
2.9127
3.9632
0.2382
2.6383
3.1628
1.5289
1.6876
2.3632
4.1375
1.8116
0.444
2.2871
0.8448
4.0888
3.216
3.1021
2.5909
0.1071
4.306
0.163
0.0352
2.2271
3.6641
2.9549
0.3364
2.4743
0.1452
4.0961
0.8823
2.4233
1.2735
2.1003
0.2939
3.4573
0.1672
3.8807
0.223
1.3352
1.9646
0.2077
0.87
4.3089
1.1502
3.3116
1.4469
3.3427
1.6274
0.5556
4.0917
0.351
1.7933
4.0495
0.5522
2.3492
3.437
3.2424
3.5925
0.1733
1.8824
1.4966
1.4468
0.7857
2.9691
3.5188
3.5048
3.1111
2.4656
0.3795
3.0028
0.9568
2.156
2.4472
3.6291
0.3106
2.528
2.0432
2.501
2.5855
0.7727
1.2425
4.3178
0.9329
0.6281
1.0885
3.9905
3.1997
3.1164
2.9011
4.2598
0.7992
1.3411
2.8779
0.0724
0.2284
1.4843
2.5945
1.9688
0.1377
0.612
0.7454
1.0707
0.1079
3.0639
3.6578
2.118
3.2071
2.0111
1.1729
0.4309
2.7003
0.8634
2.345
1.5684
3.9166
2.9316
3.8547
0.8131
3.8343
4.284
4.1467
1.025
0.4474
3.331
0.0228
2.5615
0.3413
2.2824
3.1739
3.0138
1.6672
0.242
1.8276
3.118
0.8163
2.6545
2.9887
0.0012
3.4288
0.2865
1.7821
2.4339
0.4562
2.2515
0.4009
2.5849
4.2099
3.2196
2.5788
1.9306
3.0857
2.1066
1.7545
4.3267
2.4695
3.6809
2.5799
1.8045
3.596
2.2634
4.0065
0.6337
2.0803
4.1374
3.4142
1.8209
1.5285
1.101
2.0829
2.4236
0.7919
0.2259
3.2768
0.7961
3.7471
3.7325
0.619
2.2651
0.8956
1.155
1.4774
0.8816
1.3365
1.6106
0.0205
3.7014
2.5789
2.5556
1.1234
0.9668
1.9964
1.7573
0.112
3.9492
4.2249
3.0396
1.1853
0.4945
2.2805
1.0526
1.9825
4.3149
3.107
3.0005
1.3968
0.9615
2.3449
1.6326
0.003
2.4418
2.0127
4.2459
0.5569
2.1854
0.6763
1.2356
0.9174
2.7925
0.9696
2.1979
1.3759
3.2032
1.6271
0.4083
3.4602
2.1737
2.7903
0.1185
1.5747
0.8748
2.7652
2.5686
4.063
1.705
3.7143
1.1686
2.3676
3.7245
3.5941
0.3137
0.359
3.612
2.6964
1.6184
1.4473
1.5865
3.44
3.5371
3.4617
3.1375
4.3161
3.5924
2.1692
0.1922
1.0214
4.1036
1.4586
